2.882892   6.325458e-26
1.611994   9.438713e-27
565.558214   8.674733e-28
762.317328   8.149659e-28
756.617576   5.569562e-28
495.886474   4.773097e-28
263.557398   1.022597e-27
460.529544   7.696412e-28
6.282242   1.285420e-27
411.061398   3.879862e-27
2.121000   2.327348e-26
1065.426876   1.335579e-27
1.788548   9.120839e-27
3.162876   8.866127e-28
2.159184   9.807898e-28
1.643258   9.624356e-27
5.638062   3.806030e-27
4.236960   6.763299e-26
2.709798   3.765121e-27
1.191068   1.957596e-26
1.558046   4.921517e-26
1.867208   2.083651e-27
2.476582   6.050144e-26
2.904690   1.434008e-27
6.137172   1.725230e-27
19.716270   9.037525e-26
5.745078   1.004894e-27
4.315240   5.354798e-27
14.602634   1.082328e-26
4.822030   1.742312e-27
7.340780   5.525539e-26
1.635392   5.539391e-27
10.187382   1.524924e-26
1.365500   7.253655e-27
2.401706   4.027247e-26
1.104020   1.519152e-27
30.447712   4.324620e-25
3.171834   3.991721e-26
1.856436   7.221086e-27
3.643784   8.769146e-27
860.922132   7.945975e-28
1.363494   1.647917e-26
4.467192   5.790483e-27
1.441354   2.590074e-26
2.238840   3.731596e-27
2.799084   4.067964e-26
7.429406   2.022968e-27
1.033870   2.705151e-26
10.150734   8.375288e-27
12.789162   1.227698e-25
3.668024   2.851782e-26
3.363752   2.557715e-26
77.815746   3.469348e-28
5.118820   7.182757e-27
347.375898   1.587678e-26
4.440020   5.092423e-27
4.173936   1.367331e-27
4.566062   3.770237e-27
3.643390   2.625614e-26
5.869760   8.505647e-26
6.241754   2.910412e-27
2.499588   3.491422e-27
1.765106   2.176184e-26
3.132020   4.230385e-26
2.893304   2.979545e-27
6.209988   9.386311e-27
400.755414   3.223549e-29
7.598448   8.389190e-28
8.276700   2.590148e-27
2.965020   2.642890e-27
5.642742   1.511179e-27
2.049758   2.055383e-27
3.111664   1.487954e-27
2.076806   1.558593e-27
60.450874   1.439413e-24
1.100374   7.885017e-27
9.974498   3.904101e-27
1.605322   1.649099e-26
124.052380   2.921633e-26
13.970552   8.770268e-26
39.604888   5.020615e-26
1.555192   7.559959e-27
8.130916   5.696687e-26
2.821056   1.215368e-27
2.415932   1.383330e-27
5.050898   6.125261e-27
35.907924   9.089400e-28
517.956958   2.553750e-28
6.711808   7.635625e-27
653.201134   2.969502e-27
5.970862   7.158311e-26
69.314814   5.486136e-28
1.924786   5.319797e-27
4.196190   1.115930e-26
1.607176   2.834126e-26
6.949932   7.415704e-26
8.435280   1.082881e-24
1.007762   3.285574e-26
1.646848   1.336678e-26
1.632980   2.100763e-27
10.919600   2.178328e-27
5.196274   1.049854e-24
10.221242   3.140103e-27
4.121430   2.627102e-27
1.647324   6.116852e-27
364.234476   1.279020e-27
2.051862   4.016664e-27
4.713520   2.542886e-27
3.920336   4.776947e-26
7.947270   1.236588e-25
1.113430   3.735458e-27
6.242852   2.446992e-26
88.108138   2.149054e-26
5.334472   4.794443e-27
11.993118   1.353394e-25
9.309412   1.271535e-26
1.825730   1.019168e-26
574.915718   1.943378e-27
1.386626   5.621733e-27
2.931412   1.054615e-26
3.654976   4.754779e-27
1.547698   2.136553e-26
3.100000   2.615167e-27
1.615340   1.355338e-26
3.666728   1.991974e-27
1.862950   1.385323e-26
5.041234   4.152621e-27
2.312478   6.149825e-27
3.768888   1.269684e-25
1.081714   3.461826e-26
6.416972   4.053310e-27
16.513048   1.582707e-26
22.389300   3.285691e-24
3.694096   4.625445e-26
1.570144   8.172728e-26
2.660906   1.303438e-26
6.481288   1.985614e-27
1.173746   2.142690e-27
2.775418   4.950860e-27
3.103884   1.123755e-26
9.571408   3.008048e-27
1.791958   2.133688e-26
1.248262   3.977321e-27
5.435474   4.471455e-27
1.577864   4.700104e-26
30.918528   2.726093e-26
3.477824   4.371664e-27
2.077904   5.147825e-27
6.120434   3.296334e-26
180.023686   2.065253e-27
4.524936   4.803479e-26
3.028864   2.309005e-27
2.072172   8.094026e-27
3.639320   5.300695e-27
2.023716   3.583471e-27
5.775548   2.576817e-26
7.887804   2.582143e-26
4.979762   5.219657e-26
18.734558   4.617276e-26
1.467470   3.147429e-27
1.275516   4.891065e-26
4.644472   1.197974e-25
2.104624   2.488034e-26
2.679904   3.130096e-26
2.704526   3.424632e-26
1.035396   2.385961e-27
1.384300   1.576340e-26
3.506254   5.465615e-27
22.845340   1.155744e-25
3.036940   5.936017e-27
3.010382   2.352377e-26
2.474858   3.517630e-26
1.839220   4.188041e-27
3.507146   1.039930e-26
6.031626   3.586370e-26
1.821982   4.635925e-26
1.455800   1.960643e-27
7.903102   9.333930e-26
4.229812   3.958485e-26
2.319868   1.056263e-26
9.825272   1.125234e-26
2.984692   3.009673e-27
7.822366   2.117622e-26
1.392192   4.254784e-26
1.203966   4.652059e-27
2.572344   2.078665e-27
6.513136   6.277080e-26
2.392924   2.267511e-27
2.439288   1.166545e-26
380.535676   2.796471e-27
4.515686   2.525476e-27
14.297798   1.059080e-25
2.598808   1.611605e-26
22.770186   1.553952e-26
18.624322   7.505498e-26
3.972520   5.390954e-27
1.108220   7.652195e-27
12.307790   9.436081e-27
1.615110   5.556839e-26
14.236912   5.879991e-27
2.984958   1.605228e-27
121.558898   3.267779e-27
1.216748   7.984739e-27
387.431374   2.879085e-27
6.527184   2.048345e-27
4.308414   8.868466e-27
1.738238   2.435619e-27
3.450794   3.027717e-27
3.918740   5.254753e-27
3.021184   1.440850e-26
69.320346   5.200427e-28
1.442618   6.611707e-27
1.708148   8.787146e-27
6.929966   8.401459e-27
267.586304   3.809225e-28
5.413794   9.336674e-27
6.129866   6.984541e-26
6.054588   2.643702e-27
10.078032   1.590122e-26
16.171984   2.385140e-25
11.074718   1.977101e-26
5.210634   5.190344e-27
5.765202   1.281550e-26
1.086954   2.039345e-27
2.110688   9.698478e-27
4.457962   8.789998e-27
4.734320   5.428725e-27
2.958222   1.334815e-27
10.146742   9.054116e-26
1.484338   7.304608e-27
3.245330   3.698575e-27
1.687766   1.770543e-26
5.043032   5.892651e-27
7.119838   2.917007e-26
31.649104   5.700623e-26
1.318800   3.406081e-27
7.912228   2.641796e-27
1.111484   1.727299e-26
3.582606   5.334523e-27
5.984210   2.070926e-27
2.437586   3.846591e-27
30.787300   1.868217e-26
2.270612   6.140602e-27
1.207408   5.785650e-26
7.698922   1.988136e-26
2.120536   2.759598e-26
3.959634   5.663672e-27
1.731194   4.279990e-28
4.905016   3.011126e-25
3.732854   3.750939e-27
8.168650   1.506039e-27
3.123860   5.484673e-27
7.368272   1.485939e-26
8.584560   2.514477e-26
10.778186   2.362706e-28
14.780428   1.731318e-25
4.174506   1.944392e-27
760.346200   5.123212e-28
9.865002   3.726398e-27
3.451748   2.937026e-26
3.876092   1.239574e-28
12.321076   8.432357e-28
2.936928   3.635985e-27
7.801748   4.776504e-27
11.417724   7.449480e-28
1.955272   5.643226e-28
1.683624   1.254239e-25
5.483876   4.648865e-26
3.595726   4.682434e-28
17.012040   1.070932e-26
3.714490   1.786477e-26
6.861828   8.362896e-27
5.077458   2.627970e-26
3.581768   8.802500e-28
2.960130   2.418988e-27
2.351102   1.726702e-26
7.316026   2.490391e-26
1.117424   3.065322e-27
5.311104   5.134126e-26
7.091904   1.740638e-26
6.934586   1.195594e-26
1.926910   2.882071e-27
4.993482   8.965827e-27
45.882896   7.759063e-28
2.996320   8.008894e-28
3.808986   1.353146e-26
3.377602   2.080194e-27
4.416956   1.112645e-26
6.475408   3.772651e-27
4.715528   7.728154e-27
7.148798   3.521288e-27
4.618042   1.594912e-27
2.198230   1.277439e-27
3.142608   9.631229e-28
5.346924   5.692321e-27
565.071412   3.163918e-28
2.534174   5.821055e-28
1.849858   4.474234e-27
9.238890   5.319889e-26
3.414360   6.325844e-27
4.766242   1.543849e-27
1.963762   6.725037e-27
3.193236   2.790047e-27
2.279880   8.604968e-28
1.480126   2.138945e-27
22.654698   2.440327e-28
3.541332   4.351260e-27
2.642386   1.921557e-27
7.788840   8.247021e-28
6.785186   2.232147e-27
1.787964   1.635493e-26
1.536206   2.582940e-26
1.446708   2.467761e-26
3.904404   1.307065e-26
5.148258   7.537655e-27
4.244258   5.465633e-28
7.267254   5.717479e-27
10.083942   9.805049e-27
4.603576   4.994547e-28
2.429132   8.403345e-28
7.827902   2.483124e-26
10.839978   2.090882e-26
3.039636   8.531675e-27
3.239876   8.793588e-27
3.015094   1.257917e-26
321.619318   4.485123e-27
10.838458   6.113125e-26
3.012822   1.140069e-25
41.873850   3.822299e-26
2.066444   2.321240e-27
3.498662   2.254736e-27
4.675498   9.170282e-27
4.182080   1.784551e-27
4.228094   3.103889e-27
2.036862   2.749321e-27
1.888872   3.655615e-27
4.303854   1.224260e-26
3.228652   3.197395e-27
5.021440   2.745365e-28
4.469096   6.429197e-27
2.746670   1.189761e-27
2.355058   9.780229e-27
2.355900   3.169559e-26
5.833874   3.336986e-27
7.654900   5.314532e-28
7.033550   4.668497e-27
4.749262   3.231528e-27
7.149774   3.463509e-26
4.362160   1.762937e-27
2.984908   3.040267e-26
3.952112   2.891913e-27
2.369364   2.182639e-27
3.683184   9.239497e-27
4.184180   7.073765e-27
2.523118   3.171300e-27
3.774204   2.299735e-26
10.179222   1.093193e-26
7.125604   8.947800e-27
3.754466   2.645228e-26
1.352520   2.102622e-27
1.277778   1.461605e-26
3.074868   2.716577e-26
5.786988   4.339238e-28
18.566962   2.931323e-27
9.617558   2.047565e-27
1.614218   1.044950e-26
14.592718   8.948445e-28
3.583078   2.646167e-27
5.282312   4.820133e-26
10.344484   1.077746e-25
3.188342   2.017900e-26
837.022946   2.159321e-28
3.703002   1.002220e-27
1.596062   6.987674e-27
3.278894   1.876305e-26
2.155702   6.290557e-27
7.711204   1.945250e-26
6.763630   8.988930e-27
3.180142   2.505270e-27
3.104138   8.224743e-27
1.648286   6.710429e-27
7.230578   3.391498e-28
3.941822   3.475418e-27
12.040336   2.899166e-25
15.686178   3.038372e-26
2.373072   4.363923e-26
5.010394   1.969489e-27
3.062324   3.477708e-27
3.238474   1.665043e-27
6.936034   5.508761e-27
9.386382   4.479572e-26
4.062198   6.647581e-27
2.850566   9.275009e-27
7.175418   1.841972e-27
3.779600   8.137311e-27
6.344676   4.834400e-26
5.063986   3.002572e-26
7.002198   7.910481e-26
6.839766   2.534859e-27
5.095814   2.149927e-27
6.766346   1.694303e-26
1.823476   4.549994e-27
1.195746   1.101123e-27
2.137272   2.615945e-27
58.621576   6.510981e-28
29.334168   1.156651e-25
2.596138   3.248871e-27
5.453544   8.195564e-27
1.954072   1.484061e-27
5.661506   4.353292e-27
2.825388   2.412255e-27
3.986206   2.491591e-27
3.410144   4.450078e-27
3.506984   2.124204e-26
2.618092   1.794019e-26
2.546340   2.656774e-26
6.528100   1.102991e-26
2.076092   4.556389e-27
4.228370   3.150886e-26
213.950144   4.009127e-28
4.277010   1.997983e-26
69.844868   2.327287e-27
4.351560   9.866059e-27
1.700912   3.174001e-27
4.316582   2.314822e-27
5.172970   5.171176e-26
12.903946   8.251859e-27
11.143008   5.413936e-26
345.285820   1.200670e-27
44.200094   1.030735e-27
250.400490   1.897560e-27
7.593682   3.457456e-26
1.143968   3.233936e-26
1.334546   9.365879e-27
5.118502   1.261469e-26
2.554446   1.758058e-27
3.734796   1.043539e-26
2.993540   1.539622e-26
2.375004   4.089245e-27
4.842788   2.371246e-26
2.378860   4.197784e-26
5.623428   8.173591e-27
6.974546   3.365333e-26
2.703864   2.746978e-26
22.491682   6.788964e-26
5.899036   4.673285e-27
2.118932   4.851652e-27
9.980852   1.768204e-26
6.633268   3.831456e-27
15.540722   1.463234e-26
13.275140   4.426996e-25
2.054532   1.376833e-26
4.397158   2.284176e-26
13.441178   2.491063e-26
6.977242   1.138281e-26
3.072966   3.300498e-27
360.127250   2.742178e-28
48.857960   9.398067e-28
3.855364   5.575712e-27
1.594830   2.693983e-27
5.058772   1.282698e-26
1.439258   2.076588e-26
25.569382   1.479968e-25
1.792036   2.108236e-26
1.976882   1.694237e-26
7.133974   2.419910e-27
6.624976   2.524639e-27
1.907114   1.181616e-26
32.882714   1.646005e-27
3.798266   3.702809e-27
2.244002   3.133266e-27
2.432354   1.508465e-26
7.169570   7.147220e-26
5.604606   1.707083e-27
23.752494   1.049472e-25
1.778038   2.163413e-26
4.506284   2.190272e-27
1.461048   2.300340e-26
6.903958   1.379884e-26
4.620366   2.788972e-26
3.528992   2.766726e-26
6.510890   2.419309e-26
1.515428   3.055059e-27
2.269018   1.008129e-26
52.764266   5.852974e-27
1.308794   1.600226e-26
4.646148   2.631789e-27
7.227362   1.604998e-26
19.106774   1.372878e-26
2.369724   5.716634e-27
5.861444   2.396921e-26
3.948134   3.043139e-27
8.217190   2.834917e-26
1.990132   3.168989e-27
3.263088   2.582754e-27
6.760466   5.436562e-26
3.337532   2.374487e-26
1.121162   2.378959e-27
1.656222   3.395642e-26
2.820620   2.466239e-26
2.672194   7.869552e-27
3.104360   1.494038e-26
5.303372   4.733029e-26
11.201106   1.151128e-26
3.443290   1.881931e-26
3.090246   1.294202e-27
8.257968   5.548169e-27
13.731104   5.019936e-28
3.318190   1.696496e-26
11.700422   2.903986e-26
1.584194   8.990673e-27
6.936094   1.156840e-25
4.017900   2.671019e-27
2.667880   1.859307e-26
1.407336   2.444811e-27
4.411172   6.861540e-26
1.849578   2.196664e-26
3.755320   6.305424e-27
3.860186   1.446882e-27
2.010696   1.184247e-26
6.075576   3.386778e-27
3.363746   8.931121e-27
1.781988   9.017529e-26
2.089334   2.337301e-26
7.780402   3.209183e-26
10.285184   1.576636e-26
10.384150   2.307145e-26
555.875414   4.901165e-28
1.602992   3.090277e-27
6.933454   9.269772e-26
2.314206   5.997900e-26
2.439054   1.644163e-26
2.569660   1.941081e-26
7.065380   1.313058e-26
14.093580   6.222195e-27
4.031632   7.096098e-27
134.753164   5.057061e-28
6.108408   1.251755e-26
3.791714   5.277237e-26
5.858180   4.934764e-27
3.039454   1.281027e-26
1.973148   7.806330e-27
4.741402   3.676794e-26
5.835620   9.884980e-27
1.283766   6.247565e-27
8.012534   8.997237e-27
1.563230   6.368442e-27
1.963878   3.110201e-27
4.156976   2.056584e-26
2.543016   7.036545e-27
10.959404   4.056733e-26
1.542198   5.771449e-27
3.001030   2.603674e-27
5.640948   7.926455e-28
2.164892   1.065413e-26
4.138126   3.919875e-27
5.230454   8.395929e-27
4.371568   2.689267e-26
3.052408   8.149415e-27
8.632082   1.625847e-25
1.657274   2.358272e-26
4.910478   1.573050e-27
1.303774   5.867219e-27
3.492886   8.234892e-28
2.526766   1.133765e-26
5.540816   2.932661e-27
1.639890   5.310667e-27
1.949640   1.831919e-26
3.526838   1.285061e-26
28.836374   1.740137e-25
9.825456   2.329890e-26
1.729564   3.638067e-27
1.844984   1.809506e-26
5.377440   4.716129e-27
2.181174   3.998666e-27
4.369852   1.590245e-26
7.545114   4.568430e-27
1.863988   1.188611e-26
1.566850   9.381818e-27
180.574664   2.849137e-27
5.485608   1.951431e-27
2.755838   5.158178e-26
8.577650   1.291791e-26
2.295572   2.953774e-28
4.457090   1.267293e-26
4.344620   1.935541e-26
5.403344   2.226426e-26
6.804384   1.915976e-26
4.074508   1.499189e-26
14.210014   1.219996e-26
3.266210   9.053078e-27
5.674334   6.511280e-27
2.309546   2.723928e-27
333.299812   7.644374e-28
3.472394   2.426067e-26
3.577362   1.914215e-26
3.628176   4.091575e-28
2.786924   1.830541e-27
1.910566   1.002337e-26
1.170170   2.017100e-26
8.750280   2.933989e-26
2.458656   8.432968e-26
5.679520   1.189740e-26
4.581832   7.999910e-27
2.813612   2.226069e-26
3.942006   4.821186e-27
3.779852   5.640442e-27
4.077418   5.533361e-27
1.695796   2.310004e-27
1.254118   5.498746e-27
2.976350   1.040898e-26
1.660242   1.617050e-26
4.647202   4.268964e-27
16.839072   3.445140e-26
2.592802   1.839074e-27
7.909208   4.657054e-27
12.984700   8.652746e-26
1.715646   8.367288e-27
2.864260   5.903188e-28
1.782620   7.468836e-28
16.977706   1.111392e-26
7.190694   5.924355e-26
2.618028   9.387727e-27
5.873668   1.456042e-26
7.559782   1.813437e-26
3.403914   7.780623e-28
3.865446   3.166084e-26
632.247968   6.398908e-28
11.213776   8.875810e-27
2.705998   1.606025e-27
1.833166   3.716689e-27
432.746682   3.314675e-28
8.425200   4.696199e-26
1.483790   1.019925e-26
2.787426   2.799417e-26
4.395028   3.192893e-26
5.158764   1.875875e-26
4.867830   3.690180e-27
1.120064   1.380580e-26
8.635454   8.191437e-26
2.379026   8.404369e-28
3.773050   4.657958e-27
2.779882   1.064499e-26
3.176460   4.419022e-27
12.124910   5.351402e-26
1.969944   6.496365e-27
7.632840   1.454443e-27
2.296972   1.029371e-27
3.590544   4.274533e-26
6.718348   9.413891e-27
3.259608   3.011077e-27
1.143150   1.602456e-26
6.474216   1.274311e-27
6.464158   7.292598e-28
5.251138   3.248926e-26
12.787776   1.487101e-26
3.149328   6.732384e-27
2.245844   6.482075e-27
2.054668   2.776762e-26
2.369442   8.433982e-27
3.865158   1.389918e-26
1.139400   4.349408e-27
1.173888   1.118536e-26
2.183874   7.343604e-27
6.547780   1.970798e-27
6.556574   1.503239e-26
1.961994   1.606969e-27
3.264996   1.265911e-26
4.770084   9.390332e-28
2.525818   2.871764e-27
2.129550   1.810792e-27
1.569926   1.579719e-27
3.683676   7.717021e-28
2.739224   4.342857e-27
3.280802   1.674502e-26
1.714606   1.608496e-26
4.797616   1.263618e-26
3.120328   5.155758e-27
4.216016   1.928255e-27
5.661024   7.380074e-28
1.472422   8.410574e-27
1.338606   6.877147e-27
3.568220   3.699108e-28
7.047418   2.616858e-27
3.458034   2.393097e-27
6.193704   1.857164e-27
6.864796   2.463996e-27
5.123896   2.586425e-27
10.980818   8.335216e-26
8.788700   7.608125e-28
8.315184   1.427969e-25
2.486508   1.822656e-26
1.650458   5.677386e-27
1.144628   1.364412e-26
1.432254   1.079423e-26
6.529056   2.322547e-26
6.689244   8.029408e-26
7.830052   1.393822e-26
2.340600   1.429540e-26
6.270742   9.095235e-26
2.322698   1.362174e-26
3.411296   4.722242e-27
3.241602   6.157801e-27
3.442242   9.053852e-27
2.245690   8.060857e-27
7.505432   5.791566e-27
1.679228   1.591723e-26
2.889700   1.313045e-26
1.631612   3.843923e-27
1.541026   1.393506e-27
3.062534   6.234435e-26
19.519956   4.215440e-25
431.853862   3.895750e-28
4.465710   6.387221e-27
3.407236   1.802130e-26
1.152142   3.149324e-27
6.979312   2.201993e-27
2.224156   2.493215e-26
2.302014   9.759650e-27
4.297706   1.954754e-26
19.489704   3.105728e-27
7.832090   1.821280e-26
437.623688   9.823921e-28
1.249910   4.125656e-26
2.872412   2.793004e-27
2.565326   1.811929e-27
2.154922   5.269590e-27
7.181818   6.172629e-26
3.485866   2.883840e-27
3.173024   1.437461e-26
3.047390   4.431839e-27
2.930752   1.124273e-26
1.739888   2.259533e-27
1.842434   5.051317e-28
5.026926   1.563683e-26
5.715454   4.991322e-27
6.215168   2.244252e-27
1.551134   1.086492e-26
26.784548   7.992234e-26
3.387116   7.903099e-27
10.576722   1.204355e-26
8.493464   3.488651e-27
1.277464   2.784447e-26
3.223476   1.952941e-26
4.186594   1.959821e-27
1.237882   4.801234e-27
5.695984   1.520296e-27
1.991958   3.766341e-27
7.132060   3.795109e-26
4.950008   3.092952e-27
571.978696   6.706402e-28
4.191488   9.319775e-27
5.010228   1.607089e-26
8.468362   6.878733e-26
9.151052   4.562701e-27
9.865730   3.739354e-26
2.109178   6.648526e-27
1.637052   8.813754e-27
1.527756   6.559991e-27
8.336130   9.935525e-27
1.590094   8.242040e-27
1.937100   9.516589e-27
1.365122   7.322429e-27
1.801586   8.456923e-26
6.958178   7.745216e-27
2.265574   7.666119e-27
1.546670   6.562080e-27
5.181298   1.780094e-26
3.249188   1.763083e-27
2.308556   2.494970e-27
14.341008   1.478000e-25
246.220578   2.490873e-27
1.300030   8.484711e-27
2.410136   7.180977e-26
2.655874   7.215093e-27
3.184812   1.941732e-26
4.134196   7.064432e-27
6.008050   4.353976e-27
6.183640   4.147175e-27
376.467030   7.171712e-28
2.294412   3.783177e-27
5.924420   4.927826e-26
3.031248   5.839541e-27
2.603542   6.562576e-27
5.524068   4.065274e-27
1.605246   7.335803e-27
3.560124   4.037256e-27
2.382670   3.364981e-27
3.265180   9.584217e-27
1.710852   1.519744e-25
4.769456   1.003387e-26
5.698602   1.970614e-26
1.255950   1.568571e-26
3.977702   1.654517e-26
5.030374   4.441150e-26
2.601890   3.997672e-26
4.440178   7.602024e-26
2.450160   2.936842e-27
2.602476   1.750161e-26
341.874746   8.295951e-28
1.010690   1.530913e-26
5.720972   2.078440e-26
4.510620   8.850564e-26
3.639688   1.764800e-27
2.738328   1.966279e-27
6.194206   3.943941e-26
3.777570   1.964716e-26
8.540838   3.825922e-27
1.645146   3.268443e-27
17.487420   7.457216e-26
8.357110   1.102333e-26
2.279044   2.488928e-27
5.851846   5.384974e-27
2.490504   7.176946e-27
3.296066   2.152915e-25
12.979666   2.210284e-25
1.181574   2.923330e-27
3.506868   1.566576e-26
3.883490   1.484622e-26
547.895836   1.607090e-27
3.904638   1.041106e-26
1.469790   1.438051e-26
5.767064   2.138743e-27
2.239746   3.108513e-27
8.946232   9.205243e-27
1.056106   1.105648e-26
1.967828   1.177253e-27
4.849648   1.461012e-27
4.497970   2.996539e-26
4.934166   5.699144e-27
1.609648   3.002645e-27
10.357038   2.346265e-26
6.532382   8.723344e-27
490.852248   2.483267e-27
1.138170   1.488382e-26
1.187996   7.310764e-27
1.876066   3.121456e-26
11.597944   5.248852e-28
5.443232   6.597619e-26
1.913130   2.725461e-27
103.218864   7.492284e-28
1.723258   4.556234e-27
1.890094   6.089820e-27
2.115900   4.848846e-27
20.240302   2.548712e-25
5.074424   1.227320e-26
6.929942   3.570369e-27
4.516320   3.282386e-27
1.501152   1.207588e-26
3.279368   1.010938e-26
2.287058   6.816204e-27
1.497692   5.467047e-27
2.196926   2.670944e-27
2.805860   1.386280e-26
2.223762   2.698697e-27
2.923918   1.185529e-27
2.694138   3.260990e-26
5.065398   8.834414e-27
510.872230   9.485207e-28
3.648136   1.106728e-26
3.555192   6.328045e-26
4.889368   1.182340e-26
10.469192   6.189430e-27
3.123880   7.778458e-27
3.785466   1.293152e-26
31.768780   1.696458e-27
5.529588   5.850845e-27
5.092896   1.568956e-26
2.725744   5.753192e-27
1.700726   5.413604e-26
1.991016   1.224841e-26
8.563820   2.484988e-26
7.634908   2.059857e-27
2.982938   3.346152e-27
4.938512   5.764176e-26
70.270146   1.649062e-27
8.543336   5.389759e-26
10.792720   1.272872e-26
225.480128   1.019731e-27
2.111362   8.315977e-27
2.887872   3.115608e-26
4.648154   3.336608e-27
1.662658   1.057651e-26
2.608560   5.868491e-27
4.338638   3.494123e-26
2.504848   2.979906e-27
2.734088   3.845226e-27
7.851748   2.943589e-27
2.466950   7.804996e-27
3.578530   5.898660e-27
2.090850   4.373982e-26
3.481892   3.765567e-26
1.853648   1.429523e-26
2.553674   4.363893e-26
1.111560   1.375525e-27
16.009708   1.767742e-25
2.170396   6.769746e-27
4.810046   3.110622e-26
1.848586   1.358713e-26
551.709426   5.414688e-28
1.803874   4.216579e-27
4.565030   3.891061e-28
5.329114   3.228976e-26
1.443414   3.427024e-27
3.608404   5.651767e-27
3.885974   5.108340e-27
158.132848   5.770450e-28
3.514894   8.145287e-27
14.968130   2.047761e-25
5.980586   1.591387e-27
3.727200   3.505527e-27
4.508070   3.372419e-27
86.576882   4.311304e-28
3.505632   2.394012e-27
214.063302   1.439998e-27
9.144464   1.088756e-26
4.398982   5.557789e-27
1.693094   2.320941e-27
4.928906   9.758529e-27
5.589610   6.091545e-27
3.023880   4.986760e-28
3.826884   1.174569e-26
2.992626   4.402481e-27
2.273268   3.487408e-28
4.151192   4.034662e-26
12.215428   2.966578e-27
2.416112   1.014021e-26
4.307556   1.755296e-27
2.177676   1.493935e-26
2.282990   5.849912e-27
3.350122   3.403925e-27
8.297566   6.524831e-28
5.480770   2.212234e-26
2.847326   1.142424e-26
6.371746   9.949406e-28
2.233924   5.130060e-27
1.778598   1.089265e-26
24.170094   1.205851e-25
4.599696   9.551058e-27
2.324534   7.305047e-28
7.661388   1.542392e-26
9.207530   1.428653e-27
13.010984   2.655460e-27
60.934286   4.276340e-28
4.331698   1.964892e-26
2.162292   3.512969e-27
19.197182   1.267158e-28
3.587678   9.157770e-27
4.809856   5.607266e-27
1.659246   2.412338e-26
3.715120   5.443858e-27
2.519200   8.803482e-27
4.640468   2.068897e-26
1.634852   1.170169e-26
6.332420   1.296898e-27
2.148022   9.753961e-27
5.944868   1.019593e-27
4.689702   6.428990e-27
6.088016   1.318278e-27
2.662190   8.358225e-27
1.451518   2.589771e-27
2.088852   6.808598e-27
10.078830   5.567760e-26
1.600098   1.784578e-26
2.556520   1.197667e-26
3.373334   2.360965e-27
9.189374   4.329179e-26
3.364172   4.249910e-27
9.177558   7.832534e-28
5.167732   1.549152e-26
8.904568   5.551689e-27
5.201740   5.982108e-27
6.861330   8.314505e-27
3.671076   6.662401e-27
2.128362   5.334376e-27
3.628884   1.294945e-26
1.886146   3.361396e-27
2.347288   4.331544e-27
6.633722   4.991067e-27
1.440780   1.507484e-27
1.319526   1.080255e-26
1.118262   2.462135e-27
8.828502   8.451811e-28
2.170470   5.841162e-27
6.453600   1.660418e-27
3.344058   3.382160e-26
5.929074   1.496070e-26
6.001630   2.868518e-26
1.463398   4.345194e-27
4.829622   2.982248e-27
1.207722   4.990962e-26
1.067082   6.312275e-27
9.312240   6.735256e-27
1.467548   9.677132e-27
1.119172   3.327269e-27
2.395670   2.434032e-27
2.051912   1.194781e-27
2.406288   3.258832e-27
4.381046   7.293962e-27
7.147230   9.002468e-27
367.646870   2.543202e-27
5.282670   9.398635e-28
7.040906   4.925176e-26
2.656372   4.643329e-27
2.632350   6.815564e-27
1.083110   1.294377e-26
3.240928   9.017310e-27
1.230462   4.534940e-27
1.221902   1.582490e-27
4.589692   9.058495e-27
10.563288   2.574158e-26
654.811330   3.783607e-27
5.517362   1.611021e-26
5.564920   4.397927e-27
4.851660   4.111056e-27
1.721550   3.077699e-27
1.328132   4.932319e-27
2.567560   1.195158e-26
2.600834   2.100049e-25
7.163660   4.212045e-26
19.711064   1.681325e-25
5.234604   3.947602e-27
8.138116   8.364258e-27
7.393660   7.986746e-27
3.902074   2.139442e-26
2.696728   7.673684e-27
7.423500   6.744088e-27
13.055088   1.082063e-26
8.119270   5.429852e-26
27.757872   5.029579e-26
2.324684   3.427531e-27
3.887094   3.176569e-27
6.511838   1.972239e-26
10.042812   1.248920e-26
48.768802   1.215051e-27
6.281390   1.812346e-26
4.937744   8.660527e-26
5.785396   2.906287e-27
13.113726   3.531286e-26
2.592378   1.023433e-27
3.267264   4.067104e-27
29.732330   6.558751e-26
3.937432   4.565166e-27
3.089792   5.327054e-26
6.054110   1.412553e-26
3.745898   2.954625e-26
2.687106   2.040645e-26
1.058518   5.203992e-27
23.450988   4.658052e-26
2.912462   3.908039e-26
1.314454   3.385721e-27
4.136856   2.207735e-26
32.328106   3.384438e-25
3.156364   2.751322e-27
3.839108   1.371536e-27
6.893980   5.514489e-27
6.069214   6.799710e-27
4.099086   7.469708e-27
6.302888   3.660539e-27
3.898788   5.593665e-26
2.536932   2.389470e-26
3.277298   4.149847e-28
5.581820   2.610193e-27
1.364576   4.692490e-27
6.539578   4.548234e-26
2.375680   9.210777e-27
1.838660   2.333228e-27
2.327768   1.919693e-26
13.760190   2.997120e-26
5.269590   2.127166e-27
6.612704   4.383691e-26
12.054948   9.216372e-26
2.982912   1.751696e-27
5.645946   1.193834e-26
3.554224   2.163569e-26
4.374022   5.325199e-27
11.188414   1.564518e-26
1.049424   3.288287e-27
4.223754   2.170140e-27
1.018572   7.418699e-27
3.241298   1.650131e-26
9.947152   2.060949e-26
20.769682   8.911658e-26
1.066088   1.495765e-26
3.234374   2.497297e-26
1.051542   1.642083e-26
5.251676   5.360391e-26
8.499672   6.514334e-26
2.157084   1.249059e-27
1.641560   9.308975e-27
8.375988   2.704109e-26
3.839216   2.086858e-26
13.381448   1.185449e-26
3.416940   1.319032e-26
4.124446   5.695944e-27
4.448912   1.106060e-26
4.773624   3.264238e-26
1.046338   9.848962e-27
1.210022   1.424748e-26
2.507906   1.509714e-26
2.327290   1.685643e-26
2.092768   6.875085e-27
1.824086   8.532456e-27
2.125486   8.095570e-27
2.650866   5.399450e-27
10.744224   2.886110e-26
5.244948   1.729586e-26
67.175464   4.182923e-27
3.015130   1.846461e-26
1.206522   2.463030e-27
9.800650   1.033576e-25
4.486830   1.199798e-25
1.498624   1.405483e-27
5.656068   4.272812e-27
1.086990   3.227224e-27
8.571690   1.479827e-26
6.389442   1.197701e-27
4.240850   3.008504e-27
1.897122   9.908867e-27
4.939252   7.609877e-27
3.797356   3.989385e-26
3.543112   7.049414e-28
5.803110   1.896446e-26
2.271874   2.676794e-26
2.555588   1.859442e-27
2.985644   6.865826e-27
15.115602   8.102927e-27
2.557762   9.680793e-27
2.649136   4.405387e-27
10.437648   1.850326e-26
3.728466   3.219582e-26
1083.619508   9.318479e-28
3.427296   9.776109e-27
2.018110   1.820798e-26
7.821688   2.538567e-26
5.326752   2.550195e-26
3.939162   2.441394e-26
3.119648   9.055738e-27
3.809168   1.266324e-26
7.422712   4.983597e-27
5.967254   2.119116e-27
4.108878   2.664783e-26
1.406812   4.508232e-27
9.632254   2.547647e-26
1.830918   1.663301e-26
19.103192   8.147037e-27
3.152812   2.007939e-26
9.698382   1.367010e-26
4.604340   4.046087e-26
5.712498   4.805152e-27
3.345774   7.591749e-26
2.087702   1.822595e-26
5.867992   9.714911e-28
2.570152   1.355640e-26
3.032912   1.891605e-26
3.952908   7.355956e-26
6.085228   6.876322e-27
3.720074   2.843352e-26
7.284470   3.739048e-27
1.221650   7.616835e-27
8.888712   2.371702e-27
1.524136   5.511829e-27
6.716604   1.261923e-27
1.378056   3.906128e-26
3.688978   4.029081e-26
2.627450   5.675011e-26
7.255802   4.713283e-27
2.974064   4.969828e-27
2.992186   7.695380e-26
2.097790   7.039653e-26
5.787340   1.685762e-26
1.848696   3.437312e-27
2.724110   3.388442e-27
7.025000   1.571548e-26
1.659334   2.249635e-26
2.205128   4.660007e-26
1.419380   1.617208e-26
2.098236   6.545509e-27
4.595654   1.484307e-26
4.274472   1.739739e-26
2.088226   1.350300e-26
1.508126   1.049520e-27
4.429946   9.736776e-27
4.662234   1.365855e-26
3.815696   4.128072e-26
5.946414   5.754523e-27
5.026618   3.126341e-26
7.257484   5.873140e-26
2.209610   4.144527e-27
15.822756   1.173996e-26
488.782756   7.402802e-28
19.716916   2.869357e-26
1.744296   9.276529e-27
3.489202   3.250798e-27
2.365890   1.582196e-26
1.191820   1.924092e-27
7.731422   6.309315e-27
5.790368   4.350624e-27
7.478324   2.154094e-25
3.224678   4.151494e-27
4.759048   1.083938e-27
5.398352   1.580322e-26
5.603356   3.787093e-27
4.809738   2.904181e-26
372.988162   1.608466e-27
14.310240   7.343002e-26
3.169658   8.002084e-27
5.715082   9.907895e-27
3.976746   8.892554e-27
2.681584   5.082460e-27
1.915136   2.104867e-26
2.141392   1.096886e-26
1.563486   7.936568e-27
3.266858   7.360245e-27
5.343856   2.301741e-26
5.129926   1.263227e-26
5.192188   4.716764e-27
6.939164   2.460772e-26
3.051338   1.067196e-26
3.105596   8.742555e-27
6.273186   1.127875e-26
1.538824   4.298241e-27
3.141766   2.981793e-27
3.605186   1.200123e-26
2.896132   3.008821e-27
3.253320   2.138637e-26
2.403840   1.248599e-27
1.092384   1.929858e-27
5.622318   2.268126e-26
2.494720   6.487453e-27
1.122380   1.009137e-26
1.022046   1.300438e-26
2.678892   2.704968e-26
2.969560   8.946122e-27
1.634284   5.862761e-27
4.099934   5.018052e-27
1.311758   1.045270e-26
2.742342   1.361186e-26
4.630840   8.150671e-27
5.345920   2.263817e-26
5.599812   6.193293e-26
3.071322   2.678015e-27
6.634406   1.237082e-26
1.077256   2.436581e-27
14.334386   3.643255e-27
28.131414   2.498042e-28
7.594608   2.244808e-26
5.271660   7.895403e-27
2.663796   4.498259e-27
3.109544   8.028306e-27
3.086228   1.412392e-26
528.484692   6.807526e-28
4.532992   2.230439e-27
2.020802   5.682169e-26
7.482930   7.800250e-27
1.916880   9.165740e-27
1.554528   1.728212e-27
13.881954   6.670129e-26
2.579498   1.868296e-27
1.962530   1.033857e-27
2.418094   5.444016e-27
1.618440   9.572215e-27
5.683764   6.165569e-27
8.328016   1.705250e-26
1.756848   3.547661e-27
5.499396   3.660727e-26
3.480088   4.024648e-27
8.845366   6.771296e-26
1.408292   5.235513e-26
2.408856   1.692639e-27
2.361852   2.946357e-27
6.872362   1.713630e-26
9.418294   8.653727e-26
10.787646   9.699956e-27
5.942572   2.942742e-26
5.296918   8.149358e-28
1.966668   1.819848e-26
2.020546   1.383209e-26
7.051182   1.802625e-26
2.645528   1.546937e-26
8.970650   3.935875e-26
2.007814   2.417258e-27
3.686968   3.167309e-27
678.631386   1.541256e-27
1.387212   9.404322e-27
3.963500   5.173015e-27
5.919702   3.545127e-27
4.416304   3.410702e-27
6.145992   2.126806e-26
401.317610   5.782943e-28
1.469936   1.470356e-27
612.334892   1.699868e-28
378.979742   1.145009e-28
221.354384   1.848753e-27
432.342462   9.623114e-28
4.343994   1.691322e-27
551.610686   1.000933e-27
4.885800   3.735982e-26
3.215556   7.583038e-27
1.610352   3.559542e-27
3.835292   6.235654e-27
2.421496   1.755275e-26
1.237524   9.812166e-26
14.879956   1.913473e-26
12.251464   7.580967e-26
2.389064   1.448742e-26
55.696944   5.505583e-26
6.534482   6.846358e-27
2.165936   1.384568e-26
3.327800   7.732354e-27
4.371330   3.912742e-27
2.882628   2.079246e-27
4.943880   2.939338e-26
33.881078   1.365582e-27
1.237446   4.036511e-27
6.303060   3.531358e-27
1.296424   1.882881e-26
5.834700   6.592671e-27
6.722822   1.332894e-27
3.179804   7.842617e-28
7.400434   2.699436e-26
7.096164   1.487693e-26
3.691726   1.374029e-26
4.545504   8.203837e-27
1.235836   2.383875e-27
10.275856   3.805256e-26
4.695968   8.214533e-27
1.693446   2.422454e-25
5.392536   9.807842e-26
261.579032   1.019149e-27
1.572006   1.883401e-26
1.246896   1.508491e-27
2.546078   3.648139e-27
3.922446   2.811706e-27
2.435950   3.263005e-27
3.235290   1.879147e-26
2.629222   1.265404e-27
1.495548   3.874567e-26
9.494494   3.693248e-26
1.705374   1.763719e-27
1.855418   5.612623e-27
3.654910   1.118996e-27
8.410778   7.023440e-27
1.862062   9.754567e-27
1.509522   1.292324e-27
3.449330   1.832990e-26
1.485870   8.750237e-28
4.142792   1.214380e-27
6.704356   1.451734e-26
1.397560   2.010133e-27
6.889300   1.657218e-27
29.099888   4.342530e-26
1.638712   6.631251e-27
2.631468   6.750830e-27
14.614002   3.771947e-25
6.362226   1.586960e-26
8.829334   1.599240e-25
7.456638   1.103674e-26
13.843728   5.187463e-26
3.500050   4.071406e-27
2.154420   1.840734e-27
2.457938   1.459289e-26
4.571906   2.160029e-27
564.424636   1.306342e-27
5.575092   1.313683e-26
3.056196   2.022621e-27
2.067528   6.187703e-27
9.951228   1.650572e-26
1.783228   1.574470e-26
1283.856522   7.942394e-28
3.099322   1.846351e-26
4.964530   8.277278e-27
2.208984   3.106017e-27
3.577280   4.433839e-27
2.872482   9.866722e-28
2.056706   2.026392e-26
4.482030   6.690081e-27
2.377676   5.203429e-27
1.001552   1.621042e-27
385.713042   1.143595e-27
1.912718   5.158990e-27
1.871420   9.490725e-28
2.084532   7.360103e-27
4.539074   7.006381e-27
1.498744   2.931823e-27
4.597064   2.326519e-26
4.066152   9.074810e-27
1.350672   2.499109e-27
2.788190   1.015200e-26
2.088518   3.512184e-26
7.272048   1.047203e-26
50.592958   1.238686e-25
2.347720   3.727561e-27
4.687388   3.839434e-27
326.095826   3.290239e-28
3.854026   2.300887e-26
6.580876   5.026562e-27
6.500200   1.160004e-26
1244.244062   1.704342e-27
2.870426   4.683710e-26
2.209782   4.253365e-27
7.233338   3.766226e-27
3.443104   3.566535e-27
6.140160   4.800929e-27
4.359818   7.400093e-27
3.394460   2.393287e-26
382.901824   5.997846e-28
8.688338   1.208161e-26
3.723402   9.767527e-27
3.584528   1.352662e-26
508.320692   1.182455e-27
19.282270   4.021412e-26
5.824076   2.215164e-26
3.779312   3.063958e-26
5.367412   3.673455e-26
5.022942   1.801256e-27
1.643650   1.157699e-26
3.172022   6.353439e-27
336.193358   7.935555e-28
3.232506   1.360358e-26
1.403934   1.499276e-27
1.268000   1.402552e-26
2.310520   6.015320e-27
20.805038   8.191079e-26
1.436044   6.396229e-28
5.056186   8.991935e-27
1.292876   6.485381e-27
1.757028   3.981330e-27
4.195204   1.272023e-26
1.019590   9.405625e-26
7.044710   9.523242e-28
443.592574   1.057556e-27
5.859326   1.836758e-26
2.453442   1.518927e-26
9.029034   5.913036e-27
4.820780   2.198839e-27
1.405380   1.519431e-26
1.662716   2.705737e-26
1.971056   4.283230e-27
4.543874   4.660403e-27
2.881622   1.281710e-26
405.587794   6.582918e-27
6.139276   7.714521e-27
35.629642   8.139410e-28
65.510846   1.029466e-27
429.974816   3.862069e-28
496.642362   1.759796e-28
53.106510   4.549424e-28
296.586546   1.177822e-28
536.718464   8.933323e-28
1.845846   6.191338e-27
124.591778   2.193243e-27
5.261214   1.240580e-27
6.020366   2.477380e-26
3.369650   1.958970e-26
1.455970   5.197010e-26
1.941744   2.882277e-26
1.242992   3.798633e-27
4.014862   9.129104e-28
1.311248   6.845889e-27
2.132164   7.491930e-27
2.143254   1.963215e-26
1.990856   3.756188e-27
5.344794   2.053346e-26
3.714236   2.355676e-26
7.107342   8.454554e-28
2.930238   4.789924e-26
4.514116   1.008113e-26
671.632426   3.942970e-28
38.741990   8.243390e-26
1.471946   3.045089e-27
33.463082   1.137228e-27
1.201562   1.884989e-26
3.351210   3.813172e-27
4.190824   1.312956e-26
2.524500   2.626451e-27
5.431146   1.572788e-26
1.657820   4.870874e-27
1.269128   8.803080e-27
1.875520   4.277228e-27
3.732534   8.539772e-27
4.209926   6.819608e-27
5.723546   1.520264e-26
1.384416   1.495310e-26
580.509216   3.571517e-28
415.936334   1.466454e-27
1.392458   3.289651e-27
8.559740   6.490560e-27
1.216824   8.723804e-26
4.037954   2.028734e-25
1.692816   1.395679e-26
2.116886   3.192331e-26
