1.000000   0.000000
1.003076   0.000000
1.006161   0.000000
1.009256   0.000000
1.012360   0.000000
1.015474   0.000000
1.018598   0.000000
1.021731   0.000000
1.024873   0.000000
1.028026   0.000000
1.031188   0.000000
1.034360   0.000000
1.037541   0.000000
1.040733   0.000000
1.043934   0.000000
1.047145   0.000000
1.050366   0.000000
1.053596   0.000000
1.056837   0.000000
1.060088   0.000000
1.063348   0.000000
1.066619   0.000000
1.069900   0.000000
1.073191   0.000000
1.076492   0.000000
1.079803   0.000000
1.083124   0.000000
1.086456   0.000000
1.089797   0.000000
1.093149   0.000000
1.096512   0.000000
1.099885   0.000000
1.103268   0.000000
1.106661   0.000000
1.110065   0.000000
1.113479   0.000000
1.116904   0.000000
1.120340   0.000000
1.123786   0.000000
1.127242   0.000000
1.130710   0.000000
1.134188   0.000000
1.137676   0.000000
1.141175   0.000000
1.144686   0.000000
1.148206   0.000000
1.151738   0.000000
1.155281   0.000000
1.158834   0.000000
1.162399   0.000000
1.165974   0.000000
1.169561   0.000000
1.173158   0.000000
1.176766   0.000000
1.180386   0.000000
1.184017   0.000000
1.187658   0.000000
1.191312   0.000000
1.194976   0.000000
1.198651   0.000000
1.202338   0.000000
1.206036   0.000000
1.209746   0.000000
1.213467   0.000000
1.217200   0.000000
1.220943   0.000000
1.224699   0.000000
1.228466   0.000000
1.232244   0.000000
1.236035   0.000000
1.239837   0.000000
1.243650   0.000000
1.247475   0.000000
1.251313   0.000000
1.255161   0.000000
1.259022   0.000000
1.262895   0.000000
1.266779   0.000000
1.270676   0.000000
1.274584   0.000000
1.278504   0.000000
1.282437   0.000000
1.286382   0.000001
1.290338   0.000001
1.294307   0.000001
1.298288   0.000001
1.302282   0.000001
1.306287   0.000001
1.310305   0.000001
1.314336   0.000001
1.318378   0.000001
1.322433   0.000001
1.326501   0.000001
1.330581   0.000001
1.334674   0.000001
1.338779   0.000001
1.342897   0.000001
1.347028   0.000001
1.351171   0.000001
1.355327   0.000001
1.359496   0.000001
1.363677   0.000001
1.367872   0.000001
1.372079   0.000001
1.376299   0.000001
1.380533   0.000001
1.384779   0.000001
1.389038   0.000001
1.393311   0.000001
1.397596   0.000001
1.401895   0.000001
1.406207   0.000001
1.410533   0.000001
1.414871   0.000001
1.419223   0.000001
1.423588   0.000001
1.427967   0.000001
1.432359   0.000001
1.436765   0.000001
1.441185   0.000001
1.445617   0.000001
1.450064   0.000001
1.454524   0.000001
1.458998   0.000001
1.463486   0.000001
1.467987   0.000001
1.472502   0.000001
1.477032   0.000001
1.481575   0.000001
1.486132   0.000001
1.490703   0.000001
1.495288   0.000001
1.499888   0.000001
1.504501   0.000001
1.509129   0.000001
1.513770   0.000001
1.518427   0.000001
1.523097   0.000001
1.527782   0.000001
1.532481   0.000001
1.537195   0.000001
1.541923   0.000001
1.546666   0.000001
1.551423   0.000001
1.556195   0.000001
1.560982   0.000001
1.565783   0.000001
1.570599   0.000001
1.575430   0.000001
1.580276   0.000001
1.585137   0.000001
1.590012   0.000001
1.594903   0.000001
1.599809   0.000001
1.604729   0.000002
1.609665   0.000002
1.614616   0.000002
1.619583   0.000002
1.624564   0.000002
1.629561   0.000002
1.634574   0.000002
1.639601   0.000002
1.644645   0.000002
1.649703   0.000002
1.654777   0.000002
1.659867   0.000002
1.664973   0.000002
1.670094   0.000002
1.675231   0.000002
1.680384   0.000002
1.685552   0.000002
1.690737   0.000002
1.695937   0.000002
1.701154   0.000002
1.706386   0.000002
1.711635   0.000002
1.716900   0.000002
1.722181   0.000002
1.727478   0.000002
1.732791   0.000002
1.738121   0.000002
1.743467   0.000002
1.748830   0.000002
1.754209   0.000002
1.759605   0.000002
1.765017   0.000002
1.770446   0.000002
1.775892   0.000002
1.781354   0.000002
1.786833   0.000002
1.792329   0.000002
1.797842   0.000002
1.803372   0.000003
1.808919   0.000003
1.814483   0.000003
1.820064   0.000003
1.825662   0.000003
1.831278   0.000003
1.836911   0.000003
1.842561   0.000003
1.848228   0.000003
1.853913   0.000003
1.859615   0.000003
1.865335   0.000003
1.871073   0.000003
1.876828   0.000003
1.882601   0.000003
1.888392   0.000003
1.894200   0.000003
1.900026   0.000003
1.905870   0.000003
1.911733   0.000003
1.917613   0.000003
1.923511   0.000003
1.929428   0.000003
1.935362   0.000003
1.941315   0.000003
1.947286   0.000003
1.953276   0.000004
1.959284   0.000004
1.965310   0.000004
1.971355   0.000004
1.977419   0.000004
1.983501   0.000004
1.989602   0.000004
1.995722   0.000004
2.001860   0.000004
2.008018   0.000004
2.014194   0.000004
2.020390   0.000004
2.026604   0.000004
2.032838   0.000004
2.039090   0.000004
2.045362   0.000004
2.051654   0.000004
2.057964   0.000004
2.064294   0.000004
2.070644   0.000005
2.077013   0.000005
2.083401   0.000005
2.089809   0.000005
2.096237   0.000005
2.102685   0.000005
2.109153   0.000005
2.115640   0.000005
2.122148   0.000005
2.128675   0.000005
2.135223   0.000005
2.141790   0.000005
2.148378   0.000005
2.154986   0.000005
2.161615   0.000005
2.168263   0.000006
2.174933   0.000006
2.181622   0.000006
2.188333   0.000006
2.195064   0.000006
2.201815   0.000006
2.208588   0.000006
2.215381   0.000006
2.222196   0.000006
2.229031   0.000006
2.235887   0.000006
2.242764   0.000006
2.249662   0.000006
2.256582   0.000007
2.263523   0.000007
2.270485   0.000007
2.277469   0.000007
2.284474   0.000007
2.291501   0.000007
2.298549   0.000007
2.305619   0.000007
2.312711   0.000007
2.319825   0.000007
2.326960   0.000007
2.334118   0.000008
2.341297   0.000008
2.348498   0.000008
2.355722   0.000008
2.362968   0.000008
2.370236   0.000008
2.377527   0.000008
2.384840   0.000008
2.392175   0.000008
2.399533   0.000008
2.406913   0.000009
2.414317   0.000009
2.421743   0.000009
2.429192   0.000009
2.436664   0.000009
2.444159   0.000009
2.451676   0.000009
2.459217   0.000009
2.466782   0.000010
2.474369   0.000010
2.481980   0.000010
2.489614   0.000010
2.497272   0.000010
2.504953   0.000010
2.512658   0.000010
2.520387   0.000010
2.528139   0.000011
2.535915   0.000011
2.543715   0.000011
2.551539   0.000011
2.559388   0.000011
2.567260   0.000011
2.575156   0.000011
2.583077   0.000012
2.591022   0.000012
2.598992   0.000012
2.606986   0.000012
2.615005   0.000012
2.623048   0.000012
2.631116   0.000012
2.639209   0.000013
2.647327   0.000013
2.655470   0.000013
2.663638   0.000013
2.671831   0.000013
2.680049   0.000013
2.688292   0.000014
2.696561   0.000014
2.704855   0.000014
2.713175   0.000014
2.721521   0.000014
2.729891   0.000015
2.738288   0.000015
2.746711   0.000015
2.755159   0.000015
2.763634   0.000015
2.772134   0.000016
2.780661   0.000016
2.789214   0.000016
2.797793   0.000016
2.806399   0.000016
2.815031   0.000017
2.823689   0.000017
2.832375   0.000017
2.841087   0.000017
2.849826   0.000017
2.858591   0.000018
2.867384   0.000018
2.876203   0.000018
2.885050   0.000018
2.893924   0.000019
2.902826   0.000019
2.911754   0.000019
2.920710   0.000019
2.929694   0.000020
2.938705   0.000020
2.947744   0.000020
2.956811   0.000020
2.965906   0.000021
2.975029   0.000021
2.984180   0.000021
2.993358   0.000021
3.002566   0.000022
3.011801   0.000022
3.021065   0.000022
3.030357   0.000022
3.039678   0.000023
3.049028   0.000023
3.058406   0.000023
3.067813   0.000024
3.077250   0.000024
3.086715   0.000024
3.096209   0.000025
3.105733   0.000025
3.115285   0.000025
3.124868   0.000026
3.134479   0.000026
3.144120   0.000026
3.153791   0.000026
3.163492   0.000027
3.173222   0.000027
3.182983   0.000028
3.192773   0.000028
3.202594   0.000028
3.212444   0.000029
3.222325   0.000029
3.232237   0.000029
3.242179   0.000030
3.252151   0.000030
3.262154   0.000030
3.272188   0.000031
3.282253   0.000031
3.292349   0.000032
3.302476   0.000032
3.312634   0.000032
3.322823   0.000033
3.333043   0.000033
3.343295   0.000034
3.353579   0.000034
3.363894   0.000035
3.374241   0.000035
3.384619   0.000035
3.395030   0.000036
3.405473   0.000036
3.415947   0.000037
3.426454   0.000037
3.436994   0.000038
3.447565   0.000038
3.458169   0.000039
3.468806   0.000039
3.479476   0.000040
3.490178   0.000040
3.500914   0.000041
3.511682   0.000041
3.522483   0.000042
3.533318   0.000042
3.544186   0.000043
3.555087   0.000043
3.566022   0.000044
3.576991   0.000044
3.587993   0.000045
3.599029   0.000045
3.610100   0.000046
3.621204   0.000047
3.632342   0.000047
3.643515   0.000048
3.654721   0.000048
3.665963   0.000049
3.677239   0.000050
3.688550   0.000050
3.699895   0.000051
3.711275   0.000052
3.722691   0.000052
3.734141   0.000053
3.745627   0.000053
3.757148   0.000054
3.768704   0.000055
3.780296   0.000056
3.791924   0.000056
3.803587   0.000057
3.815287   0.000058
3.827022   0.000058
3.838793   0.000059
3.850601   0.000060
3.862445   0.000061
3.874325   0.000061
3.886242   0.000062
3.898195   0.000063
3.910186   0.000064
3.922213   0.000064
3.934277   0.000065
3.946378   0.000066
3.958517   0.000067
3.970693   0.000068
3.982906   0.000069
3.995157   0.000069
4.007446   0.000070
4.019772   0.000071
4.032136   0.000072
4.044538   0.000073
4.056979   0.000074
4.069458   0.000075
4.081975   0.000076
4.094530   0.000077
4.107124   0.000078
4.119757   0.000079
4.132429   0.000080
4.145140   0.000081
4.157890   0.000082
4.170679   0.000083
4.183507   0.000084
4.196375   0.000085
4.209282   0.000086
4.222230   0.000087
4.235217   0.000088
4.248244   0.000089
4.261310   0.000090
4.274418   0.000091
4.287565   0.000092
4.300753   0.000094
4.313982   0.000095
4.327251   0.000096
4.340561   0.000097
4.353912   0.000098
4.367304   0.000100
4.380737   0.000101
4.394211   0.000102
4.407728   0.000103
4.421285   0.000105
4.434884   0.000106
4.448525   0.000107
4.462208   0.000109
4.475934   0.000110
4.489701   0.000111
4.503510   0.000113
4.517363   0.000114
4.531257   0.000115
4.545195   0.000117
4.559175   0.000118
4.573199   0.000120
4.587265   0.000121
4.601375   0.000123
4.615528   0.000124
4.629725   0.000126
4.643965   0.000127
4.658249   0.000129
4.672578   0.000131
4.686950   0.000132
4.701366   0.000134
4.715827   0.000136
4.730332   0.000137
4.744882   0.000139
4.759476   0.000141
4.774116   0.000142
4.788800   0.000144
4.803530   0.000146
4.818305   0.000148
4.833126   0.000150
4.847992   0.000152
4.862903   0.000153
4.877861   0.000155
4.892864   0.000157
4.907914   0.000159
4.923010   0.000161
4.938153   0.000163
4.953342   0.000165
4.968578   0.000167
4.983860   0.000169
4.999190   0.000171
5.014567   0.000174
5.029991   0.000176
5.045462   0.000178
5.060981   0.000180
5.076548   0.000182
5.092163   0.000185
5.107826   0.000187
5.123537   0.000189
5.139296   0.000192
5.155104   0.000194
5.170960   0.000196
5.186865   0.000199
5.202819   0.000201
5.218822   0.000204
5.234875   0.000206
5.250977   0.000209
5.267128   0.000211
5.283329   0.000214
5.299580   0.000217
5.315880   0.000219
5.332231   0.000222
5.348632   0.000225
5.365084   0.000228
5.381586   0.000230
5.398139   0.000233
5.414743   0.000236
5.431398   0.000239
5.448104   0.000242
5.464862   0.000245
5.481671   0.000248
5.498532   0.000251
5.515445   0.000254
5.532409   0.000257
5.549426   0.000261
5.566496   0.000264
5.583617   0.000267
5.600792   0.000270
5.618019   0.000274
5.635299   0.000277
5.652633   0.000281
5.670019   0.000284
5.687459   0.000288
5.704953   0.000291
5.722501   0.000295
5.740102   0.000298
5.757758   0.000302
5.775468   0.000306
5.793233   0.000310
5.811052   0.000313
5.828926   0.000317
5.846855   0.000321
5.864839   0.000325
5.882878   0.000329
5.900973   0.000333
5.919124   0.000337
5.937330   0.000342
5.955592   0.000346
5.973911   0.000350
5.992286   0.000354
6.010717   0.000359
6.029205   0.000363
6.047751   0.000368
6.066352   0.000372
6.085012   0.000377
6.103728   0.000382
6.122503   0.000386
6.141335   0.000391
6.160224   0.000396
6.179172   0.000401
6.198179   0.000406
6.217243   0.000411
6.236367   0.000416
6.255549   0.000421
6.274790   0.000426
6.294090   0.000432
6.313450   0.000437
6.332869   0.000442
6.352348   0.000448
6.371887   0.000453
6.391486   0.000459
6.411146   0.000465
6.430866   0.000470
6.450646   0.000476
6.470487   0.000482
6.490389   0.000488
6.510353   0.000494
6.530378   0.000500
6.550464   0.000506
6.570613   0.000513
6.590823   0.000519
6.611095   0.000525
6.631430   0.000532
6.651827   0.000538
6.672288   0.000545
6.692811   0.000552
6.713397   0.000559
6.734046   0.000565
6.754759   0.000572
6.775536   0.000580
6.796376   0.000587
6.817281   0.000594
6.838250   0.000601
6.859284   0.000609
6.880382   0.000616
6.901545   0.000624
6.922773   0.000632
6.944066   0.000639
6.965426   0.000647
6.986850   0.000655
7.008341   0.000663
7.029897   0.000672
7.051520   0.000680
7.073210   0.000688
7.094966   0.000697
7.116789   0.000705
7.138679   0.000714
7.160637   0.000723
7.182662   0.000732
7.204755   0.000741
7.226916   0.000750
7.249145   0.000759
7.271442   0.000769
7.293808   0.000778
7.316243   0.000788
7.338746   0.000798
7.361319   0.000807
7.383962   0.000817
7.406674   0.000828
7.429456   0.000838
7.452307   0.000848
7.475230   0.000859
7.498222   0.000869
7.521286   0.000880
7.544420   0.000891
7.567626   0.000902
7.590903   0.000913
7.614251   0.000924
7.637672   0.000936
7.661164   0.000947
7.684729   0.000959
7.708366   0.000971
7.732076   0.000983
7.755859   0.000995
7.779714   0.001007
7.803644   0.001020
7.827647   0.001032
7.851723   0.001045
7.875874   0.001058
7.900099   0.001071
7.924399   0.001084
7.948773   0.001097
7.973222   0.001111
7.997747   0.001125
8.022347   0.001139
8.047022   0.001153
8.071774   0.001167
8.096602   0.001181
8.121506   0.001196
8.146486   0.001211
8.171544   0.001226
8.196678   0.001241
8.221890   0.001256
8.247179   0.001272
8.272546   0.001287
8.297992   0.001303
8.323515   0.001319
8.349117   0.001336
8.374798   0.001352
8.400557   0.001369
8.426396   0.001386
8.452315   0.001403
8.478313   0.001420
8.504391   0.001438
8.530549   0.001455
8.556788   0.001473
8.583107   0.001491
8.609508   0.001510
8.635990   0.001528
8.662553   0.001547
8.689197   0.001566
8.715924   0.001586
8.742733   0.001605
8.769624   0.001625
8.796598   0.001645
8.823656   0.001665
8.850796   0.001686
8.878020   0.001707
8.905327   0.001728
8.932719   0.001749
8.960195   0.001771
8.987755   0.001793
9.015400   0.001815
9.043130   0.001837
9.070945   0.001860
9.098846   0.001883
9.126833   0.001906
9.154906   0.001930
9.183065   0.001953
9.211311   0.001977
9.239644   0.002002
9.268063   0.002026
9.296571   0.002051
9.325166   0.002077
9.353848   0.002102
9.382620   0.002128
9.411479   0.002155
9.440428   0.002181
9.469465   0.002208
9.498592   0.002235
9.527808   0.002263
9.557114   0.002291
9.586510   0.002319
9.615997   0.002348
9.645575   0.002377
9.675243   0.002406
9.705003   0.002436
9.734854   0.002466
9.764797   0.002496
9.794832   0.002527
9.824960   0.002558
9.855180   0.002589
9.885493   0.002621
9.915899   0.002654
9.946399   0.002686
9.976993   0.002719
10.007681   0.002753
10.038463   0.002787
10.069340   0.002821
10.100312   0.002856
10.131379   0.002891
10.162542   0.002927
10.193800   0.002963
10.225155   0.002999
10.256606   0.003036
10.288154   0.003074
10.319799   0.003112
10.351541   0.003150
10.383381   0.003189
10.415319   0.003228
10.447355   0.003268
10.479489   0.003308
10.511723   0.003349
10.544055   0.003390
10.576487   0.003432
10.609019   0.003474
10.641651   0.003517
10.674383   0.003560
10.707216   0.003604
10.740150   0.003649
10.773185   0.003694
10.806322   0.003739
10.839560   0.003785
10.872901   0.003832
10.906345   0.003879
10.939891   0.003927
10.973541   0.003975
11.007294   0.004024
11.041151   0.004073
11.075112   0.004124
11.109177   0.004174
11.143347   0.004226
11.177623   0.004278
11.212004   0.004330
11.246490   0.004384
11.281083   0.004438
11.315782   0.004492
11.350587   0.004548
11.385500   0.004604
11.420520   0.004660
11.455648   0.004718
11.490884   0.004776
11.526229   0.004834
11.561682   0.004894
11.597244   0.004954
11.632915   0.005015
11.668696   0.005077
11.704588   0.005139
11.740589   0.005202
11.776702   0.005266
11.812925   0.005331
11.849260   0.005397
11.885707   0.005463
11.922265   0.005530
11.958937   0.005598
11.995721   0.005667
12.032618   0.005737
12.069628   0.005807
12.106753   0.005879
12.143991   0.005951
12.181345   0.006024
12.218813   0.006098
12.256396   0.006173
12.294095   0.006249
12.331910   0.006326
12.369841   0.006403
12.407889   0.006482
12.446054   0.006562
12.484336   0.006642
12.522736   0.006724
12.561254   0.006807
12.599891   0.006890
12.638646   0.006975
12.677521   0.007061
12.716515   0.007147
12.755630   0.007235
12.794864   0.007324
12.834219   0.007414
12.873696   0.007505
12.913293   0.007597
12.953013   0.007690
12.992854   0.007785
13.032818   0.007880
13.072906   0.007977
13.113116   0.008075
13.153450   0.008174
13.193908   0.008274
13.234491   0.008376
13.275198   0.008478
13.316031   0.008582
13.356989   0.008688
13.398073   0.008794
13.439284   0.008902
13.480621   0.009011
13.522086   0.009122
13.563678   0.009234
13.605398   0.009347
13.647246   0.009461
13.689223   0.009577
13.731329   0.009695
13.773565   0.009814
13.815930   0.009934
13.858426   0.010056
13.901052   0.010179
13.943810   0.010304
13.986699   0.010430
14.029720   0.010558
14.072874   0.010687
14.116160   0.010818
14.159579   0.010950
14.203132   0.011084
14.246819   0.011220
14.290640   0.011358
14.334596   0.011497
14.378687   0.011637
14.422914   0.011780
14.467277   0.011924
14.511776   0.012070
14.556412   0.012217
14.601186   0.012367
14.646097   0.012518
14.691146   0.012671
14.736334   0.012826
14.781661   0.012983
14.827127   0.013142
14.872734   0.013303
14.918480   0.013465
14.964367   0.013630
15.010395   0.013796
15.056565   0.013965
15.102877   0.014136
15.149331   0.014308
15.195929   0.014483
15.242669   0.014660
15.289553   0.014839
15.336582   0.015020
15.383755   0.015204
15.431073   0.015389
15.478537   0.015577
15.526147   0.015767
15.573903   0.015960
15.621806   0.016154
15.669857   0.016352
15.718055   0.016551
15.766401   0.016753
15.814897   0.016957
15.863541   0.017164
15.912335   0.017373
15.961279   0.017585
16.010374   0.017799
16.059619   0.018016
16.109016   0.018236
16.158565   0.018458
16.208267   0.018683
16.258121   0.018910
16.308129   0.019141
16.358290   0.019374
16.408606   0.019610
16.459077   0.019848
16.509702   0.020090
16.560484   0.020334
16.611422   0.020582
16.662516   0.020832
16.713768   0.021085
16.765177   0.021342
16.816744   0.021601
16.868470   0.021864
16.920355   0.022130
16.972400   0.022399
17.024604   0.022671
17.076970   0.022946
17.129496   0.023225
17.182184   0.023507
17.235034   0.023792
17.288046   0.024081
17.341222   0.024373
17.394561   0.024669
17.448064   0.024968
17.501732   0.025271
17.555565   0.025578
17.609563   0.025888
17.663728   0.026202
17.718059   0.026519
17.772557   0.026841
17.827223   0.027166
17.882057   0.027495
17.937060   0.027828
17.992231   0.028165
18.047573   0.028506
18.103085   0.028851
18.158767   0.029200
18.214621   0.029553
18.270647   0.029911
18.326845   0.030272
18.383215   0.030638
18.439759   0.031009
18.496478   0.031383
18.553370   0.031763
18.610438   0.032146
18.667681   0.032534
18.725100   0.032927
18.782696   0.033325
18.840468   0.033727
18.898419   0.034134
18.956548   0.034545
19.014856   0.034962
19.073343   0.035384
19.132009   0.035810
19.190857   0.036241
19.249885   0.036678
19.309095   0.037120
19.368487   0.037567
19.428062   0.038019
19.487820   0.038476
19.547762   0.038939
19.607888   0.039407
19.668199   0.039881
19.728695   0.040361
19.789378   0.040846
19.850247   0.041336
19.911304   0.041833
19.972548   0.042335
20.033981   0.042843
20.095603   0.043357
20.157414   0.043877
20.219415   0.044404
20.281607   0.044936
20.343991   0.045475
20.406566   0.046019
20.469333   0.046571
20.532294   0.047128
20.595449   0.047692
20.658797   0.048263
20.722341   0.048840
20.786080   0.049424
20.850015   0.050015
20.914147   0.050613
20.978475   0.051217
21.043002   0.051829
21.107728   0.052448
21.172652   0.053074
21.237776   0.053707
21.303100   0.054347
21.368626   0.054995
21.434353   0.055651
21.500282   0.056313
21.566413   0.056984
21.632749   0.057662
21.699288   0.058348
21.766032   0.059043
21.832981   0.059745
21.900136   0.060455
21.967498   0.061173
22.035067   0.061899
22.102844   0.062634
22.170829   0.063377
22.239023   0.064129
22.307427   0.064890
22.376042   0.065659
22.444867   0.066437
22.513904   0.067223
22.583154   0.068019
22.652617   0.068824
22.722293   0.069638
22.792183   0.070461
22.862289   0.071294
22.932610   0.072136
23.003147   0.072988
23.073902   0.073849
23.144874   0.074720
23.216064   0.075601
23.287474   0.076492
23.359102   0.077393
23.430952   0.078304
23.503022   0.079226
23.575314   0.080158
23.647828   0.081100
23.720566   0.082053
23.793527   0.083017
23.866712   0.083991
23.940123   0.084977
24.013759   0.085973
24.087622   0.086981
24.161712   0.088000
24.236030   0.089031
24.310577   0.090072
24.385353   0.091126
24.460359   0.092191
24.535595   0.093269
24.611063   0.094358
24.686763   0.095459
24.762696   0.096573
24.838863   0.097699
24.915264   0.098837
24.991900   0.099988
25.068771   0.101152
25.145879   0.102328
25.223224   0.103518
25.300807   0.104721
25.378629   0.105937
25.456690   0.107166
25.534991   0.108409
25.613533   0.109666
25.692317   0.110936
25.771343   0.112220
25.850612   0.113519
25.930124   0.114831
26.009882   0.116158
26.089885   0.117499
26.170133   0.118855
26.250629   0.120226
26.331372   0.121611
26.412364   0.123012
26.493604   0.124428
26.575095   0.125859
26.656836   0.127306
26.738829   0.128768
26.821074   0.130246
26.903571   0.131740
26.986323   0.133250
27.069329   0.134776
27.152591   0.136319
27.236108   0.137878
27.319882   0.139454
27.403915   0.141047
27.488205   0.142656
27.572755   0.144283
27.657565   0.145927
27.742636   0.147589
27.827968   0.149268
27.913563   0.150966
27.999421   0.152681
28.085543   0.154414
28.171930   0.156166
28.258583   0.157936
28.345503   0.159724
28.432689   0.161532
28.520144   0.163358
28.607868   0.165204
28.695862   0.167069
28.784126   0.168953
28.872662   0.170857
28.961470   0.172781
29.050552   0.174725
29.139907   0.176689
29.229537   0.178674
29.319443   0.180679
29.409626   0.182705
29.500085   0.184752
29.590824   0.186819
29.681841   0.188909
29.773138   0.191019
29.864716   0.193151
29.956575   0.195305
30.048718   0.197482
30.141143   0.199680
30.233853   0.201901
30.326848   0.204144
30.420129   0.206410
30.513697   0.208699
30.607553   0.211011
30.701697   0.213347
30.796131   0.215706
30.890856   0.218089
30.985872   0.220496
31.081180   0.222927
31.176781   0.225383
31.272677   0.227863
31.368867   0.230367
31.465353   0.232897
31.562136   0.235452
31.659217   0.238032
31.756596   0.240638
31.854275   0.243269
31.952254   0.245927
32.050535   0.248611
32.149118   0.251321
32.248004   0.254057
32.347194   0.256821
32.446689   0.259611
32.546491   0.262429
32.646599   0.265274
32.747015   0.268147
32.847741   0.271048
32.948776   0.273977
33.050121   0.276934
33.151779   0.279920
33.253749   0.282934
33.356033   0.285978
33.458631   0.289050
33.561545   0.292152
33.664776   0.295284
33.768324   0.298445
33.872190   0.301637
33.976376   0.304859
34.080883   0.308111
34.185711   0.311394
34.290861   0.314708
34.396335   0.318053
34.502133   0.321430
34.608257   0.324838
34.714707   0.328278
34.821485   0.331751
34.928590   0.335255
35.036026   0.338793
35.143792   0.342362
35.251889   0.345965
35.360319   0.349602
35.469082   0.353272
35.578180   0.356975
35.687613   0.360712
35.797383   0.364484
35.907491   0.368290
36.017937   0.372131
36.128724   0.376007
36.239850   0.379917
36.351319   0.383864
36.463130   0.387845
36.575286   0.391863
36.687786   0.395917
36.800633   0.400007
36.913826   0.404134
37.027368   0.408297
37.141259   0.412498
37.255500   0.416736
37.370093   0.421012
37.485038   0.425325
37.600336   0.429676
37.715990   0.434066
37.831999   0.438494
37.948365   0.442961
38.065088   0.447467
38.182171   0.452013
38.299614   0.456598
38.417418   0.461222
38.535585   0.465887
38.654115   0.470592
38.773009   0.475338
38.892270   0.480124
39.011897   0.484952
39.131892   0.489820
39.252256   0.494731
39.372990   0.499683
39.494096   0.504677
39.615574   0.509713
39.737426   0.514792
39.859653   0.519914
39.982255   0.525079
40.105235   0.530287
40.228593   0.535539
40.352331   0.540835
40.476449   0.546174
40.600948   0.551559
40.725831   0.556987
40.851098   0.562461
40.976750   0.567980
41.102789   0.573544
41.229215   0.579154
41.356030   0.584810
41.483236   0.590512
41.610832   0.596261
41.738821   0.602056
41.867204   0.607899
41.995982   0.613788
42.125155   0.619725
42.254726   0.625710
42.384696   0.631743
42.515065   0.637825
42.645835   0.643955
42.777008   0.650134
42.908584   0.656362
43.040565   0.662639
43.172951   0.668966
43.305745   0.675343
43.438947   0.681770
43.572559   0.688248
43.706582   0.694777
43.841018   0.701357
43.975866   0.707988
44.111130   0.714670
44.246810   0.721405
44.382906   0.728191
44.519422   0.735031
44.656357   0.741922
44.793714   0.748867
44.931493   0.755865
45.069696   0.762917
45.208324   0.770023
45.347378   0.777183
45.486860   0.784397
45.626772   0.791666
45.767113   0.798990
45.907886   0.806369
46.049092   0.813804
46.190733   0.821294
46.332809   0.828841
46.475322   0.836445
46.618273   0.844105
46.761665   0.851822
46.905497   0.859596
47.049772   0.867428
47.194490   0.875318
47.339654   0.883266
47.485264   0.891273
47.631321   0.899339
47.777829   0.907464
47.924786   0.915648
48.072196   0.923892
48.220060   0.932196
48.368378   0.940560
48.517152   0.948985
48.666384   0.957471
48.816075   0.966018
48.966226   0.974627
49.116839   0.983298
49.267916   0.992031
49.419457   1.000826
49.571464   1.009685
49.723939   1.018606
49.876882   1.027591
50.030297   1.036640
50.184183   1.045753
50.338542   1.054931
50.493376   1.064173
50.648687   1.073480
50.804475   1.082853
50.960742   1.092292
51.117490   1.101797
51.274720   1.111368
51.432434   1.121006
51.590633   1.130711
51.749319   1.140484
51.908492   1.150324
52.068155   1.160233
52.228309   1.170210
52.388956   1.180256
52.550097   1.190371
52.711734   1.200556
52.873868   1.210811
53.036500   1.221136
53.199633   1.231531
53.363268   1.241998
53.527405   1.252536
53.692048   1.263145
53.857197   1.273827
54.022854   1.284581
54.189021   1.295408
54.355699   1.306308
54.522889   1.317282
54.690594   1.328329
54.858814   1.339451
55.027552   1.350647
55.196809   1.361919
55.366587   1.373266
55.536886   1.384689
55.707710   1.396188
55.879059   1.407764
56.050935   1.419417
56.223340   1.431147
56.396275   1.442955
56.569742   1.454842
56.743742   1.466806
56.918278   1.478850
57.093350   1.490974
57.268961   1.503177
57.445113   1.515461
57.621806   1.527825
57.799042   1.540270
57.976824   1.552797
58.155152   1.565406
58.334029   1.578097
58.513456   1.590871
58.693435   1.603728
58.873968   1.616669
59.055056   1.629694
59.236701   1.642804
59.418905   1.655999
59.601669   1.669279
59.784995   1.682645
59.968885   1.696098
60.153341   1.709637
60.338364   1.723263
60.523956   1.736978
60.710119   1.750780
60.896855   1.764672
61.084165   1.778652
61.272051   1.792722
61.460516   1.806882
61.649559   1.821133
61.839185   1.835475
62.029393   1.849908
62.220187   1.864434
62.411567   1.879052
62.603536   1.893763
62.796096   1.908567
62.989248   1.923466
63.182994   1.938459
63.377336   1.953548
63.572275   1.968732
63.767815   1.984012
63.963955   1.999389
64.160699   2.014862
64.358049   2.030434
64.556005   2.046104
64.754570   2.061872
64.953746   2.077740
65.153534   2.093708
65.353937   2.109776
65.554957   2.125945
65.756594   2.142215
65.958852   2.158588
66.161732   2.175063
66.365237   2.191641
66.569367   2.208323
66.774125   2.225110
66.979512   2.242001
67.185532   2.258998
67.392185   2.276100
67.599474   2.293310
67.807400   2.310626
68.015966   2.328051
68.225173   2.345584
68.435024   2.363225
68.645521   2.380977
68.856665   2.398839
69.068458   2.416811
69.280903   2.434895
69.494001   2.453091
69.707755   2.471400
69.922166   2.489822
70.137236   2.508358
70.352969   2.527009
70.569364   2.545775
70.786426   2.564657
71.004155   2.583655
71.222553   2.602771
71.441624   2.622004
71.661368   2.641356
71.881788   2.660828
72.102886   2.680419
72.324665   2.700130
72.547125   2.719963
72.770270   2.739918
72.994101   2.759995
73.218620   2.780195
73.443830   2.800520
73.669733   2.820969
73.896331   2.841544
74.123625   2.862244
74.351619   2.883072
74.580314   2.904027
74.809713   2.925110
75.039817   2.946322
75.270628   2.967664
75.502150   2.989136
75.734384   3.010739
75.967332   3.032474
76.200997   3.054342
76.435380   3.076344
76.670485   3.098479
76.906312   3.120750
77.142865   3.143156
77.380146   3.165698
77.618156   3.188378
77.856898   3.211196
78.096375   3.234152
78.336589   3.257249
78.577541   3.280485
78.819234   3.303863
79.061671   3.327382
79.304853   3.351045
79.548784   3.374851
79.793465   3.398802
80.038898   3.422897
80.285086   3.447139
80.532032   3.471528
80.779737   3.496064
81.028204   3.520749
81.277435   3.545583
81.527433   3.570568
81.778200   3.595704
82.029738   3.620991
82.282050   3.646432
82.535138   3.672026
82.789004   3.697775
83.043651   3.723679
83.299082   3.749739
83.555298   3.775957
83.812302   3.802333
84.070097   3.828868
84.328684   3.855563
84.588067   3.882418
84.848248   3.909435
85.109230   3.936615
85.371013   3.963959
85.633603   3.991467
85.896999   4.019140
86.161206   4.046980
86.426226   4.074987
86.692061   4.103163
86.958713   4.131507
87.226186   4.160022
87.494481   4.188708
87.763602   4.217566
88.033550   4.246597
88.304329   4.275802
88.575940   4.305182
88.848387   4.334738
89.121672   4.364471
89.395798   4.394382
89.670767   4.424472
89.946581   4.454742
90.223244   4.485193
90.500758   4.515826
90.779126   4.546643
91.058349   4.577643
91.338432   4.608828
91.619376   4.640200
91.901184   4.671758
92.183859   4.703505
92.467404   4.735442
92.751820   4.767568
93.037112   4.799887
93.323280   4.832397
93.610330   4.865101
93.898262   4.898000
94.187079   4.931094
94.476786   4.964386
94.767383   4.997875
95.058874   5.031564
95.351261   5.065452
95.644548   5.099542
95.938737   5.133834
96.233831   5.168329
96.529833   5.203030
96.826745   5.237935
97.124570   5.273048
97.423312   5.308369
97.722972   5.343899
98.023554   5.379640
98.325060   5.415591
98.627494   5.451756
98.930858   5.488134
99.235156   5.524728
99.540389   5.561537
99.846561   5.598564
100.153670   5.635809
100.461730   5.673275
100.770740   5.710961
101.080700   5.748870
101.391610   5.787002
101.703470   5.825358
102.016300   5.863941
102.330080   5.902750
102.644840   5.941788
102.960560   5.981056
103.277250   6.020553
103.594920   6.060284
103.913560   6.100247
104.233180   6.140445
104.553790   6.180879
104.875380   6.221550
105.197960   6.262459
105.521540   6.303609
105.846110   6.344999
106.171680   6.386632
106.498240   6.428507
106.825820   6.470629
107.154400   6.512996
107.483990   6.555610
107.814600   6.598474
108.146220   6.641588
108.478860   6.684953
108.812530   6.728572
109.147220   6.772444
109.482940   6.816571
109.819690   6.860956
110.157480   6.905599
110.496310   6.950502
110.836180   6.995666
111.177100   7.041092
111.519060   7.086782
111.862080   7.132737
112.206150   7.178959
112.551280   7.225449
112.897470   7.272208
113.244730   7.319238
113.593060   7.366541
113.942450   7.414116
114.292920   7.461967
114.644470   7.510095
114.997100   7.558500
115.350820   7.607186
115.705620   7.656152
116.061510   7.705399
116.418500   7.754931
116.776590   7.804749
117.135780   7.854853
117.496070   7.905245
117.857470   7.955927
118.219980   8.006900
118.583610   8.058166
118.948360   8.109726
119.314230   8.161582
119.681220   8.213735
120.049340   8.266186
120.418600   8.318939
120.788990   8.371993
121.160520   8.425350
121.533190   8.479011
121.907010   8.532980
122.281980   8.587256
122.658100   8.641842
123.035380   8.696740
123.413820   8.751949
123.793420   8.807473
124.174190   8.863312
124.556130   8.919469
124.939250   8.975946
125.323550   9.032743
125.709020   9.089861
126.095690   9.147305
126.483540   9.205073
126.872590   9.263169
127.262830   9.321592
127.654270   9.380346
128.046920   9.439433
128.440770   9.498852
128.835840   9.558608
129.232120   9.618699
129.629620   9.679130
130.028340   9.739900
130.428290   9.801012
130.829470   9.862468
131.231880   9.924268
131.635530   9.986416
132.040420   10.048912
132.446560   10.111759
132.853950   10.174958
133.262590   10.238510
133.672480   10.302416
134.083640   10.366681
134.496060   10.431304
134.909750   10.496287
135.324720   10.561634
135.740960   10.627344
136.158480   10.693420
136.577280   10.759862
136.997370   10.826674
137.418760   10.893858
137.841440   10.961414
138.265420   11.029344
138.690700   11.097649
139.117300   11.166335
139.545200   11.235398
139.974420   11.304843
140.404960   11.374672
140.836830   11.444887
141.270020   11.515487
141.704550   11.586477
142.140410   11.657857
142.577620   11.729630
143.016170   11.801797
143.456060   11.874358
143.897310   11.947319
144.339920   12.020679
144.783890   12.094441
145.229220   12.168604
145.675930   12.243175
146.124010   12.318152
146.573460   12.393537
147.024300   12.469333
147.476530   12.545542
147.930150   12.622165
148.385160   12.699204
148.841570   12.776661
149.299390   12.854540
149.758610   12.932838
150.219250   13.011562
150.681300   13.090710
151.144770   13.170285
151.609670   13.250291
152.076000   13.330728
152.543770   13.411599
153.012970   13.492904
153.483620   13.574647
153.955710   13.656828
154.429260   13.739451
154.904260   13.822515
155.380720   13.906024
155.858650   13.989981
156.338050   14.074386
156.818920   14.159241
157.301280   14.244551
157.785110   14.330312
158.270440   14.416532
158.757250   14.503208
159.245570   14.590347
159.735390   14.677947
160.226710   14.766010
160.719540   14.854540
161.213890   14.943538
161.709760   15.033007
162.207160   15.122948
162.706090   15.213364
163.206550   15.304254
163.708550   15.395623
164.212090   15.487471
164.717190   15.579804
165.223830   15.672618
165.732040   15.765920
166.241810   15.859709
166.753140   15.953987
167.266050   16.048759
167.780540   16.144025
168.296610   16.239786
168.814260   16.336045
169.333510   16.432805
169.854360   16.530067
170.376810   16.627834
170.900860   16.726105
171.426530   16.824886
171.953810   16.924176
172.482720   17.023980
173.013250   17.124296
173.545410   17.225129
174.079210   17.326481
174.614660   17.428354
175.151750   17.530750
175.690490   17.633669
176.230890   17.737115
176.772950   17.841089
177.316680   17.945595
177.862080   18.050633
178.409160   18.156206
178.957920   18.262315
179.508370   18.368964
180.060510   18.476153
180.614350   18.583885
181.169890   18.692162
181.727150   18.800988
182.286110   18.910361
182.846800   19.020288
183.409210   19.130766
183.973350   19.241800
184.539230   19.353392
185.106840   19.465543
185.676210   19.578258
186.247320   19.691533
186.820190   19.805376
187.394820   19.919786
187.971220   20.034767
188.549390   20.150318
189.129350   20.266447
189.711080   20.383149
190.294600   20.500429
190.879920   20.618291
191.467040   20.736736
192.055970   20.855765
192.646710   20.975382
193.239260   21.095585
193.833640   21.216381
194.429840   21.337768
195.027880   21.459750
195.627760   21.582331
196.229480   21.705509
196.833050   21.829289
197.438490   21.953675
198.045780   22.078664
198.654940   22.204260
199.265970   22.330466
199.878890   22.457286
200.493690   22.584718
201.110380   22.712766
201.728960   22.841429
202.349450   22.970716
202.971850   23.100624
203.596160   23.231156
204.222400   23.362316
204.850560   23.494103
205.480650   23.626521
206.112680   23.759571
206.746650   23.893255
207.382570   24.027576
208.020450   24.162536
208.660290   24.298137
209.302100   24.434381
209.945890   24.571272
210.591650   24.708808
211.239400   24.846993
211.889140   24.985830
212.540880   25.125320
213.194630   25.265467
213.850390   25.406271
214.508160   25.547734
215.167960   25.689858
215.829780   25.832645
216.493640   25.976099
217.159550   26.120223
217.827500   26.265014
218.497500   26.410477
219.169570   26.556616
219.843710   26.703431
220.519910   26.850921
221.198200   26.999094
221.878580   27.147950
222.561040   27.297488
223.245610   27.447714
223.932280   27.598628
224.621070   27.750234
225.311970   27.902531
226.005000   28.055522
226.700160   28.209211
227.397450   28.363596
228.096890   28.518683
228.798490   28.674475
229.502240   28.830970
230.208160   28.988172
230.916240   29.146080
231.626510   29.304703
232.338960   29.464037
233.053600   29.624086
233.770440   29.784851
234.489490   29.946338
235.210740   30.108542
235.934220   30.271472
236.659920   30.435125
237.387850   30.599505
238.118020   30.764614
238.850440   30.930455
239.585110   31.097028
240.322040   31.264337
241.061230   31.432380
241.802700   31.601164
242.546460   31.770691
243.292490   31.940956
244.040830   32.111970
244.791460   32.283729
245.544410   32.456238
246.299670   32.629497
247.057250   32.803507
247.817160   32.978273
248.579410   33.153795
249.344010   33.330078
250.110950   33.507119
250.880260   33.684923
251.651930   33.863491
252.425980   34.042828
253.202400   34.222929
253.981220   34.403804
254.762430   34.585450
255.546040   34.767868
256.332060   34.951063
257.120500   35.135036
257.911370   35.319791
258.704670   35.505327
259.500410   35.691646
260.298590   35.878748
261.099240   36.066644
261.902340   36.255323
262.707920   36.444798
263.515970   36.635062
264.326500   36.826122
265.139540   37.017982
265.955070   37.210638
266.773110   37.404096
267.593660   37.598355
268.416740   37.793419
269.242360   37.989291
270.070510   38.185970
270.901210   38.383460
271.734460   38.581760
272.570280   38.780875
273.408660   38.980804
274.249630   39.181553
275.093180   39.383120
275.939330   39.585509
276.788080   39.788720
277.639440   39.992756
278.493420   40.197619
279.350030   40.403311
280.209270   40.609833
281.071150   40.817186
281.935690   41.025375
282.802880   41.234397
283.672740   41.444258
284.545280   41.654959
285.420500   41.866500
286.298410   42.078885
287.179030   42.292116
288.062350   42.506191
288.948390   42.721116
289.837150   42.936889
290.728650   43.153517
291.622890   43.370997
292.519880   43.589332
293.419630   43.808525
294.322150   44.028578
295.227440   44.249489
296.135520   44.471265
297.046390   44.693905
297.960060   44.917409
298.876540   45.141782
299.795840   45.367024
300.717970   45.593138
301.642940   45.820127
302.570750   46.047989
303.501420   46.276730
304.434940   46.506344
305.371340   46.736842
306.310620   46.968220
307.252790   47.200484
308.197850   47.433629
309.145830   47.667666
310.096720   47.902590
311.050530   48.138401
312.007280   48.375107
312.966970   48.612707
313.929610   48.851202
314.895210   49.090593
315.863780   49.330882
316.835340   49.572077
317.809880   49.814169
318.787410   50.057166
319.767960   50.301071
320.751520   50.545881
321.738110   50.791602
322.727730   51.038234
323.720390   51.285776
324.716110   51.534234
325.714890   51.783608
326.716740   52.033898
327.721680   52.285110
328.729700   52.537240
329.740830   52.790294
330.755060   53.044271
331.772420   53.299176
332.792900   53.555006
333.816530   53.811769
334.843300   54.069461
335.873230   54.328086
336.906330   54.587645
337.942610   54.848142
338.982070   55.109572
340.024730   55.371945
341.070600   55.635258
342.119680   55.899513
343.171990   56.164713
344.227540   56.430859
345.286340   56.697954
346.348390   56.965996
347.413710   57.234992
348.482300   57.504937
349.554180   57.775837
350.629360   58.047695
351.707850   58.320511
352.789650   58.594283
353.874780   58.869019
354.963250   59.144717
356.055070   59.421381
357.150240   59.699008
358.248790   59.977606
359.350710   60.257171
360.456020   60.537707
361.564730   60.819215
362.676850   61.101698
363.792400   61.385160
364.911370   61.669597
366.033790   61.955015
367.159650   62.241410
368.288980   62.528789
369.421790   62.817158
370.558080   63.106509
371.697860   63.396846
372.841150   63.688175
373.987960   63.980495
375.138290   64.273807
376.292160   64.568113
377.449590   64.863420
378.610570   65.159720
379.775120   65.457020
380.943250   65.755321
382.114980   66.054626
383.290310   66.354937
384.469260   66.656253
385.651830   66.958579
386.838040   67.261912
388.027900   67.566260
389.221420   67.871619
390.418610   68.177994
391.619480   68.485385
392.824050   68.793796
394.032320   69.103225
395.244310   69.413678
396.460020   69.725153
397.679480   70.037657
398.902680   70.351182
400.129650   70.665742
401.360390   70.981328
402.594920   71.297950
403.833240   71.615605
405.075380   71.934297
406.321330   72.254024
407.571120   72.574795
408.824750   72.896604
410.082240   73.219458
411.343590   73.543354
412.608830   73.868302
413.877950   74.194293
415.150980   74.521336
416.427930   74.849435
417.708800   75.178583
418.993610   75.508789
420.282380   75.840055
421.575110   76.172378
422.871810   76.505761
424.172510   76.840211
425.477200   77.175723
426.785910   77.512303
428.098640   77.849952
429.415410   78.188672
430.736230   78.528462
432.061110   78.869329
433.390070   79.211272
434.723120   79.554295
436.060270   79.898399
437.401530   80.243582
438.746910   80.589848
440.096430   80.937199
441.450110   81.285645
442.807950   81.635176
444.169960   81.985798
445.536160   82.337514
446.906570   82.690330
448.281190   83.044240
449.660040   83.399252
451.043130   83.755362
452.430470   84.112577
453.822090   84.470903
455.217980   84.830332
456.618160   85.190870
458.022660   85.552524
459.431470   85.915287
460.844620   86.279172
462.262110   86.644170
463.683960   87.010288
465.110190   87.377532
466.540800   87.745896
467.975810   88.115387
469.415240   88.486011
470.859100   88.857764
472.307390   89.230648
473.760140   89.604666
475.217360   89.979824
476.679060   90.356119
478.145260   90.733559
479.615970   91.112139
481.091200   91.491866
482.570960   91.872739
484.055280   92.254762
485.544170   92.637943
487.037630   93.022274
488.535690   93.407764
490.038360   93.794412
491.545650   94.182224
493.057570   94.571195
494.574150   94.961338
496.095390   95.352647
497.621310   95.745126
499.151920   96.138776
500.687240   96.533604
502.227280   96.929608
503.772060   97.326794
505.321590   97.725161
506.875890   98.124715
508.434970   98.525454
509.998840   98.927382
511.567530   99.330505
513.141030   99.734818
514.719380   100.140332
516.302590   100.547047
517.890660   100.954960
519.483620   101.364080
521.081480   101.774407
522.684250   102.185940
524.291950   102.598685
525.904600   103.012649
527.522210   103.427829
529.144790   103.844225
530.772360   104.261845
532.404950   104.680694
534.042550   105.100766
535.685190   105.522067
537.332880   105.944604
538.985640   106.368373
540.643480   106.793380
542.306420   107.219630
543.974480   107.647123
545.647670   108.075861
547.326000   108.505846
549.009500   108.937087
550.698180   109.369582
552.392050   109.803331
554.091120   110.238336
555.795430   110.674611
557.504980   111.112149
559.219780   111.550953
560.939860   111.991029
562.665240   112.432384
564.395910   112.875008
566.131920   113.318920
567.873260   113.764109
569.619950   114.210579
571.372020   114.658343
573.129480   115.107398
574.892350   115.557750
576.660640   116.009398
578.434360   116.462342
580.213540   116.916589
581.998200   117.372149
583.788340   117.829011
585.583990   118.287189
587.385170   118.746685
589.191880   119.207493
591.004150   119.669627
592.821990   120.133084
594.645430   120.597869
596.474480   121.063987
598.309150   121.531438
600.149460   122.000225
601.995430   122.470352
603.847090   122.941828
605.704430   123.414644
607.567500   123.888816
609.436290   124.364340
611.310830   124.841220
613.191130   125.319455
615.077220   125.799059
616.969110   126.280029
618.866820   126.762370
620.770370   127.246084
622.679770   127.731173
624.595040   128.217643
626.516210   128.705499
628.443280   129.194737
630.376290   129.685371
632.315230   130.177394
634.260140   130.670815
636.211040   131.165641
638.167930   131.661870
640.130850   132.159507
642.099800   132.658554
644.074810   133.159020
646.055890   133.660899
648.043070   134.164206
650.036350   134.668931
652.035770   135.175093
654.041340   135.682687
656.053080   136.191717
658.071010   136.702190
660.095140   137.214105
662.125500   137.727469
664.162100   138.242281
666.204970   138.758554
668.254120   139.276284
670.309580   139.795480
672.371360   140.316141
674.439470   140.838271
676.513950   141.361878
678.594810   141.886964
680.682080   142.413535
682.775760   142.941588
684.875880   143.471134
686.982460   144.002173
689.095520   144.534711
691.215080   145.068751
693.341160   145.604300
695.473780   146.141360
697.612960   146.679931
699.758720   147.220023
701.911070   147.761633
704.070050   148.304772
706.235670   148.849446
708.407950   149.395653
710.586910   149.943397
712.772580   150.492690
714.964970   151.043527
717.164100   151.595915
719.369990   152.149860
721.582670   152.705363
723.802160   153.262436
726.028470   153.821076
728.261630   154.381286
730.501660   154.943078
732.748580   155.506451
735.002410   156.071409
737.263170   156.637959
739.530890   157.206106
741.805580   157.775849
744.087270   158.347200
746.375980   158.920159
748.671720   159.494728
750.974530   160.070917
753.284420   160.648729
755.601420   161.228167
757.925540   161.809238
760.256810   162.391941
762.595250   162.976288
764.940890   163.562282
767.293740   164.149922
769.653820   164.739217
772.021170   165.330174
774.395800   165.922794
776.777730   166.517084
779.166990   167.113047
781.563590   167.710684
783.967570   168.310007
786.378950   168.911023
788.797740   169.513729
791.223970   170.118132
793.657660   170.724236
796.098840   171.332052
798.547520   171.941575
801.003740   172.552818
803.467520   173.165786
805.938870   173.780479
808.417820   174.396904
810.904400   175.015069
813.398630   175.634977
815.900520   176.256627
818.410120   176.880035
820.927430   177.505197
823.452490   178.132130
825.985310   178.760823
828.525920   179.391291
831.074350   180.023542
833.630620   180.657574
836.194750   181.293396
838.766760   181.931009
841.346690   182.570424
843.934560   183.211649
846.530380   183.854678
849.134190   184.499527
851.746000   185.146192
854.365850   185.794685
856.993760   186.445012
859.629750   187.097177
862.273850   187.751183
864.926080   188.407039
867.586470   189.064747
870.255040   189.724315
872.931820   190.385747
875.616840   191.049054
878.310110   191.714232
881.011670   192.381296
883.721540   193.050246
886.439740   193.721089
889.166300   194.393828
891.901250   195.068473
894.644610   195.745029
897.396410   196.423502
900.156670   197.103893
902.925430   197.786220
905.702700   198.470473
908.488510   199.156665
911.282890   199.844805
914.085870   200.534897
916.897470   201.226944
919.717710   201.920953
922.546640   202.616935
925.384260   203.314889
928.230610   204.014822
931.085710   204.716740
933.949600   205.420657
936.822300   206.126573
939.703830   206.834488
942.594230   207.544423
945.493510   208.256366
948.401720   208.970338
951.318860   209.686334
954.244990   210.404374
957.180110   211.124453
960.124260   211.846580
963.077460   212.570758
966.039750   213.296999
969.011150   214.025308
971.991690   214.755691
974.981400   215.488157
977.980310   216.222709
980.988440   216.959353
984.005820   217.698094
987.032480   218.438939
990.068450   219.181900
993.113760   219.926977
996.168440   220.674183
999.232510   221.423517
1002.306000   222.174990
1005.389000   222.928630
1008.481400   223.684386
1011.583300   224.442294
1014.694800   225.202396
1017.815900   225.964679
1020.946500   226.729099
1024.086800   227.495736
1027.236800   228.264581
1030.396400   229.035585
1033.565800   229.808833
1036.744900   230.584271
1039.933700   231.361894
1043.132400   232.141782
1046.341000   232.923933
1049.559400   233.708292
1052.787600   234.494854
1056.025900   235.283746
1059.274100   236.074871
1062.532200   236.868223
1065.800400   237.663889
1069.078700   238.461854
1072.367000   239.262073
1075.665500   240.064630
1078.974100   240.869467
1082.292800   241.676582
1085.621800   242.486054
1088.961000   243.297836
1092.310500   244.111961
1095.670300   244.928428
1099.040400   245.747225
1102.420900   246.568391
1105.811800   247.391922
1109.213100   248.217807
1112.624900   249.046088
1116.047200   249.876757
1119.480000   250.709803
1122.923400   251.545268
1126.377300   252.383095
1129.841900   253.223376
1133.317100   254.066049
1136.803000   254.911158
1140.299700   255.758742
1143.807100   256.608743
1147.325300   257.461202
1150.854300   258.316111
1154.394200   259.173505
1157.944900   260.033340
1161.506600   260.895693
1165.079200   261.760509
1168.662800   262.627834
1172.257500   263.497697
1175.863200   264.370050
1179.480000   265.244928
1183.107900   266.122330
1186.746900   267.002238
1190.397200   267.884746
1194.058700   268.769795
1197.731400   269.657377
1201.415500   270.547575
1205.110900   271.440340
1208.817600   272.335659
1212.535800   273.233621
1216.265400   274.134170
1220.006400   275.037295
1223.759000   275.943084
1227.523100   276.851480
1231.298800   277.762520
1235.086100   278.676203
1238.885000   279.592516
1242.695700   280.511539
1246.518000   281.433178
1250.352100   282.357516
1254.198100   283.284588
1258.055800   284.214296
1261.925400   285.146724
1265.806900   286.081863
1269.700300   287.019703
1273.605800   287.960328
1277.523200   288.903643
1281.452700   289.849725
1285.394200   290.798523
1289.347900   291.750119
1293.313800   292.704509
1297.291800   293.661632
1301.282100   294.621573
1305.284700   295.584327
1309.299500   296.549838
1313.326800   297.518235
1317.366400   298.489417
1321.418400   299.463418
1325.482900   300.440284
1329.559900   301.419999
1333.649400   302.402561
1337.751500   303.388000
1341.866300   304.376354
1345.993700   305.367574
1350.133700   306.361647
1354.286600   307.358703
1358.452200   308.358639
1362.630600   309.361496
1366.821800   310.367267
1371.026000   311.376027
1375.243100   312.387728
1379.473100   313.402356
1383.716200   314.420002
1387.972300   315.440601
1392.241500   316.464196
1396.523800   317.490775
1400.819300   318.520381
1405.128100   319.553042
1409.450000   320.588665
1413.785300   321.627369
1418.133900   322.669110
1422.495900   323.713920
1426.871300   324.761787
1431.260100   325.812703
1435.662500   326.866755
1440.078400   327.923883
1444.507900   328.984125
1448.951000   330.047471
1453.407700   331.113913
1457.878200   332.183535
1462.362400   333.256277
1466.860400   334.332178
1471.372300   335.411275
1475.898000   336.493509
1480.437700   337.578967
1484.991300   338.667592
1489.558900   339.759420
1494.140600   340.854485
1498.736400   341.952784
1503.346300   343.054297
1507.970300   344.159026
1512.608600   345.267044
1517.261200   346.378342
1521.928100   347.492914
1526.609300   348.610749
1531.305000   349.731931
1536.015000   350.856355
1540.739600   351.984145
1545.478700   353.115253
1550.232400   354.249714
1555.000700   355.387514
1559.783600   356.528644
1564.581300   357.673185
1569.393700   358.821085
1574.221000   359.972419
1579.063000   361.127102
1583.920000   362.285243
1588.791900   363.446755
1593.678800   364.611754
1598.580700   365.780169
1603.497800   366.952091
1608.429900   368.127464
1613.377200   369.306308
1618.339700   370.488623
1623.317500   371.674454
1628.310600   372.863801
1633.319000   374.056628
1638.342900   375.253063
1643.382200   376.453023
1648.437000   377.656519
1653.507400   378.863595
1658.593300   380.074243
1663.694900   381.288481
1668.812200   382.506345
1673.945200   383.727800
1679.094100   384.952936
1684.258700   386.181626
1689.439300   387.414043
1694.635700   388.650024
1699.848200   389.889742
1705.076700   391.133150
1710.321300   392.380223
1715.582000   393.631032
1720.858800   394.885506
1726.152000   396.143781
1731.461400   397.405766
1736.787100   398.671470
1742.129200   399.940976
1747.487700   401.214211
1752.862800   402.491302
1758.254300   403.772158
1763.662500   405.056845
1769.087200   406.345305
1774.528700   407.637678
1779.986900   408.933880
1785.461900   410.233922
1790.953700   411.537839
1796.462400   412.845641
1801.988100   414.157337
1807.530800   415.473001
1813.090500   416.792523
1818.667300   418.115985
1824.261200   419.443387
1829.872400   420.774785
1835.500800   422.110097
1841.146600   423.449449
1846.809700   424.792798
1852.490200   426.140114
1858.188200   427.491482
1863.903700   428.846864
1869.636800   430.206307
1875.387600   431.569855
1881.156000   432.937428
1886.942200   434.309116
1892.746100   435.684837
1898.567900   437.064720
1904.407700   438.448738
1910.265300   439.836835
1916.141100   441.229158
1922.034800   442.625606
1927.946700   444.026207
1933.876800   445.431035
1939.825200   446.840099
1945.791800   448.253316
1951.776800   449.670815
1957.780200   451.092523
1963.802000   452.518475
1969.842400   453.948692
1975.901300   455.383200
1981.978900   456.822019
1988.075200   458.265147
1994.190300   459.712631
2000.324100   461.164389
2006.476800   462.620549
2012.648400   464.081038
2018.839100   465.545948
2025.048700   467.015186
2031.277500   468.488892
2037.525400   469.966982
2043.792600   471.449511
2050.079000   472.936508
2056.384700   474.427907
2062.709900   475.923839
2069.054500   477.424256
2075.418600   478.929169
2081.802300   480.438586
2088.205600   481.952544
2094.628600   483.471016
2101.071400   484.994085
2107.534000   486.521751
2114.016500   488.053986
2120.518900   489.590791
2127.041300   491.132248
2133.583800   492.678329
2140.146400   494.229073
2146.729200   495.784450
2153.332200   497.344499
2159.955600   498.909274
2166.599300   500.478730
2173.263400   502.052912
2179.948100   503.631840
2186.653300   505.215503
2193.379100   506.803912
2200.125600   508.397112
2206.892900   509.995113
2213.681000   511.597951
2220.490000   513.205600
2227.319900   514.818059
2234.170800   516.435411
2241.042800   518.057592
2247.935900   519.684675
2254.850300   521.316717
2261.785900   522.953597
2268.742800   524.595434
2275.721100   526.242203
2282.720900   527.893948
2289.742200   529.550670
2296.785200   531.212425
2303.849700   532.879120
2310.936100   534.550902
2318.044200   536.227680
2325.174100   537.909500
2332.326100   539.596463
2339.500000   541.288478
2346.695900   542.985553
2353.914000   544.687780
2361.154300   546.395161
2368.416900   548.107704
2375.701800   549.825372
2383.009100   551.548249
2390.338900   553.276307
2397.691300   555.009629
2405.066200   556.748132
2412.463900   558.491918
2419.884300   560.240977
2427.327500   561.995282
2434.793600   563.754879
2442.282700   565.519852
2449.794800   567.290089
2457.330000   569.065711
2464.888400   570.846690
2472.470100   572.633073
2480.075000   574.424812
2487.703400   576.222011
2495.355200   578.024622
2503.030600   579.832702
2510.729500   581.646204
2518.452200   583.465229
2526.198600   585.289733
2533.968800   587.119760
2541.763000   588.955367
2549.581100   590.796471
2557.423200   592.643154
2565.289500   594.495435
2573.179900   596.353268
2581.094700   598.216829
2589.033800   600.085961
2596.997300   601.960784
2604.985200   603.841187
2612.997800   605.727382
2621.035000   607.619251
2629.097000   609.516884
2637.183700   611.420237
2645.295300   613.329364
2653.431800   615.244228
2661.593400   617.164960
2669.780100   619.091485
2677.992000   621.023849
2686.229100   622.962054
2694.491500   624.906107
2702.779400   626.856101
2711.092800   628.812000
2719.431700   630.773804
2727.796300   632.741568
2736.186600   634.715255
2744.602700   636.694986
2753.044800   638.680742
2761.512700   640.672430
2770.006700   642.670190
2778.526900   644.674031
2787.073200   646.683906
2795.645900   648.699955
2804.244900   650.722057
2812.870400   652.750342
2821.522300   654.784690
2830.201000   656.825323
2838.906200   658.872064
2847.638300   660.925063
2856.397200   662.984235
2865.183100   665.049711
2873.996000   667.121454
2882.836000   669.199472
2891.703200   671.283813
2900.597700   673.374486
2909.519500   675.471490
2918.468800   677.574881
2927.445600   679.684623
2936.450000   681.800798
2945.482100   683.923416
2954.542000   686.052449
2963.629700   688.187935
2972.745400   690.329928
2981.889200   692.478477
2991.061000   694.633495
3000.261100   696.795087
3009.489500   698.963252
3018.746300   701.138000
3028.031500   703.319329
3037.345300   705.507297
3046.687700   707.701940
3056.058900   709.903239
3065.458900   712.111232
3074.887800   714.325928
3084.345700   716.547374
3093.832700   718.775541
3103.348900   721.010550
3112.894400   723.252337
3122.469200   725.500901
3132.073500   727.756336
3141.707300   730.018640
3151.370800   732.287834
3161.063900   734.563869
3170.786900   736.846849
3180.539800   739.136811
3190.322700   741.433727
3200.135700   743.737643
3209.978800   746.048522
3219.852300   748.366503
3229.756100   750.691503
3239.690300   753.023532
3249.655200   755.362727
3259.650600   757.708998
3269.676900   760.062491
3279.733900   762.423040
3289.821900   764.790860
3299.941000   767.165883
3310.091100   769.548102
3320.272500   771.937581
3330.485200   774.334358
3340.729300   776.738442
3351.004900   779.149804
3361.312100   781.568529
3371.651000   783.994626
3382.021700   786.428103
3392.424300   788.869009
3402.859000   791.317360
3413.325700   793.773149
3423.824600   796.236429
3434.355800   798.707249
3444.919400   801.185543
3455.515400   803.671385
3466.144100   806.164841
3476.805500   808.665910
3487.499600   811.174555
3498.226700   813.690878
3508.986700   816.214834
3519.779900   818.746560
3530.606200   821.285937
3541.465900   823.833104
3552.358900   826.387977
3563.285500   828.950696
3574.245600   831.521177
3585.239500   834.099559
3596.267200   836.685768
3607.328800   839.279888
3618.424400   841.881891
3629.554200   844.491832
3640.718200   847.109749
3651.916500   849.735651
3663.149300   852.369556
3674.416600   855.011502
3685.718600   857.661507
3697.055300   860.319572
3708.427000   862.985798
3719.833600   865.660139
3731.275200   868.342605
3742.752100   871.033297
3754.264300   873.732215
3765.811900   876.439333
3777.395000   879.154732
3789.013700   881.878386
3800.668200   884.610387
3812.358500   887.350736
3824.084800   890.099451
3835.847100   892.856494
3847.645600   895.621996
3859.480400   898.395929
3871.351600   901.178340
3883.259400   903.969284
3895.203700   906.768714
3907.184800   909.576696
3919.202800   912.393277
3931.257700   915.218455
3943.349700   918.052213
3955.478800   920.894626
3967.645300   923.745757
3979.849300   926.605654
3992.090700   929.474195
4004.369800   932.351521
4016.686700   935.237639
4029.041400   938.132551
4041.434200   941.036359
4053.865100   943.949025
4066.334200   946.870559
4078.841700   949.801054
4091.387600   952.740472
4103.972100   955.688869
4116.595400   958.646338
4129.257400   961.612758
4141.958400   964.588270
4154.698500   967.572918
4167.477800   970.566676
4180.296300   973.569506
4193.154300   976.581584
4206.051900   979.602884
4218.989100   982.633404
4231.966100   985.673163
4244.983000   988.722209
4258.040000   991.780633
4271.137100   994.848362
4284.274500   997.925451
4297.452400   1001.012030
4310.670700   1004.107979
4323.929700   1007.213399
4337.229500   1010.328338
4350.570200   1013.452767
4363.951900   1016.586769
4377.374800   1019.730365
4390.839000   1022.883562
4404.344600   1026.046408
4417.891800   1029.218957
4431.480600   1032.401174
4445.111200   1035.593113
4458.783700   1038.794821
4472.498300   1042.006354
4486.255100   1045.227684
4500.054100   1048.458848
4513.895700   1051.699958
4527.779800   1054.950930
4541.706600   1058.211857
4555.676200   1061.482748
4569.688800   1064.763659
4583.744600   1068.054646
4597.843500   1071.355662
4611.985800   1074.666772
4626.171600   1077.988024
4640.401100   1081.319472
4654.674300   1084.661079
4668.991400   1088.012939
4683.352600   1091.375033
4697.757900   1094.747435
4712.207500   1098.130126
4726.701600   1101.523199
4741.240300   1104.926665
4755.823600   1108.340485
4770.451900   1111.764808
4785.125100   1115.199588
4799.843500   1118.644928
4814.607100   1122.100751
4829.416200   1125.567237
4844.270800   1129.044271
4859.171100   1132.531949
4874.117200   1136.030316
4889.109300   1139.539390
4904.147500   1143.059219
4919.231900   1146.589811
4934.362800   1150.131232
4949.540200   1153.683481
4964.764300   1157.246615
4980.035200   1160.820642
4995.353100   1164.405656
5010.718100   1168.001592
5026.130300   1171.608569
5041.590000   1175.226580
5057.097200   1178.855698
5072.652100   1182.495905
5088.254900   1186.147294
5103.905600   1189.809789
5119.604500   1193.483570
5135.351700   1197.168606
5151.147300   1200.864907
5166.991500   1204.572530
5182.884400   1208.291483
5198.826200   1212.021859
5214.817100   1215.763677
5230.857100   1219.516938
5246.946500   1223.281705
5263.085400   1227.058026
5279.273900   1230.845872
5295.512200   1234.645337
5311.800400   1238.456430
5328.138700   1242.279206
5344.527300   1246.113722
5360.966300   1249.959949
5377.455900   1253.817981
5393.996200   1257.687864
5410.587400   1261.569579
5427.229600   1265.463172
5443.923000   1269.368738
5460.667700   1273.286210
5477.463900   1277.215719
5494.311800   1281.157283
5511.211600   1285.110922
5528.163300   1289.076671
5545.167100   1293.054550
5562.223300   1297.044698
5579.331900   1301.047004
5596.493100   1305.061560
5613.707100   1309.088460
5630.974100   1313.127722
5648.294200   1317.179356
5665.667500   1321.243370
5683.094300   1325.319867
5700.574700   1329.408856
5718.108800   1333.510346
5735.696900   1337.624441
5753.339100   1341.751148
5771.035600   1345.890524
5788.786500   1350.042616
5806.591900   1354.207320
5824.452200   1358.384898
5842.367400   1362.573889
5860.337700   1366.775697
5878.363200   1370.990369
5896.444300   1375.218055
5914.580900   1379.458631
5932.773300   1383.712239
5951.021700   1387.978897
5969.326200   1392.258651
5987.687000   1396.551520
6006.104200   1400.857550
6024.578100   1405.176807
6043.108900   1409.509346
6061.696600   1413.855130
6080.341600   1418.214308
6099.043800   1422.586796
6117.803600   1426.972743
6136.621100   1431.372158
6155.496500   1435.785059
6174.429900   1440.211494
6193.421600   1444.651527
6212.471700   1449.105167
6231.580400   1453.572508
6250.747800   1458.053522
6269.974200   1462.548273
6289.259800   1467.056892
6308.604600   1471.579267
6328.009000   1476.115547
6347.473100   1480.665816
6366.997000   1485.229971
6386.581000   1489.808152
6406.225200   1494.400405
6425.929800   1499.006711
6445.695100   1503.627211
6465.521100   1508.261829
6485.408100   1512.910706
6505.356300   1517.573859
6525.365900   1522.251345
6545.437000   1526.943136
6565.569800   1531.649361
6585.764600   1536.370049
6606.021500   1541.105209
6626.340600   1545.854849
6646.722300   1550.619120
6667.166700   1555.398030
6687.674000   1560.191635
6708.244300   1564.999908
6728.877900   1569.822949
6749.575000   1574.660778
6770.335700   1579.513479
6791.160300   1584.381080
6812.048900   1589.263589
6833.001800   1594.161146
6854.019200   1599.073733
6875.101200   1604.001396
6896.248000   1608.944154
6917.459900   1613.902109
6938.737000   1618.875269
6960.079600   1623.863739
6981.487800   1628.867488
7002.961900   1633.886621
7024.502000   1638.921145
7046.108300   1643.971118
7067.781200   1649.036612
7089.520700   1654.117666
7111.327000   1659.214298
7133.200400   1664.326611
7155.141200   1669.454631
7177.149400   1674.598359
7199.225200   1679.757889
7221.369000   1684.933256
7243.580900   1690.124509
7265.861200   1695.331785
7288.209900   1700.554937
7310.627400   1705.794187
7333.113900   1711.049555
7355.669500   1716.321011
7378.294500   1721.608659
7400.989100   1726.912555
7423.753500   1732.232753
7446.587900   1737.569273
7469.492500   1742.922170
7492.467600   1748.291509
7515.513400   1753.677384
7538.630000   1759.079729
7561.817800   1764.498692
7585.076900   1769.934322
7608.407500   1775.386635
7631.809900   1780.855698
7655.284200   1786.341519
7678.830800   1791.844209
7702.449800   1797.363817
7726.141400   1802.900359
7749.906000   1808.453948
7773.743600   1814.024546
7797.654500   1819.612256
7821.639000   1825.217142
7845.697200   1830.839214
7869.829500   1836.478584
7894.035900   1842.135251
7918.316900   1847.809337
7942.672500   1853.500803
7967.103000   1859.209791
7991.608700   1864.936289
8016.189800   1870.680392
8040.846400   1876.442108
8065.578900   1882.221550
8090.387500   1888.018772
8115.272400   1893.833756
8140.233800   1899.666596
8165.272000   1905.517393
8190.387200   1911.386128
8215.579700   1917.272905
8240.849600   1923.177770
8266.197300   1929.100758
8291.623000   1935.041965
8317.126800   1941.001399
8342.709100   1946.979171
8368.370100   1952.975263
8394.110000   1958.989805
8419.929100   1965.022825
8445.827600   1971.074379
8471.805800   1977.144531
8497.863900   1983.233301
8524.002100   1989.340818
8550.220700   1995.467036
8576.520000   2001.612132
8602.900100   2007.776078
8629.361400   2013.958947
8655.904100   2020.160834
8682.528500   2026.381802
8709.234700   2032.621863
8736.023100   2038.881088
8762.893800   2045.159526
8789.847200   2051.457250
8816.883600   2057.774401
8844.003000   2064.110828
8871.205900   2070.466803
8898.492500   2076.842343
8925.863000   2083.237430
8953.317700   2089.652166
8980.856800   2096.086569
9008.480700   2102.540826
9036.189500   2109.014871
9063.983500   2115.508770
9091.863000   2122.022662
9119.828300   2128.556574
9147.879600   2135.110564
9176.017200   2141.684695
9204.241300   2148.278986
9232.552200   2154.893540
9260.950300   2161.528505
9289.435600   2168.183769
9318.008600   2174.859491
9346.669500   2181.555764
9375.418500   2188.272607
9404.256000   2195.010093
9433.182100   2201.768231
9462.197300   2208.547218
9491.301600   2215.346941
9520.495500   2222.167596
9549.779200   2229.009238
9579.153000   2235.871896
9608.617100   2242.755625
9638.171800   2249.660490
9667.817500   2256.586641
9697.554300   2263.534010
9727.382600   2270.502749
9757.302700   2277.492921
9787.314700   2284.504536
9817.419100   2291.537715
9847.616100   2298.592513
9877.906000   2305.668996
9908.289000   2312.767220
9938.765500   2319.887258
9969.335700   2327.029166
10000.000000   2334.193057
