1.000000   0.000000
1.003076   0.000000
1.006161   0.000000
1.009256   0.000000
1.012360   0.000000
1.015474   0.000000
1.018598   0.000000
1.021731   0.000000
1.024873   0.000000
1.028026   0.000000
1.031188   0.000000
1.034360   0.000000
1.037541   0.000000
1.040733   0.000000
1.043934   0.000000
1.047145   0.000000
1.050366   0.000000
1.053596   0.000000
1.056837   0.000000
1.060088   0.000000
1.063348   0.000000
1.066619   0.000000
1.069900   0.000000
1.073191   0.000000
1.076492   0.000000
1.079803   0.000000
1.083124   0.000000
1.086456   0.000000
1.089797   0.000000
1.093149   0.000000
1.096512   0.000000
1.099885   0.000000
1.103268   0.000000
1.106661   0.000000
1.110065   0.000000
1.113479   0.000000
1.116904   0.000000
1.120340   0.000000
1.123786   0.000000
1.127242   0.000000
1.130710   0.000000
1.134188   0.000000
1.137676   0.000000
1.141175   0.000000
1.144686   0.000000
1.148206   0.000000
1.151738   0.000000
1.155281   0.000000
1.158834   0.000000
1.162399   0.000000
1.165974   0.000000
1.169561   0.000000
1.173158   0.000000
1.176766   0.000000
1.180386   0.000000
1.184017   0.000000
1.187658   0.000000
1.191312   0.000000
1.194976   0.000000
1.198651   0.000000
1.202338   0.000000
1.206036   0.000000
1.209746   0.000000
1.213467   0.000000
1.217200   0.000000
1.220943   0.000000
1.224699   0.000000
1.228466   0.000000
1.232244   0.000000
1.236035   0.000000
1.239837   0.000000
1.243650   0.000000
1.247475   0.000000
1.251313   0.000000
1.255161   0.000000
1.259022   0.000000
1.262895   0.000000
1.266779   0.000000
1.270676   0.000000
1.274584   0.000000
1.278504   0.000000
1.282437   0.000000
1.286382   0.000000
1.290338   0.000000
1.294307   0.000000
1.298288   0.000000
1.302282   0.000000
1.306287   0.000000
1.310305   0.000000
1.314336   0.000000
1.318378   0.000000
1.322433   0.000000
1.326501   0.000000
1.330581   0.000000
1.334674   0.000000
1.338779   0.000000
1.342897   0.000000
1.347028   0.000000
1.351171   0.000000
1.355327   0.000000
1.359496   0.000000
1.363677   0.000000
1.367872   0.000000
1.372079   0.000000
1.376299   0.000000
1.380533   0.000000
1.384779   0.000000
1.389038   0.000000
1.393311   0.000000
1.397596   0.000000
1.401895   0.000000
1.406207   0.000000
1.410533   0.000000
1.414871   0.000000
1.419223   0.000000
1.423588   0.000000
1.427967   0.000000
1.432359   0.000000
1.436765   0.000000
1.441185   0.000000
1.445617   0.000000
1.450064   0.000000
1.454524   0.000000
1.458998   0.000000
1.463486   0.000000
1.467987   0.000000
1.472502   0.000000
1.477032   0.000000
1.481575   0.000000
1.486132   0.000000
1.490703   0.000000
1.495288   0.000000
1.499888   0.000000
1.504501   0.000000
1.509129   0.000000
1.513770   0.000000
1.518427   0.000000
1.523097   0.000000
1.527782   0.000000
1.532481   0.000000
1.537195   0.000000
1.541923   0.000000
1.546666   0.000000
1.551423   0.000000
1.556195   0.000000
1.560982   0.000000
1.565783   0.000000
1.570599   0.000000
1.575430   0.000000
1.580276   0.000000
1.585137   0.000000
1.590012   0.000000
1.594903   0.000000
1.599809   0.000000
1.604729   0.000000
1.609665   0.000000
1.614616   0.000000
1.619583   0.000000
1.624564   0.000000
1.629561   0.000000
1.634574   0.000000
1.639601   0.000000
1.644645   0.000000
1.649703   0.000000
1.654777   0.000000
1.659867   0.000000
1.664973   0.000000
1.670094   0.000000
1.675231   0.000000
1.680384   0.000000
1.685552   0.000000
1.690737   0.000000
1.695937   0.000000
1.701154   0.000000
1.706386   0.000000
1.711635   0.000000
1.716900   0.000000
1.722181   0.000000
1.727478   0.000000
1.732791   0.000000
1.738121   0.000000
1.743467   0.000000
1.748830   0.000000
1.754209   0.000000
1.759605   0.000000
1.765017   0.000000
1.770446   0.000000
1.775892   0.000000
1.781354   0.000000
1.786833   0.000000
1.792329   0.000000
1.797842   0.000000
1.803372   0.000000
1.808919   0.000000
1.814483   0.000000
1.820064   0.000000
1.825662   0.000000
1.831278   0.000000
1.836911   0.000000
1.842561   0.000000
1.848228   0.000000
1.853913   0.000000
1.859615   0.000000
1.865335   0.000000
1.871073   0.000000
1.876828   0.000000
1.882601   0.000000
1.888392   0.000000
1.894200   0.000000
1.900026   0.000000
1.905870   0.000000
1.911733   0.000000
1.917613   0.000000
1.923511   0.000000
1.929428   0.000000
1.935362   0.000000
1.941315   0.000000
1.947286   0.000000
1.953276   0.000000
1.959284   0.000000
1.965310   0.000000
1.971355   0.000000
1.977419   0.000000
1.983501   0.000000
1.989602   0.000000
1.995722   0.000000
2.001860   0.000000
2.008018   0.000000
2.014194   0.000000
2.020390   0.000000
2.026604   0.000000
2.032838   0.000000
2.039090   0.000000
2.045362   0.000000
2.051654   0.000000
2.057964   0.000000
2.064294   0.000000
2.070644   0.000000
2.077013   0.000000
2.083401   0.000000
2.089809   0.000000
2.096237   0.000000
2.102685   0.000000
2.109153   0.000000
2.115640   0.000000
2.122148   0.000000
2.128675   0.000000
2.135223   0.000000
2.141790   0.000000
2.148378   0.000000
2.154986   0.000000
2.161615   0.000000
2.168263   0.000000
2.174933   0.000000
2.181622   0.000000
2.188333   0.000000
2.195064   0.000000
2.201815   0.000000
2.208588   0.000000
2.215381   0.000000
2.222196   0.000000
2.229031   0.000000
2.235887   0.000000
2.242764   0.000000
2.249662   0.000000
2.256582   0.000000
2.263523   0.000000
2.270485   0.000000
2.277469   0.000000
2.284474   0.000000
2.291501   0.000000
2.298549   0.000000
2.305619   0.000000
2.312711   0.000000
2.319825   0.000000
2.326960   0.000000
2.334118   0.000000
2.341297   0.000000
2.348498   0.000000
2.355722   0.000000
2.362968   0.000000
2.370236   0.000000
2.377527   0.000000
2.384840   0.000000
2.392175   0.000000
2.399533   0.000000
2.406913   0.000000
2.414317   0.000000
2.421743   0.000000
2.429192   0.000000
2.436664   0.000000
2.444159   0.000000
2.451676   0.000000
2.459217   0.000000
2.466782   0.000000
2.474369   0.000000
2.481980   0.000000
2.489614   0.000000
2.497272   0.000000
2.504953   0.000000
2.512658   0.000000
2.520387   0.000000
2.528139   0.000000
2.535915   0.000000
2.543715   0.000000
2.551539   0.000000
2.559388   0.000000
2.567260   0.000000
2.575156   0.000000
2.583077   0.000000
2.591022   0.000000
2.598992   0.000000
2.606986   0.000000
2.615005   0.000000
2.623048   0.000000
2.631116   0.000000
2.639209   0.000000
2.647327   0.000000
2.655470   0.000000
2.663638   0.000000
2.671831   0.000000
2.680049   0.000000
2.688292   0.000000
2.696561   0.000000
2.704855   0.000000
2.713175   0.000000
2.721521   0.000000
2.729891   0.000000
2.738288   0.000000
2.746711   0.000000
2.755159   0.000000
2.763634   0.000000
2.772134   0.000000
2.780661   0.000000
2.789214   0.000000
2.797793   0.000000
2.806399   0.000000
2.815031   0.000000
2.823689   0.000000
2.832375   0.000000
2.841087   0.000000
2.849826   0.000000
2.858591   0.000000
2.867384   0.000000
2.876203   0.000000
2.885050   0.000000
2.893924   0.000000
2.902826   0.000000
2.911754   0.000000
2.920710   0.000000
2.929694   0.000000
2.938705   0.000000
2.947744   0.000000
2.956811   0.000000
2.965906   0.000000
2.975029   0.000000
2.984180   0.000000
2.993358   0.000000
3.002566   0.000000
3.011801   0.000000
3.021065   0.000000
3.030357   0.000000
3.039678   0.000000
3.049028   0.000000
3.058406   0.000000
3.067813   0.000000
3.077250   0.000000
3.086715   0.000000
3.096209   0.000000
3.105733   0.000000
3.115285   0.000000
3.124868   0.000000
3.134479   0.000000
3.144120   0.000000
3.153791   0.000000
3.163492   0.000000
3.173222   0.000000
3.182983   0.000000
3.192773   0.000000
3.202594   0.000000
3.212444   0.000000
3.222325   0.000000
3.232237   0.000000
3.242179   0.000000
3.252151   0.000000
3.262154   0.000000
3.272188   0.000000
3.282253   0.000000
3.292349   0.000000
3.302476   0.000000
3.312634   0.000000
3.322823   0.000000
3.333043   0.000000
3.343295   0.000000
3.353579   0.000000
3.363894   0.000000
3.374241   0.000000
3.384619   0.000000
3.395030   0.000000
3.405473   0.000000
3.415947   0.000000
3.426454   0.000000
3.436994   0.000000
3.447565   0.000000
3.458169   0.000000
3.468806   0.000000
3.479476   0.000000
3.490178   0.000000
3.500914   0.000000
3.511682   0.000000
3.522483   0.000000
3.533318   0.000000
3.544186   0.000000
3.555087   0.000000
3.566022   0.000000
3.576991   0.000000
3.587993   0.000000
3.599029   0.000000
3.610100   0.000000
3.621204   0.000000
3.632342   0.000000
3.643515   0.000000
3.654721   0.000000
3.665963   0.000000
3.677239   0.000000
3.688550   0.000000
3.699895   0.000000
3.711275   0.000000
3.722691   0.000000
3.734141   0.000000
3.745627   0.000000
3.757148   0.000000
3.768704   0.000000
3.780296   0.000000
3.791924   0.000000
3.803587   0.000000
3.815287   0.000000
3.827022   0.000000
3.838793   0.000000
3.850601   0.000000
3.862445   0.000000
3.874325   0.000000
3.886242   0.000000
3.898195   0.000000
3.910186   0.000000
3.922213   0.000000
3.934277   0.000000
3.946378   0.000000
3.958517   0.000000
3.970693   0.000000
3.982906   0.000000
3.995157   0.000000
4.007446   0.000000
4.019772   0.000000
4.032136   0.000000
4.044538   0.000000
4.056979   0.000000
4.069458   0.000000
4.081975   0.000000
4.094530   0.000000
4.107124   0.000000
4.119757   0.000000
4.132429   0.000000
4.145140   0.000000
4.157890   0.000000
4.170679   0.000000
4.183507   0.000000
4.196375   0.000000
4.209282   0.000000
4.222230   0.000000
4.235217   0.000000
4.248244   0.000000
4.261310   0.000000
4.274418   0.000000
4.287565   0.000000
4.300753   0.000000
4.313982   0.000000
4.327251   0.000000
4.340561   0.000000
4.353912   0.000000
4.367304   0.000000
4.380737   0.000000
4.394211   0.000000
4.407728   0.000000
4.421285   0.000000
4.434884   0.000000
4.448525   0.000000
4.462208   0.000000
4.475934   0.000000
4.489701   0.000000
4.503510   0.000000
4.517363   0.000000
4.531257   0.000000
4.545195   0.000000
4.559175   0.000000
4.573199   0.000000
4.587265   0.000000
4.601375   0.000000
4.615528   0.000000
4.629725   0.000000
4.643965   0.000000
4.658249   0.000000
4.672578   0.000000
4.686950   0.000000
4.701366   0.000000
4.715827   0.000000
4.730332   0.000000
4.744882   0.000000
4.759476   0.000000
4.774116   0.000000
4.788800   0.000000
4.803530   0.000000
4.818305   0.000000
4.833126   0.000000
4.847992   0.000000
4.862903   0.000000
4.877861   0.000000
4.892864   0.000000
4.907914   0.000000
4.923010   0.000000
4.938153   0.000000
4.953342   0.000000
4.968578   0.000000
4.983860   0.000000
4.999190   0.000000
5.014567   0.000000
5.029991   0.000000
5.045462   0.000000
5.060981   0.000000
5.076548   0.000000
5.092163   0.000000
5.107826   0.000000
5.123537   0.000000
5.139296   0.000000
5.155104   0.000000
5.170960   0.000000
5.186865   0.000000
5.202819   0.000000
5.218822   0.000000
5.234875   0.000000
5.250977   0.000000
5.267128   0.000000
5.283329   0.000000
5.299580   0.000000
5.315880   0.000000
5.332231   0.000000
5.348632   0.000000
5.365084   0.000000
5.381586   0.000000
5.398139   0.000000
5.414743   0.000000
5.431398   0.000000
5.448104   0.000000
5.464862   0.000000
5.481671   0.000000
5.498532   0.000000
5.515445   0.000000
5.532409   0.000000
5.549426   0.000000
5.566496   0.000000
5.583617   0.000000
5.600792   0.000000
5.618019   0.000000
5.635299   0.000000
5.652633   0.000000
5.670019   0.000000
5.687459   0.000000
5.704953   0.000000
5.722501   0.000000
5.740102   0.000000
5.757758   0.000000
5.775468   0.000000
5.793233   0.000000
5.811052   0.000000
5.828926   0.000000
5.846855   0.000000
5.864839   0.000000
5.882878   0.000000
5.900973   0.000000
5.919124   0.000000
5.937330   0.000000
5.955592   0.000000
5.973911   0.000000
5.992286   0.000000
6.010717   0.000000
6.029205   0.000000
6.047751   0.000000
6.066352   0.000000
6.085012   0.000000
6.103728   0.000000
6.122503   0.000000
6.141335   0.000000
6.160224   0.000000
6.179172   0.000000
6.198179   0.000000
6.217243   0.000000
6.236367   0.000000
6.255549   0.000000
6.274790   0.000000
6.294090   0.000000
6.313450   0.000000
6.332869   0.000000
6.352348   0.000000
6.371887   0.000000
6.391486   0.000000
6.411146   0.000000
6.430866   0.000000
6.450646   0.000000
6.470487   0.000000
6.490389   0.000000
6.510353   0.000000
6.530378   0.000001
6.550464   0.000001
6.570613   0.000001
6.590823   0.000001
6.611095   0.000001
6.631430   0.000001
6.651827   0.000001
6.672288   0.000001
6.692811   0.000001
6.713397   0.000001
6.734046   0.000001
6.754759   0.000001
6.775536   0.000001
6.796376   0.000001
6.817281   0.000001
6.838250   0.000001
6.859284   0.000001
6.880382   0.000001
6.901545   0.000001
6.922773   0.000001
6.944066   0.000001
6.965426   0.000001
6.986850   0.000001
7.008341   0.000001
7.029897   0.000001
7.051520   0.000001
7.073210   0.000001
7.094966   0.000001
7.116789   0.000001
7.138679   0.000001
7.160637   0.000001
7.182662   0.000001
7.204755   0.000001
7.226916   0.000001
7.249145   0.000001
7.271442   0.000001
7.293808   0.000001
7.316243   0.000001
7.338746   0.000001
7.361319   0.000001
7.383962   0.000001
7.406674   0.000001
7.429456   0.000001
7.452307   0.000001
7.475230   0.000001
7.498222   0.000001
7.521286   0.000001
7.544420   0.000001
7.567626   0.000001
7.590903   0.000001
7.614251   0.000001
7.637672   0.000001
7.661164   0.000001
7.684729   0.000001
7.708366   0.000001
7.732076   0.000001
7.755859   0.000001
7.779714   0.000001
7.803644   0.000001
7.827647   0.000001
7.851723   0.000001
7.875874   0.000001
7.900099   0.000001
7.924399   0.000001
7.948773   0.000001
7.973222   0.000001
7.997747   0.000001
8.022347   0.000001
8.047022   0.000001
8.071774   0.000001
8.096602   0.000001
8.121506   0.000001
8.146486   0.000001
8.171544   0.000001
8.196678   0.000001
8.221890   0.000001
8.247179   0.000001
8.272546   0.000001
8.297992   0.000001
8.323515   0.000001
8.349117   0.000001
8.374798   0.000001
8.400557   0.000001
8.426396   0.000001
8.452315   0.000001
8.478313   0.000001
8.504391   0.000001
8.530549   0.000001
8.556788   0.000001
8.583107   0.000001
8.609508   0.000002
8.635990   0.000002
8.662553   0.000002
8.689197   0.000002
8.715924   0.000002
8.742733   0.000002
8.769624   0.000002
8.796598   0.000002
8.823656   0.000002
8.850796   0.000002
8.878020   0.000002
8.905327   0.000002
8.932719   0.000002
8.960195   0.000002
8.987755   0.000002
9.015400   0.000002
9.043130   0.000002
9.070945   0.000002
9.098846   0.000002
9.126833   0.000002
9.154906   0.000002
9.183065   0.000002
9.211311   0.000002
9.239644   0.000002
9.268063   0.000002
9.296571   0.000002
9.325166   0.000002
9.353848   0.000002
9.382620   0.000002
9.411479   0.000002
9.440428   0.000002
9.469465   0.000002
9.498592   0.000002
9.527808   0.000002
9.557114   0.000002
9.586510   0.000002
9.615997   0.000002
9.645575   0.000002
9.675243   0.000002
9.705003   0.000002
9.734854   0.000002
9.764797   0.000002
9.794832   0.000003
9.824960   0.000003
9.855180   0.000003
9.885493   0.000003
9.915899   0.000003
9.946399   0.000003
9.976993   0.000003
10.007681   0.000003
10.038463   0.000003
10.069340   0.000003
10.100312   0.000003
10.131379   0.000003
10.162542   0.000003
10.193800   0.000003
10.225155   0.000003
10.256606   0.000003
10.288154   0.000003
10.319799   0.000003
10.351541   0.000003
10.383381   0.000003
10.415319   0.000003
10.447355   0.000003
10.479489   0.000003
10.511723   0.000003
10.544055   0.000003
10.576487   0.000003
10.609019   0.000003
10.641651   0.000004
10.674383   0.000004
10.707216   0.000004
10.740150   0.000004
10.773185   0.000004
10.806322   0.000004
10.839560   0.000004
10.872901   0.000004
10.906345   0.000004
10.939891   0.000004
10.973541   0.000004
11.007294   0.000004
11.041151   0.000004
11.075112   0.000004
11.109177   0.000004
11.143347   0.000004
11.177623   0.000004
11.212004   0.000004
11.246490   0.000004
11.281083   0.000004
11.315782   0.000004
11.350587   0.000005
11.385500   0.000005
11.420520   0.000005
11.455648   0.000005
11.490884   0.000005
11.526229   0.000005
11.561682   0.000005
11.597244   0.000005
11.632915   0.000005
11.668696   0.000005
11.704588   0.000005
11.740589   0.000005
11.776702   0.000005
11.812925   0.000005
11.849260   0.000005
11.885707   0.000005
11.922265   0.000006
11.958937   0.000006
11.995721   0.000006
12.032618   0.000006
12.069628   0.000006
12.106753   0.000006
12.143991   0.000006
12.181345   0.000006
12.218813   0.000006
12.256396   0.000006
12.294095   0.000006
12.331910   0.000006
12.369841   0.000006
12.407889   0.000006
12.446054   0.000007
12.484336   0.000007
12.522736   0.000007
12.561254   0.000007
12.599891   0.000007
12.638646   0.000007
12.677521   0.000007
12.716515   0.000007
12.755630   0.000007
12.794864   0.000007
12.834219   0.000007
12.873696   0.000008
12.913293   0.000008
12.953013   0.000008
12.992854   0.000008
13.032818   0.000008
13.072906   0.000008
13.113116   0.000008
13.153450   0.000008
13.193908   0.000008
13.234491   0.000008
13.275198   0.000008
13.316031   0.000009
13.356989   0.000009
13.398073   0.000009
13.439284   0.000009
13.480621   0.000009
13.522086   0.000009
13.563678   0.000009
13.605398   0.000009
13.647246   0.000009
13.689223   0.000010
13.731329   0.000010
13.773565   0.000010
13.815930   0.000010
13.858426   0.000010
13.901052   0.000010
13.943810   0.000010
13.986699   0.000010
14.029720   0.000011
14.072874   0.000011
14.116160   0.000011
14.159579   0.000011
14.203132   0.000011
14.246819   0.000011
14.290640   0.000011
14.334596   0.000011
14.378687   0.000012
14.422914   0.000012
14.467277   0.000012
14.511776   0.000012
14.556412   0.000012
14.601186   0.000012
14.646097   0.000013
14.691146   0.000013
14.736334   0.000013
14.781661   0.000013
14.827127   0.000013
14.872734   0.000013
14.918480   0.000013
14.964367   0.000014
15.010395   0.000014
15.056565   0.000014
15.102877   0.000014
15.149331   0.000014
15.195929   0.000014
15.242669   0.000015
15.289553   0.000015
15.336582   0.000015
15.383755   0.000015
15.431073   0.000015
15.478537   0.000016
15.526147   0.000016
15.573903   0.000016
15.621806   0.000016
15.669857   0.000016
15.718055   0.000017
15.766401   0.000017
15.814897   0.000017
15.863541   0.000017
15.912335   0.000017
15.961279   0.000018
16.010374   0.000018
16.059619   0.000018
16.109016   0.000018
16.158565   0.000018
16.208267   0.000019
16.258121   0.000019
16.308129   0.000019
16.358290   0.000019
16.408606   0.000020
16.459077   0.000020
16.509702   0.000020
16.560484   0.000020
16.611422   0.000021
16.662516   0.000021
16.713768   0.000021
16.765177   0.000021
16.816744   0.000022
16.868470   0.000022
16.920355   0.000022
16.972400   0.000022
17.024604   0.000023
17.076970   0.000023
17.129496   0.000023
17.182184   0.000024
17.235034   0.000024
17.288046   0.000024
17.341222   0.000024
17.394561   0.000025
17.448064   0.000025
17.501732   0.000025
17.555565   0.000026
17.609563   0.000026
17.663728   0.000026
17.718059   0.000027
17.772557   0.000027
17.827223   0.000027
17.882057   0.000027
17.937060   0.000028
17.992231   0.000028
18.047573   0.000029
18.103085   0.000029
18.158767   0.000029
18.214621   0.000030
18.270647   0.000030
18.326845   0.000030
18.383215   0.000031
18.439759   0.000031
18.496478   0.000031
18.553370   0.000032
18.610438   0.000032
18.667681   0.000033
18.725100   0.000033
18.782696   0.000033
18.840468   0.000034
18.898419   0.000034
18.956548   0.000035
19.014856   0.000035
19.073343   0.000035
19.132009   0.000036
19.190857   0.000036
19.249885   0.000037
19.309095   0.000037
19.368487   0.000038
19.428062   0.000038
19.487820   0.000038
19.547762   0.000039
19.607888   0.000039
19.668199   0.000040
19.728695   0.000040
19.789378   0.000041
19.850247   0.000041
19.911304   0.000042
19.972548   0.000042
20.033981   0.000043
20.095603   0.000043
20.157414   0.000044
20.219415   0.000044
20.281607   0.000045
20.343991   0.000045
20.406566   0.000046
20.469333   0.000047
20.532294   0.000047
20.595449   0.000048
20.658797   0.000048
20.722341   0.000049
20.786080   0.000049
20.850015   0.000050
20.914147   0.000051
20.978475   0.000051
21.043002   0.000052
21.107728   0.000052
21.172652   0.000053
21.237776   0.000054
21.303100   0.000054
21.368626   0.000055
21.434353   0.000056
21.500282   0.000056
21.566413   0.000057
21.632749   0.000058
21.699288   0.000058
21.766032   0.000059
21.832981   0.000060
21.900136   0.000060
21.967498   0.000061
22.035067   0.000062
22.102844   0.000063
22.170829   0.000063
22.239023   0.000064
22.307427   0.000065
22.376042   0.000066
22.444867   0.000066
22.513904   0.000067
22.583154   0.000068
22.652617   0.000069
22.722293   0.000070
22.792183   0.000070
22.862289   0.000071
22.932610   0.000072
23.003147   0.000073
23.073902   0.000074
23.144874   0.000075
23.216064   0.000076
23.287474   0.000076
23.359102   0.000077
23.430952   0.000078
23.503022   0.000079
23.575314   0.000080
23.647828   0.000081
23.720566   0.000082
23.793527   0.000083
23.866712   0.000084
23.940123   0.000085
24.013759   0.000086
24.087622   0.000087
24.161712   0.000088
24.236030   0.000089
24.310577   0.000090
24.385353   0.000091
24.460359   0.000092
24.535595   0.000093
24.611063   0.000094
24.686763   0.000095
24.762696   0.000097
24.838863   0.000098
24.915264   0.000099
24.991900   0.000100
25.068771   0.000101
25.145879   0.000102
25.223224   0.000104
25.300807   0.000105
25.378629   0.000106
25.456690   0.000107
25.534991   0.000108
25.613533   0.000110
25.692317   0.000111
25.771343   0.000112
25.850612   0.000114
25.930124   0.000115
26.009882   0.000116
26.089885   0.000117
26.170133   0.000119
26.250629   0.000120
26.331372   0.000122
26.412364   0.000123
26.493604   0.000124
26.575095   0.000126
26.656836   0.000127
26.738829   0.000129
26.821074   0.000130
26.903571   0.000132
26.986323   0.000133
27.069329   0.000135
27.152591   0.000136
27.236108   0.000138
27.319882   0.000139
27.403915   0.000141
27.488205   0.000143
27.572755   0.000144
27.657565   0.000146
27.742636   0.000148
27.827968   0.000149
27.913563   0.000151
27.999421   0.000153
28.085543   0.000154
28.171930   0.000156
28.258583   0.000158
28.345503   0.000160
28.432689   0.000162
28.520144   0.000163
28.607868   0.000165
28.695862   0.000167
28.784126   0.000169
28.872662   0.000171
28.961470   0.000173
29.050552   0.000175
29.139907   0.000177
29.229537   0.000179
29.319443   0.000181
29.409626   0.000183
29.500085   0.000185
29.590824   0.000187
29.681841   0.000189
29.773138   0.000191
29.864716   0.000193
29.956575   0.000195
30.048718   0.000197
30.141143   0.000200
30.233853   0.000202
30.326848   0.000204
30.420129   0.000206
30.513697   0.000209
30.607553   0.000211
30.701697   0.000213
30.796131   0.000216
30.890856   0.000218
30.985872   0.000220
31.081180   0.000223
31.176781   0.000225
31.272677   0.000228
31.368867   0.000230
31.465353   0.000233
31.562136   0.000235
31.659217   0.000238
31.756596   0.000241
31.854275   0.000243
31.952254   0.000246
32.050535   0.000249
32.149118   0.000251
32.248004   0.000254
32.347194   0.000257
32.446689   0.000260
32.546491   0.000262
32.646599   0.000265
32.747015   0.000268
32.847741   0.000271
32.948776   0.000274
33.050121   0.000277
33.151779   0.000280
33.253749   0.000283
33.356033   0.000286
33.458631   0.000289
33.561545   0.000292
33.664776   0.000295
33.768324   0.000298
33.872190   0.000302
33.976376   0.000305
34.080883   0.000308
34.185711   0.000311
34.290861   0.000315
34.396335   0.000318
34.502133   0.000321
34.608257   0.000325
34.714707   0.000328
34.821485   0.000332
34.928590   0.000335
35.036026   0.000339
35.143792   0.000342
35.251889   0.000346
35.360319   0.000350
35.469082   0.000353
35.578180   0.000357
35.687613   0.000361
35.797383   0.000364
35.907491   0.000368
36.017937   0.000372
36.128724   0.000376
36.239850   0.000380
36.351319   0.000384
36.463130   0.000388
36.575286   0.000392
36.687786   0.000396
36.800633   0.000400
36.913826   0.000404
37.027368   0.000408
37.141259   0.000412
37.255500   0.000417
37.370093   0.000421
37.485038   0.000425
37.600336   0.000430
37.715990   0.000434
37.831999   0.000438
37.948365   0.000443
38.065088   0.000447
38.182171   0.000452
38.299614   0.000457
38.417418   0.000461
38.535585   0.000466
38.654115   0.000471
38.773009   0.000475
38.892270   0.000480
39.011897   0.000485
39.131892   0.000490
39.252256   0.000495
39.372990   0.000500
39.494096   0.000505
39.615574   0.000510
39.737426   0.000515
39.859653   0.000520
39.982255   0.000525
40.105235   0.000530
40.228593   0.000536
40.352331   0.000541
40.476449   0.000546
40.600948   0.000552
40.725831   0.000557
40.851098   0.000562
40.976750   0.000568
41.102789   0.000574
41.229215   0.000579
41.356030   0.000585
41.483236   0.000591
41.610832   0.000596
41.738821   0.000602
41.867204   0.000608
41.995982   0.000614
42.125155   0.000620
42.254726   0.000626
42.384696   0.000632
42.515065   0.000638
42.645835   0.000644
42.777008   0.000650
42.908584   0.000656
43.040565   0.000663
43.172951   0.000669
43.305745   0.000675
43.438947   0.000682
43.572559   0.000688
43.706582   0.000695
43.841018   0.000701
43.975866   0.000708
44.111130   0.000715
44.246810   0.000721
44.382906   0.000728
44.519422   0.000735
44.656357   0.000742
44.793714   0.000749
44.931493   0.000756
45.069696   0.000763
45.208324   0.000770
45.347378   0.000777
45.486860   0.000784
45.626772   0.000792
45.767113   0.000799
45.907886   0.000806
46.049092   0.000814
46.190733   0.000821
46.332809   0.000829
46.475322   0.000836
46.618273   0.000844
46.761665   0.000852
46.905497   0.000860
47.049772   0.000867
47.194490   0.000875
47.339654   0.000883
47.485264   0.000891
47.631321   0.000899
47.777829   0.000907
47.924786   0.000916
48.072196   0.000924
48.220060   0.000932
48.368378   0.000941
48.517152   0.000949
48.666384   0.000957
48.816075   0.000966
48.966226   0.000975
49.116839   0.000983
49.267916   0.000992
49.419457   0.001001
49.571464   0.001010
49.723939   0.001019
49.876882   0.001028
50.030297   0.001037
50.184183   0.001046
50.338542   0.001055
50.493376   0.001064
50.648687   0.001073
50.804475   0.001083
50.960742   0.001092
51.117490   0.001102
51.274720   0.001111
51.432434   0.001121
51.590633   0.001131
51.749319   0.001140
51.908492   0.001150
52.068155   0.001160
52.228309   0.001170
52.388956   0.001180
52.550097   0.001190
52.711734   0.001201
52.873868   0.001211
53.036500   0.001221
53.199633   0.001232
53.363268   0.001242
53.527405   0.001253
53.692048   0.001263
53.857197   0.001274
54.022854   0.001285
54.189021   0.001295
54.355699   0.001306
54.522889   0.001317
54.690594   0.001328
54.858814   0.001339
55.027552   0.001351
55.196809   0.001362
55.366587   0.001373
55.536886   0.001385
55.707710   0.001396
55.879059   0.001408
56.050935   0.001419
56.223340   0.001431
56.396275   0.001443
56.569742   0.001455
56.743742   0.001467
56.918278   0.001479
57.093350   0.001491
57.268961   0.001503
57.445113   0.001515
57.621806   0.001528
57.799042   0.001540
57.976824   0.001553
58.155152   0.001565
58.334029   0.001578
58.513456   0.001591
58.693435   0.001604
58.873968   0.001617
59.055056   0.001630
59.236701   0.001643
59.418905   0.001656
59.601669   0.001669
59.784995   0.001683
59.968885   0.001696
60.153341   0.001710
60.338364   0.001723
60.523956   0.001737
60.710119   0.001751
60.896855   0.001765
61.084165   0.001779
61.272051   0.001793
61.460516   0.001807
61.649559   0.001821
61.839185   0.001835
62.029393   0.001850
62.220187   0.001864
62.411567   0.001879
62.603536   0.001894
62.796096   0.001909
62.989248   0.001923
63.182994   0.001938
63.377336   0.001954
63.572275   0.001969
63.767815   0.001984
63.963955   0.001999
64.160699   0.002015
64.358049   0.002030
64.556005   0.002046
64.754570   0.002062
64.953746   0.002078
65.153534   0.002094
65.353937   0.002110
65.554957   0.002126
65.756594   0.002142
65.958852   0.002159
66.161732   0.002175
66.365237   0.002192
66.569367   0.002208
66.774125   0.002225
66.979512   0.002242
67.185532   0.002259
67.392185   0.002276
67.599474   0.002293
67.807400   0.002311
68.015966   0.002328
68.225173   0.002346
68.435024   0.002363
68.645521   0.002381
68.856665   0.002399
69.068458   0.002417
69.280903   0.002435
69.494001   0.002453
69.707755   0.002471
69.922166   0.002490
70.137236   0.002508
70.352969   0.002527
70.569364   0.002546
70.786426   0.002565
71.004155   0.002584
71.222553   0.002603
71.441624   0.002622
71.661368   0.002641
71.881788   0.002661
72.102886   0.002680
72.324665   0.002700
72.547125   0.002720
72.770270   0.002740
72.994101   0.002760
73.218620   0.002780
73.443830   0.002801
73.669733   0.002821
73.896331   0.002842
74.123625   0.002862
74.351619   0.002883
74.580314   0.002904
74.809713   0.002925
75.039817   0.002946
75.270628   0.002968
75.502150   0.002989
75.734384   0.003011
75.967332   0.003032
76.200997   0.003054
76.435380   0.003076
76.670485   0.003098
76.906312   0.003121
77.142865   0.003143
77.380146   0.003166
77.618156   0.003188
77.856898   0.003211
78.096375   0.003234
78.336589   0.003257
78.577541   0.003280
78.819234   0.003304
79.061671   0.003327
79.304853   0.003351
79.548784   0.003375
79.793465   0.003399
80.038898   0.003423
80.285086   0.003447
80.532032   0.003472
80.779737   0.003496
81.028204   0.003521
81.277435   0.003546
81.527433   0.003571
81.778200   0.003596
82.029738   0.003621
82.282050   0.003646
82.535138   0.003672
82.789004   0.003698
83.043651   0.003724
83.299082   0.003750
83.555298   0.003776
83.812302   0.003802
84.070097   0.003829
84.328684   0.003856
84.588067   0.003882
84.848248   0.003909
85.109230   0.003937
85.371013   0.003964
85.633603   0.003991
85.896999   0.004019
86.161206   0.004047
86.426226   0.004075
86.692061   0.004103
86.958713   0.004132
87.226186   0.004160
87.494481   0.004189
87.763602   0.004218
88.033550   0.004247
88.304329   0.004276
88.575940   0.004305
88.848387   0.004335
89.121672   0.004364
89.395798   0.004394
89.670767   0.004424
89.946581   0.004455
90.223244   0.004485
90.500758   0.004516
90.779126   0.004547
91.058349   0.004578
91.338432   0.004609
91.619376   0.004640
91.901184   0.004672
92.183859   0.004704
92.467404   0.004735
92.751820   0.004768
93.037112   0.004800
93.323280   0.004832
93.610330   0.004865
93.898262   0.004898
94.187079   0.004931
94.476786   0.004964
94.767383   0.004998
95.058874   0.005032
95.351261   0.005065
95.644548   0.005100
95.938737   0.005134
96.233831   0.005168
96.529833   0.005203
96.826745   0.005238
97.124570   0.005273
97.423312   0.005308
97.722972   0.005344
98.023554   0.005380
98.325060   0.005416
98.627494   0.005452
98.930858   0.005488
99.235156   0.005525
99.540389   0.005562
99.846561   0.005599
100.153670   0.005636
100.461730   0.005673
100.770740   0.005711
101.080700   0.005749
101.391610   0.005787
101.703470   0.005825
102.016300   0.005864
102.330080   0.005903
102.644840   0.005942
102.960560   0.005981
103.277250   0.006021
103.594920   0.006060
103.913560   0.006100
104.233180   0.006140
104.553790   0.006181
104.875380   0.006222
105.197960   0.006262
105.521540   0.006304
105.846110   0.006345
106.171680   0.006387
106.498240   0.006429
106.825820   0.006471
107.154400   0.006513
107.483990   0.006556
107.814600   0.006598
108.146220   0.006642
108.478860   0.006685
108.812530   0.006729
109.147220   0.006772
109.482940   0.006817
109.819690   0.006861
110.157480   0.006906
110.496310   0.006951
110.836180   0.006996
111.177100   0.007041
111.519060   0.007087
111.862080   0.007133
112.206150   0.007179
112.551280   0.007225
112.897470   0.007272
113.244730   0.007319
113.593060   0.007367
113.942450   0.007414
114.292920   0.007462
114.644470   0.007510
114.997100   0.007559
115.350820   0.007607
115.705620   0.007656
116.061510   0.007705
116.418500   0.007755
116.776590   0.007805
117.135780   0.007855
117.496070   0.007905
117.857470   0.007956
118.219980   0.008007
118.583610   0.008058
118.948360   0.008110
119.314230   0.008162
119.681220   0.008214
120.049340   0.008266
120.418600   0.008319
120.788990   0.008372
121.160520   0.008425
121.533190   0.008479
121.907010   0.008533
122.281980   0.008587
122.658100   0.008642
123.035380   0.008697
123.413820   0.008752
123.793420   0.008807
124.174190   0.008863
124.556130   0.008919
124.939250   0.008976
125.323550   0.009033
125.709020   0.009090
126.095690   0.009147
126.483540   0.009205
126.872590   0.009263
127.262830   0.009322
127.654270   0.009380
128.046920   0.009439
128.440770   0.009499
128.835840   0.009559
129.232120   0.009619
129.629620   0.009679
130.028340   0.009740
130.428290   0.009801
130.829470   0.009862
131.231880   0.009924
131.635530   0.009986
132.040420   0.010049
132.446560   0.010112
132.853950   0.010175
133.262590   0.010239
133.672480   0.010302
134.083640   0.010367
134.496060   0.010431
134.909750   0.010496
135.324720   0.010562
135.740960   0.010627
136.158480   0.010693
136.577280   0.010760
136.997370   0.010827
137.418760   0.010894
137.841440   0.010961
138.265420   0.011029
138.690700   0.011098
139.117300   0.011166
139.545200   0.011235
139.974420   0.011305
140.404960   0.011375
140.836830   0.011445
141.270020   0.011515
141.704550   0.011586
142.140410   0.011658
142.577620   0.011730
143.016170   0.011802
143.456060   0.011874
143.897310   0.011947
144.339920   0.012021
144.783890   0.012094
145.229220   0.012169
145.675930   0.012243
146.124010   0.012318
146.573460   0.012394
147.024300   0.012469
147.476530   0.012546
147.930150   0.012622
148.385160   0.012699
148.841570   0.012777
149.299390   0.012855
149.758610   0.012933
150.219250   0.013012
150.681300   0.013091
151.144770   0.013170
151.609670   0.013250
152.076000   0.013331
152.543770   0.013412
153.012970   0.013493
153.483620   0.013575
153.955710   0.013657
154.429260   0.013739
154.904260   0.013823
155.380720   0.013906
155.858650   0.013990
156.338050   0.014074
156.818920   0.014159
157.301280   0.014245
157.785110   0.014330
158.270440   0.014417
158.757250   0.014503
159.245570   0.014590
159.735390   0.014678
160.226710   0.014766
160.719540   0.014855
161.213890   0.014944
161.709760   0.015033
162.207160   0.015123
162.706090   0.015213
163.206550   0.015304
163.708550   0.015396
164.212090   0.015487
164.717190   0.015580
165.223830   0.015673
165.732040   0.015766
166.241810   0.015860
166.753140   0.015954
167.266050   0.016049
167.780540   0.016144
168.296610   0.016240
168.814260   0.016336
169.333510   0.016433
169.854360   0.016530
170.376810   0.016628
170.900860   0.016726
171.426530   0.016825
171.953810   0.016924
172.482720   0.017024
173.013250   0.017124
173.545410   0.017225
174.079210   0.017326
174.614660   0.017428
175.151750   0.017531
175.690490   0.017634
176.230890   0.017737
176.772950   0.017841
177.316680   0.017946
177.862080   0.018051
178.409160   0.018156
178.957920   0.018262
179.508370   0.018369
180.060510   0.018476
180.614350   0.018584
181.169890   0.018692
181.727150   0.018801
182.286110   0.018910
182.846800   0.019020
183.409210   0.019131
183.973350   0.019242
184.539230   0.019353
185.106840   0.019466
185.676210   0.019578
186.247320   0.019692
186.820190   0.019805
187.394820   0.019920
187.971220   0.020035
188.549390   0.020150
189.129350   0.020266
189.711080   0.020383
190.294600   0.020500
190.879920   0.020618
191.467040   0.020737
192.055970   0.020856
192.646710   0.020975
193.239260   0.021096
193.833640   0.021216
194.429840   0.021338
195.027880   0.021460
195.627760   0.021582
196.229480   0.021706
196.833050   0.021829
197.438490   0.021954
198.045780   0.022079
198.654940   0.022204
199.265970   0.022330
199.878890   0.022457
200.493690   0.022585
201.110380   0.022713
201.728960   0.022841
202.349450   0.022971
202.971850   0.023101
203.596160   0.023231
204.222400   0.023362
204.850560   0.023494
205.480650   0.023627
206.112680   0.023760
206.746650   0.023893
207.382570   0.024028
208.020450   0.024163
208.660290   0.024298
209.302100   0.024434
209.945890   0.024571
210.591650   0.024709
211.239400   0.024847
211.889140   0.024986
212.540880   0.025125
213.194630   0.025265
213.850390   0.025406
214.508160   0.025548
215.167960   0.025690
215.829780   0.025833
216.493640   0.025976
217.159550   0.026120
217.827500   0.026265
218.497500   0.026410
219.169570   0.026557
219.843710   0.026703
220.519910   0.026851
221.198200   0.026999
221.878580   0.027148
222.561040   0.027297
223.245610   0.027448
223.932280   0.027599
224.621070   0.027750
225.311970   0.027903
226.005000   0.028056
226.700160   0.028209
227.397450   0.028364
228.096890   0.028519
228.798490   0.028674
229.502240   0.028831
230.208160   0.028988
230.916240   0.029146
231.626510   0.029305
232.338960   0.029464
233.053600   0.029624
233.770440   0.029785
234.489490   0.029946
235.210740   0.030109
235.934220   0.030271
236.659920   0.030435
237.387850   0.030600
238.118020   0.030765
238.850440   0.030930
239.585110   0.031097
240.322040   0.031264
241.061230   0.031432
241.802700   0.031601
242.546460   0.031771
243.292490   0.031941
244.040830   0.032112
244.791460   0.032284
245.544410   0.032456
246.299670   0.032629
247.057250   0.032804
247.817160   0.032978
248.579410   0.033154
249.344010   0.033330
250.110950   0.033507
250.880260   0.033685
251.651930   0.033863
252.425980   0.034043
253.202400   0.034223
253.981220   0.034404
254.762430   0.034585
255.546040   0.034768
256.332060   0.034951
257.120500   0.035135
257.911370   0.035320
258.704670   0.035505
259.500410   0.035692
260.298590   0.035879
261.099240   0.036067
261.902340   0.036255
262.707920   0.036445
263.515970   0.036635
264.326500   0.036826
265.139540   0.037018
265.955070   0.037211
266.773110   0.037404
267.593660   0.037598
268.416740   0.037793
269.242360   0.037989
270.070510   0.038186
270.901210   0.038383
271.734460   0.038582
272.570280   0.038781
273.408660   0.038981
274.249630   0.039182
275.093180   0.039383
275.939330   0.039586
276.788080   0.039789
277.639440   0.039993
278.493420   0.040198
279.350030   0.040403
280.209270   0.040610
281.071150   0.040817
281.935690   0.041025
282.802880   0.041234
283.672740   0.041444
284.545280   0.041655
285.420500   0.041867
286.298410   0.042079
287.179030   0.042292
288.062350   0.042506
288.948390   0.042721
289.837150   0.042937
290.728650   0.043154
291.622890   0.043371
292.519880   0.043589
293.419630   0.043809
294.322150   0.044029
295.227440   0.044249
296.135520   0.044471
297.046390   0.044694
297.960060   0.044917
298.876540   0.045142
299.795840   0.045367
300.717970   0.045593
301.642940   0.045820
302.570750   0.046048
303.501420   0.046277
304.434940   0.046506
305.371340   0.046737
306.310620   0.046968
307.252790   0.047200
308.197850   0.047434
309.145830   0.047668
310.096720   0.047903
311.050530   0.048138
312.007280   0.048375
312.966970   0.048613
313.929610   0.048851
314.895210   0.049091
315.863780   0.049331
316.835340   0.049572
317.809880   0.049814
318.787410   0.050057
319.767960   0.050301
320.751520   0.050546
321.738110   0.050792
322.727730   0.051038
323.720390   0.051286
324.716110   0.051534
325.714890   0.051784
326.716740   0.052034
327.721680   0.052285
328.729700   0.052537
329.740830   0.052790
330.755060   0.053044
331.772420   0.053299
332.792900   0.053555
333.816530   0.053812
334.843300   0.054069
335.873230   0.054328
336.906330   0.054588
337.942610   0.054848
338.982070   0.055110
340.024730   0.055372
341.070600   0.055635
342.119680   0.055900
343.171990   0.056165
344.227540   0.056431
345.286340   0.056698
346.348390   0.056966
347.413710   0.057235
348.482300   0.057505
349.554180   0.057776
350.629360   0.058048
351.707850   0.058321
352.789650   0.058594
353.874780   0.058869
354.963250   0.059145
356.055070   0.059421
357.150240   0.059699
358.248790   0.059978
359.350710   0.060257
360.456020   0.060538
361.564730   0.060819
362.676850   0.061102
363.792400   0.061385
364.911370   0.061670
366.033790   0.061955
367.159650   0.062241
368.288980   0.062529
369.421790   0.062817
370.558080   0.063107
371.697860   0.063397
372.841150   0.063688
373.987960   0.063980
375.138290   0.064274
376.292160   0.064568
377.449590   0.064863
378.610570   0.065160
379.775120   0.065457
380.943250   0.065755
382.114980   0.066055
383.290310   0.066355
384.469260   0.066656
385.651830   0.066959
386.838040   0.067262
388.027900   0.067566
389.221420   0.067872
390.418610   0.068178
391.619480   0.068485
392.824050   0.068794
394.032320   0.069103
395.244310   0.069414
396.460020   0.069725
397.679480   0.070038
398.902680   0.070351
400.129650   0.070666
401.360390   0.070981
402.594920   0.071298
403.833240   0.071616
405.075380   0.071934
406.321330   0.072254
407.571120   0.072575
408.824750   0.072897
410.082240   0.073219
411.343590   0.073543
412.608830   0.073868
413.877950   0.074194
415.150980   0.074521
416.427930   0.074849
417.708800   0.075179
418.993610   0.075509
420.282380   0.075840
421.575110   0.076172
422.871810   0.076506
424.172510   0.076840
425.477200   0.077176
426.785910   0.077512
428.098640   0.077850
429.415410   0.078189
430.736230   0.078528
432.061110   0.078869
433.390070   0.079211
434.723120   0.079554
436.060270   0.079898
437.401530   0.080244
438.746910   0.080590
440.096430   0.080937
441.450110   0.081286
442.807950   0.081635
444.169960   0.081986
445.536160   0.082338
446.906570   0.082690
448.281190   0.083044
449.660040   0.083399
451.043130   0.083755
452.430470   0.084113
453.822090   0.084471
455.217980   0.084830
456.618160   0.085191
458.022660   0.085553
459.431470   0.085915
460.844620   0.086279
462.262110   0.086644
463.683960   0.087010
465.110190   0.087378
466.540800   0.087746
467.975810   0.088115
469.415240   0.088486
470.859100   0.088858
472.307390   0.089231
473.760140   0.089605
475.217360   0.089980
476.679060   0.090356
478.145260   0.090734
479.615970   0.091112
481.091200   0.091492
482.570960   0.091873
484.055280   0.092255
485.544170   0.092638
487.037630   0.093022
488.535690   0.093408
490.038360   0.093794
491.545650   0.094182
493.057570   0.094571
494.574150   0.094961
496.095390   0.095353
497.621310   0.095745
499.151920   0.096139
500.687240   0.096534
502.227280   0.096930
503.772060   0.097327
505.321590   0.097725
506.875890   0.098125
508.434970   0.098525
509.998840   0.098927
511.567530   0.099331
513.141030   0.099735
514.719380   0.100140
516.302590   0.100547
517.890660   0.100955
519.483620   0.101364
521.081480   0.101774
522.684250   0.102186
524.291950   0.102599
525.904600   0.103013
527.522210   0.103428
529.144790   0.103844
530.772360   0.104262
532.404950   0.104681
534.042550   0.105101
535.685190   0.105522
537.332880   0.105945
538.985640   0.106368
540.643480   0.106793
542.306420   0.107220
543.974480   0.107647
545.647670   0.108076
547.326000   0.108506
549.009500   0.108937
550.698180   0.109370
552.392050   0.109803
554.091120   0.110238
555.795430   0.110675
557.504980   0.111112
559.219780   0.111551
560.939860   0.111991
562.665240   0.112432
564.395910   0.112875
566.131920   0.113319
567.873260   0.113764
569.619950   0.114211
571.372020   0.114658
573.129480   0.115107
574.892350   0.115558
576.660640   0.116009
578.434360   0.116462
580.213540   0.116917
581.998200   0.117372
583.788340   0.117829
585.583990   0.118287
587.385170   0.118747
589.191880   0.119207
591.004150   0.119670
592.821990   0.120133
594.645430   0.120598
596.474480   0.121064
598.309150   0.121531
600.149460   0.122000
601.995430   0.122470
603.847090   0.122942
605.704430   0.123415
607.567500   0.123889
609.436290   0.124364
611.310830   0.124841
613.191130   0.125319
615.077220   0.125799
616.969110   0.126280
618.866820   0.126762
620.770370   0.127246
622.679770   0.127731
624.595040   0.128218
626.516210   0.128705
628.443280   0.129195
630.376290   0.129685
632.315230   0.130177
634.260140   0.130671
636.211040   0.131166
638.167930   0.131662
640.130850   0.132160
642.099800   0.132659
644.074810   0.133159
646.055890   0.133661
648.043070   0.134164
650.036350   0.134669
652.035770   0.135175
654.041340   0.135683
656.053080   0.136192
658.071010   0.136702
660.095140   0.137214
662.125500   0.137727
664.162100   0.138242
666.204970   0.138759
668.254120   0.139276
670.309580   0.139795
672.371360   0.140316
674.439470   0.140838
676.513950   0.141362
678.594810   0.141887
680.682080   0.142414
682.775760   0.142942
684.875880   0.143471
686.982460   0.144002
689.095520   0.144535
691.215080   0.145069
693.341160   0.145604
695.473780   0.146141
697.612960   0.146680
699.758720   0.147220
701.911070   0.147762
704.070050   0.148305
706.235670   0.148849
708.407950   0.149396
710.586910   0.149943
712.772580   0.150493
714.964970   0.151044
717.164100   0.151596
719.369990   0.152150
721.582670   0.152705
723.802160   0.153262
726.028470   0.153821
728.261630   0.154381
730.501660   0.154943
732.748580   0.155506
735.002410   0.156071
737.263170   0.156638
739.530890   0.157206
741.805580   0.157776
744.087270   0.158347
746.375980   0.158920
748.671720   0.159495
750.974530   0.160071
753.284420   0.160649
755.601420   0.161228
757.925540   0.161809
760.256810   0.162392
762.595250   0.162976
764.940890   0.163562
767.293740   0.164150
769.653820   0.164739
772.021170   0.165330
774.395800   0.165923
776.777730   0.166517
779.166990   0.167113
781.563590   0.167711
783.967570   0.168310
786.378950   0.168911
788.797740   0.169514
791.223970   0.170118
793.657660   0.170724
796.098840   0.171332
798.547520   0.171942
801.003740   0.172553
803.467520   0.173166
805.938870   0.173780
808.417820   0.174397
810.904400   0.175015
813.398630   0.175635
815.900520   0.176257
818.410120   0.176880
820.927430   0.177505
823.452490   0.178132
825.985310   0.178761
828.525920   0.179391
831.074350   0.180024
833.630620   0.180658
836.194750   0.181293
838.766760   0.181931
841.346690   0.182570
843.934560   0.183212
846.530380   0.183855
849.134190   0.184500
851.746000   0.185146
854.365850   0.185795
856.993760   0.186445
859.629750   0.187097
862.273850   0.187751
864.926080   0.188407
867.586470   0.189065
870.255040   0.189724
872.931820   0.190386
875.616840   0.191049
878.310110   0.191714
881.011670   0.192381
883.721540   0.193050
886.439740   0.193721
889.166300   0.194394
891.901250   0.195068
894.644610   0.195745
897.396410   0.196424
900.156670   0.197104
902.925430   0.197786
905.702700   0.198470
908.488510   0.199157
911.282890   0.199845
914.085870   0.200535
916.897470   0.201227
919.717710   0.201921
922.546640   0.202617
925.384260   0.203315
928.230610   0.204015
931.085710   0.204717
933.949600   0.205421
936.822300   0.206127
939.703830   0.206834
942.594230   0.207544
945.493510   0.208256
948.401720   0.208970
951.318860   0.209686
954.244990   0.210404
957.180110   0.211124
960.124260   0.211847
963.077460   0.212571
966.039750   0.213297
969.011150   0.214025
971.991690   0.214756
974.981400   0.215488
977.980310   0.216223
980.988440   0.216959
984.005820   0.217698
987.032480   0.218439
990.068450   0.219182
993.113760   0.219927
996.168440   0.220674
999.232510   0.221424
1002.306000   0.222175
1005.389000   0.222929
1008.481400   0.223684
1011.583300   0.224442
1014.694800   0.225202
1017.815900   0.225965
1020.946500   0.226729
1024.086800   0.227496
1027.236800   0.228265
1030.396400   0.229036
1033.565800   0.229809
1036.744900   0.230584
1039.933700   0.231362
1043.132400   0.232142
1046.341000   0.232924
1049.559400   0.233708
1052.787600   0.234495
1056.025900   0.235284
1059.274100   0.236075
1062.532200   0.236868
1065.800400   0.237664
1069.078700   0.238462
1072.367000   0.239262
1075.665500   0.240065
1078.974100   0.240869
1082.292800   0.241677
1085.621800   0.242486
1088.961000   0.243298
1092.310500   0.244112
1095.670300   0.244928
1099.040400   0.245747
1102.420900   0.246568
1105.811800   0.247392
1109.213100   0.248218
1112.624900   0.249046
1116.047200   0.249877
1119.480000   0.250710
1122.923400   0.251545
1126.377300   0.252383
1129.841900   0.253223
1133.317100   0.254066
1136.803000   0.254911
1140.299700   0.255759
1143.807100   0.256609
1147.325300   0.257461
1150.854300   0.258316
1154.394200   0.259174
1157.944900   0.260033
1161.506600   0.260896
1165.079200   0.261761
1168.662800   0.262628
1172.257500   0.263498
1175.863200   0.264370
1179.480000   0.265245
1183.107900   0.266122
1186.746900   0.267002
1190.397200   0.267885
1194.058700   0.268770
1197.731400   0.269657
1201.415500   0.270548
1205.110900   0.271440
1208.817600   0.272336
1212.535800   0.273234
1216.265400   0.274134
1220.006400   0.275037
1223.759000   0.275943
1227.523100   0.276851
1231.298800   0.277763
1235.086100   0.278676
1238.885000   0.279593
1242.695700   0.280512
1246.518000   0.281433
1250.352100   0.282358
1254.198100   0.283285
1258.055800   0.284214
1261.925400   0.285147
1265.806900   0.286082
1269.700300   0.287020
1273.605800   0.287960
1277.523200   0.288904
1281.452700   0.289850
1285.394200   0.290799
1289.347900   0.291750
1293.313800   0.292705
1297.291800   0.293662
1301.282100   0.294622
1305.284700   0.295584
1309.299500   0.296550
1313.326800   0.297518
1317.366400   0.298489
1321.418400   0.299463
1325.482900   0.300440
1329.559900   0.301420
1333.649400   0.302403
1337.751500   0.303388
1341.866300   0.304376
1345.993700   0.305368
1350.133700   0.306362
1354.286600   0.307359
1358.452200   0.308359
1362.630600   0.309361
1366.821800   0.310367
1371.026000   0.311376
1375.243100   0.312388
1379.473100   0.313402
1383.716200   0.314420
1387.972300   0.315441
1392.241500   0.316464
1396.523800   0.317491
1400.819300   0.318520
1405.128100   0.319553
1409.450000   0.320589
1413.785300   0.321627
1418.133900   0.322669
1422.495900   0.323714
1426.871300   0.324762
1431.260100   0.325813
1435.662500   0.326867
1440.078400   0.327924
1444.507900   0.328984
1448.951000   0.330047
1453.407700   0.331114
1457.878200   0.332184
1462.362400   0.333256
1466.860400   0.334332
1471.372300   0.335411
1475.898000   0.336494
1480.437700   0.337579
1484.991300   0.338668
1489.558900   0.339759
1494.140600   0.340854
1498.736400   0.341953
1503.346300   0.343054
1507.970300   0.344159
1512.608600   0.345267
1517.261200   0.346378
1521.928100   0.347493
1526.609300   0.348611
1531.305000   0.349732
1536.015000   0.350856
1540.739600   0.351984
1545.478700   0.353115
1550.232400   0.354250
1555.000700   0.355388
1559.783600   0.356529
1564.581300   0.357673
1569.393700   0.358821
1574.221000   0.359972
1579.063000   0.361127
1583.920000   0.362285
1588.791900   0.363447
1593.678800   0.364612
1598.580700   0.365780
1603.497800   0.366952
1608.429900   0.368127
1613.377200   0.369306
1618.339700   0.370489
1623.317500   0.371674
1628.310600   0.372864
1633.319000   0.374057
1638.342900   0.375253
1643.382200   0.376453
1648.437000   0.377657
1653.507400   0.378864
1658.593300   0.380074
1663.694900   0.381288
1668.812200   0.382506
1673.945200   0.383728
1679.094100   0.384953
1684.258700   0.386182
1689.439300   0.387414
1694.635700   0.388650
1699.848200   0.389890
1705.076700   0.391133
1710.321300   0.392380
1715.582000   0.393631
1720.858800   0.394886
1726.152000   0.396144
1731.461400   0.397406
1736.787100   0.398671
1742.129200   0.399941
1747.487700   0.401214
1752.862800   0.402491
1758.254300   0.403772
1763.662500   0.405057
1769.087200   0.406345
1774.528700   0.407638
1779.986900   0.408934
1785.461900   0.410234
1790.953700   0.411538
1796.462400   0.412846
1801.988100   0.414157
1807.530800   0.415473
1813.090500   0.416793
1818.667300   0.418116
1824.261200   0.419443
1829.872400   0.420775
1835.500800   0.422110
1841.146600   0.423449
1846.809700   0.424793
1852.490200   0.426140
1858.188200   0.427491
1863.903700   0.428847
1869.636800   0.430206
1875.387600   0.431570
1881.156000   0.432937
1886.942200   0.434309
1892.746100   0.435685
1898.567900   0.437065
1904.407700   0.438449
1910.265300   0.439837
1916.141100   0.441229
1922.034800   0.442626
1927.946700   0.444026
1933.876800   0.445431
1939.825200   0.446840
1945.791800   0.448253
1951.776800   0.449671
1957.780200   0.451093
1963.802000   0.452518
1969.842400   0.453949
1975.901300   0.455383
1981.978900   0.456822
1988.075200   0.458265
1994.190300   0.459713
2000.324100   0.461164
2006.476800   0.462621
2012.648400   0.464081
2018.839100   0.465546
2025.048700   0.467015
2031.277500   0.468489
2037.525400   0.469967
2043.792600   0.471450
2050.079000   0.472937
2056.384700   0.474428
2062.709900   0.475924
2069.054500   0.477424
2075.418600   0.478929
2081.802300   0.480439
2088.205600   0.481953
2094.628600   0.483471
2101.071400   0.484994
2107.534000   0.486522
2114.016500   0.488054
2120.518900   0.489591
2127.041300   0.491132
2133.583800   0.492678
2140.146400   0.494229
2146.729200   0.495784
2153.332200   0.497344
2159.955600   0.498909
2166.599300   0.500479
2173.263400   0.502053
2179.948100   0.503632
2186.653300   0.505216
2193.379100   0.506804
2200.125600   0.508397
2206.892900   0.509995
2213.681000   0.511598
2220.490000   0.513206
2227.319900   0.514818
2234.170800   0.516435
2241.042800   0.518058
2247.935900   0.519685
2254.850300   0.521317
2261.785900   0.522954
2268.742800   0.524595
2275.721100   0.526242
2282.720900   0.527894
2289.742200   0.529551
2296.785200   0.531212
2303.849700   0.532879
2310.936100   0.534551
2318.044200   0.536228
2325.174100   0.537909
2332.326100   0.539596
2339.500000   0.541288
2346.695900   0.542986
2353.914000   0.544688
2361.154300   0.546395
2368.416900   0.548108
2375.701800   0.549825
2383.009100   0.551548
2390.338900   0.553276
2397.691300   0.555010
2405.066200   0.556748
2412.463900   0.558492
2419.884300   0.560241
2427.327500   0.561995
2434.793600   0.563755
2442.282700   0.565520
2449.794800   0.567290
2457.330000   0.569066
2464.888400   0.570847
2472.470100   0.572633
2480.075000   0.574425
2487.703400   0.576222
2495.355200   0.578025
2503.030600   0.579833
2510.729500   0.581646
2518.452200   0.583465
2526.198600   0.585290
2533.968800   0.587120
2541.763000   0.588955
2549.581100   0.590796
2557.423200   0.592643
2565.289500   0.594495
2573.179900   0.596353
2581.094700   0.598217
2589.033800   0.600086
2596.997300   0.601961
2604.985200   0.603841
2612.997800   0.605727
2621.035000   0.607619
2629.097000   0.609517
2637.183700   0.611420
2645.295300   0.613329
2653.431800   0.615244
2661.593400   0.617165
2669.780100   0.619091
2677.992000   0.621024
2686.229100   0.622962
2694.491500   0.624906
2702.779400   0.626856
2711.092800   0.628812
2719.431700   0.630774
2727.796300   0.632742
2736.186600   0.634715
2744.602700   0.636695
2753.044800   0.638681
2761.512700   0.640672
2770.006700   0.642670
2778.526900   0.644674
2787.073200   0.646684
2795.645900   0.648700
2804.244900   0.650722
2812.870400   0.652750
2821.522300   0.654785
2830.201000   0.656825
2838.906200   0.658872
2847.638300   0.660925
2856.397200   0.662984
2865.183100   0.665050
2873.996000   0.667121
2882.836000   0.669199
2891.703200   0.671284
2900.597700   0.673374
2909.519500   0.675471
2918.468800   0.677575
2927.445600   0.679685
2936.450000   0.681801
2945.482100   0.683923
2954.542000   0.686052
2963.629700   0.688188
2972.745400   0.690330
2981.889200   0.692478
2991.061000   0.694633
3000.261100   0.696795
3009.489500   0.698963
3018.746300   0.701138
3028.031500   0.703319
3037.345300   0.705507
3046.687700   0.707702
3056.058900   0.709903
3065.458900   0.712111
3074.887800   0.714326
3084.345700   0.716547
3093.832700   0.718776
3103.348900   0.721011
3112.894400   0.723252
3122.469200   0.725501
3132.073500   0.727756
3141.707300   0.730019
3151.370800   0.732288
3161.063900   0.734564
3170.786900   0.736847
3180.539800   0.739137
3190.322700   0.741434
3200.135700   0.743738
3209.978800   0.746049
3219.852300   0.748367
3229.756100   0.750692
3239.690300   0.753024
3249.655200   0.755363
3259.650600   0.757709
3269.676900   0.760062
3279.733900   0.762423
3289.821900   0.764791
3299.941000   0.767166
3310.091100   0.769548
3320.272500   0.771938
3330.485200   0.774334
3340.729300   0.776738
3351.004900   0.779150
3361.312100   0.781569
3371.651000   0.783995
3382.021700   0.786428
3392.424300   0.788869
3402.859000   0.791317
3413.325700   0.793773
3423.824600   0.796236
3434.355800   0.798707
3444.919400   0.801186
3455.515400   0.803671
3466.144100   0.806165
3476.805500   0.808666
3487.499600   0.811175
3498.226700   0.813691
3508.986700   0.816215
3519.779900   0.818747
3530.606200   0.821286
3541.465900   0.823833
3552.358900   0.826388
3563.285500   0.828951
3574.245600   0.831521
3585.239500   0.834100
3596.267200   0.836686
3607.328800   0.839280
3618.424400   0.841882
3629.554200   0.844492
3640.718200   0.847110
3651.916500   0.849736
3663.149300   0.852370
3674.416600   0.855012
3685.718600   0.857662
3697.055300   0.860320
3708.427000   0.862986
3719.833600   0.865660
3731.275200   0.868343
3742.752100   0.871033
3754.264300   0.873732
3765.811900   0.876439
3777.395000   0.879155
3789.013700   0.881878
3800.668200   0.884610
3812.358500   0.887351
3824.084800   0.890099
3835.847100   0.892856
3847.645600   0.895622
3859.480400   0.898396
3871.351600   0.901178
3883.259400   0.903969
3895.203700   0.906769
3907.184800   0.909577
3919.202800   0.912393
3931.257700   0.915218
3943.349700   0.918052
3955.478800   0.920895
3967.645300   0.923746
3979.849300   0.926606
3992.090700   0.929474
4004.369800   0.932352
4016.686700   0.935238
4029.041400   0.938133
4041.434200   0.941036
4053.865100   0.943949
4066.334200   0.946871
4078.841700   0.949801
4091.387600   0.952740
4103.972100   0.955689
4116.595400   0.958646
4129.257400   0.961613
4141.958400   0.964588
4154.698500   0.967573
4167.477800   0.970567
4180.296300   0.973570
4193.154300   0.976582
4206.051900   0.979603
4218.989100   0.982633
4231.966100   0.985673
4244.983000   0.988722
4258.040000   0.991781
4271.137100   0.994848
4284.274500   0.997925
4297.452400   1.001012
4310.670700   1.004108
4323.929700   1.007213
4337.229500   1.010328
4350.570200   1.013453
4363.951900   1.016587
4377.374800   1.019730
4390.839000   1.022884
4404.344600   1.026046
4417.891800   1.029219
4431.480600   1.032401
4445.111200   1.035593
4458.783700   1.038795
4472.498300   1.042006
4486.255100   1.045228
4500.054100   1.048459
4513.895700   1.051700
4527.779800   1.054951
4541.706600   1.058212
4555.676200   1.061483
4569.688800   1.064764
4583.744600   1.068055
4597.843500   1.071356
4611.985800   1.074667
4626.171600   1.077988
4640.401100   1.081319
4654.674300   1.084661
4668.991400   1.088013
4683.352600   1.091375
4697.757900   1.094747
4712.207500   1.098130
4726.701600   1.101523
4741.240300   1.104927
4755.823600   1.108340
4770.451900   1.111765
4785.125100   1.115200
4799.843500   1.118645
4814.607100   1.122101
4829.416200   1.125567
4844.270800   1.129044
4859.171100   1.132532
4874.117200   1.136030
4889.109300   1.139539
4904.147500   1.143059
4919.231900   1.146590
4934.362800   1.150131
4949.540200   1.153683
4964.764300   1.157247
4980.035200   1.160821
4995.353100   1.164406
5010.718100   1.168002
5026.130300   1.171609
5041.590000   1.175227
5057.097200   1.178856
5072.652100   1.182496
5088.254900   1.186147
5103.905600   1.189810
5119.604500   1.193484
5135.351700   1.197169
5151.147300   1.200865
5166.991500   1.204573
5182.884400   1.208291
5198.826200   1.212022
5214.817100   1.215764
5230.857100   1.219517
5246.946500   1.223282
5263.085400   1.227058
5279.273900   1.230846
5295.512200   1.234645
5311.800400   1.238456
5328.138700   1.242279
5344.527300   1.246114
5360.966300   1.249960
5377.455900   1.253818
5393.996200   1.257688
5410.587400   1.261570
5427.229600   1.265463
5443.923000   1.269369
5460.667700   1.273286
5477.463900   1.277216
5494.311800   1.281157
5511.211600   1.285111
5528.163300   1.289077
5545.167100   1.293055
5562.223300   1.297045
5579.331900   1.301047
5596.493100   1.305062
5613.707100   1.309088
5630.974100   1.313128
5648.294200   1.317179
5665.667500   1.321243
5683.094300   1.325320
5700.574700   1.329409
5718.108800   1.333510
5735.696900   1.337624
5753.339100   1.341751
5771.035600   1.345891
5788.786500   1.350043
5806.591900   1.354207
5824.452200   1.358385
5842.367400   1.362574
5860.337700   1.366776
5878.363200   1.370990
5896.444300   1.375218
5914.580900   1.379459
5932.773300   1.383712
5951.021700   1.387979
5969.326200   1.392259
5987.687000   1.396552
6006.104200   1.400858
6024.578100   1.405177
6043.108900   1.409509
6061.696600   1.413855
6080.341600   1.418214
6099.043800   1.422587
6117.803600   1.426973
6136.621100   1.431372
6155.496500   1.435785
6174.429900   1.440211
6193.421600   1.444652
6212.471700   1.449105
6231.580400   1.453573
6250.747800   1.458054
6269.974200   1.462548
6289.259800   1.467057
6308.604600   1.471579
6328.009000   1.476116
6347.473100   1.480666
6366.997000   1.485230
6386.581000   1.489808
6406.225200   1.494400
6425.929800   1.499007
6445.695100   1.503627
6465.521100   1.508262
6485.408100   1.512911
6505.356300   1.517574
6525.365900   1.522251
6545.437000   1.526943
6565.569800   1.531649
6585.764600   1.536370
6606.021500   1.541105
6626.340600   1.545855
6646.722300   1.550619
6667.166700   1.555398
6687.674000   1.560192
6708.244300   1.565000
6728.877900   1.569823
6749.575000   1.574661
6770.335700   1.579513
6791.160300   1.584381
6812.048900   1.589264
6833.001800   1.594161
6854.019200   1.599074
6875.101200   1.604001
6896.248000   1.608944
6917.459900   1.613902
6938.737000   1.618875
6960.079600   1.623864
6981.487800   1.628867
7002.961900   1.633887
7024.502000   1.638921
7046.108300   1.643971
7067.781200   1.649037
7089.520700   1.654118
7111.327000   1.659214
7133.200400   1.664327
7155.141200   1.669455
7177.149400   1.674598
7199.225200   1.679758
7221.369000   1.684933
7243.580900   1.690125
7265.861200   1.695332
7288.209900   1.700555
7310.627400   1.705794
7333.113900   1.711050
7355.669500   1.716321
7378.294500   1.721609
7400.989100   1.726913
7423.753500   1.732233
7446.587900   1.737569
7469.492500   1.742922
7492.467600   1.748292
7515.513400   1.753677
7538.630000   1.759080
7561.817800   1.764499
7585.076900   1.769934
7608.407500   1.775387
7631.809900   1.780856
7655.284200   1.786342
7678.830800   1.791844
7702.449800   1.797364
7726.141400   1.802900
7749.906000   1.808454
7773.743600   1.814025
7797.654500   1.819612
7821.639000   1.825217
7845.697200   1.830839
7869.829500   1.836479
7894.035900   1.842135
7918.316900   1.847809
7942.672500   1.853501
7967.103000   1.859210
7991.608700   1.864936
8016.189800   1.870680
8040.846400   1.876442
8065.578900   1.882222
8090.387500   1.888019
8115.272400   1.893834
8140.233800   1.899667
8165.272000   1.905517
8190.387200   1.911386
8215.579700   1.917273
8240.849600   1.923178
8266.197300   1.929101
8291.623000   1.935042
8317.126800   1.941001
8342.709100   1.946979
8368.370100   1.952975
8394.110000   1.958990
8419.929100   1.965023
8445.827600   1.971074
8471.805800   1.977145
8497.863900   1.983233
8524.002100   1.989341
8550.220700   1.995467
8576.520000   2.001612
8602.900100   2.007776
8629.361400   2.013959
8655.904100   2.020161
8682.528500   2.026382
8709.234700   2.032622
8736.023100   2.038881
8762.893800   2.045160
8789.847200   2.051457
8816.883600   2.057774
8844.003000   2.064111
8871.205900   2.070467
8898.492500   2.076842
8925.863000   2.083237
8953.317700   2.089652
8980.856800   2.096087
9008.480700   2.102541
9036.189500   2.109015
9063.983500   2.115509
9091.863000   2.122023
9119.828300   2.128557
9147.879600   2.135111
9176.017200   2.141685
9204.241300   2.148279
9232.552200   2.154894
9260.950300   2.161529
9289.435600   2.168184
9318.008600   2.174859
9346.669500   2.181556
9375.418500   2.188273
9404.256000   2.195010
9433.182100   2.201768
9462.197300   2.208547
9491.301600   2.215347
9520.495500   2.222168
9549.779200   2.229009
9579.153000   2.235872
9608.617100   2.242756
9638.171800   2.249660
9667.817500   2.256587
9697.554300   2.263534
9727.382600   2.270503
9757.302700   2.277493
9787.314700   2.284505
9817.419100   2.291538
9847.616100   2.298593
9877.906000   2.305669
9908.289000   2.312767
9938.765500   2.319887
9969.335700   2.327029
10000.000000   2.334193
