2.882892   4.442732e-03
347.416438   9.949485e-09
565.558214   5.035554e-09
762.317328   3.496723e-09
495.003050   5.986449e-09
573.889400   4.934179e-09
460.175492   6.619500e-09
543.974458   5.290134e-09
654.888638   4.186201e-09
756.617576   3.522580e-09
495.886474   5.977260e-09
706.612418   3.821718e-09
263.557398   1.553945e-08
460.529544   6.609326e-09
411.061398   4.747302e-10
1065.426876   4.795571e-10
4.236960   1.320176e-03
19.716270   6.169861e-06
14.602634   1.672420e-05
7.340780   4.208749e-04
10.187382   7.501196e-05
30.447712   1.798477e-06
860.922132   3.622903e-09
10.150734   1.882524e-04
12.789162   1.747085e-05
77.815746   1.474551e-07
347.375898   3.249570e-10
5.869760   2.818080e-04
60.450874   1.341400e-07
124.052380   6.490174e-07
13.970552   1.641780e-05
39.604888   1.126960e-05
8.130916   3.432247e-04
35.907924   5.743065e-07
653.201134   4.121984e-10
5.970862   1.574819e-03
69.314814   8.964489e-08
6.949932   1.188507e-03
8.435280   1.339194e-05
5.196274   1.678919e-04
364.234476   1.964211e-09
3.920336   5.862965e-03
7.947270   4.629490e-04
6.242852   1.199012e-03
88.108138   9.015924e-09
11.993118   3.877629e-05
9.309412   4.033710e-04
574.915718   6.234911e-10
3.768888   7.627875e-04
16.513048   5.632214e-05
22.389300   5.127009e-07
3.694096   5.394989e-03
30.918528   5.266186e-06
6.120434   1.965609e-03
180.023686   5.160038e-09
4.524936   7.527674e-03
5.775548   3.184172e-03
7.887804   2.902743e-04
4.979762   4.330487e-04
18.734558   2.316562e-05
4.644472   1.093591e-03
22.845340   6.970968e-06
6.031626   8.661816e-04
7.903102   2.819620e-05
4.229812   8.212779e-03
9.825272   3.180284e-04
7.822366   2.627120e-04
6.513136   8.085781e-04
380.535676   9.210331e-10
14.297798   4.978335e-05
22.770186   7.634905e-06
18.624322   3.360811e-05
12.307790   5.567012e-04
14.236912   3.111719e-04
121.558898   5.480296e-09
387.431374   9.129530e-10
69.320346   1.125150e-07
267.586304   1.001551e-08
6.129866   6.751946e-04
10.078032   1.920422e-04
16.171984   1.873199e-05
11.074718   3.819142e-04
10.146742   6.131470e-05
7.119838   3.802455e-04
31.649104   3.454097e-06
30.787300   1.617263e-05
7.698922   8.113387e-04
4.905016   6.138419e-03
7.368272   1.083216e-03
8.584560   2.710852e-04
14.780428   9.785562e-05
760.346200   1.388060e-09
5.483876   1.216859e-03
17.012040   1.257808e-04
5.077458   2.038681e-03
7.316026   3.865051e-04
5.311104   1.109219e-03
7.091904   3.438743e-04
6.934586   3.718012e-03
45.882896   2.712502e-07
9.238890   1.329720e-04
10.083942   9.853733e-04
7.827902   3.310220e-04
10.839978   6.877232e-05
321.619318   1.763163e-09
10.838458   4.864550e-04
3.012822   1.091996e-02
41.873850   8.791475e-07
7.149774   6.820508e-04
10.179222   2.556857e-04
7.125604   4.930265e-03
18.566962   1.421248e-05
5.282312   1.048365e-03
10.344484   3.158738e-04
7.711204   6.962960e-04
12.040336   8.275139e-05
15.686178   4.191776e-05
9.386382   4.970545e-04
6.344676   2.424913e-03
5.063986   2.371597e-03
7.002198   1.930396e-03
6.766346   1.150126e-03
58.621576   1.264025e-07
29.334168   4.941462e-06
6.528100   1.685929e-03
4.228370   1.947439e-03
213.950144   1.485287e-08
69.844868   3.602103e-08
5.172970   3.335663e-03
12.903946   1.446225e-04
11.143008   5.060721e-05
345.285820   1.947289e-09
44.200094   5.359813e-07
250.400490   2.560723e-09
7.593682   5.724538e-05
4.842788   3.020109e-03
6.974546   3.205357e-04
22.491682   6.599871e-06
9.980852   9.565385e-05
15.540722   9.343411e-05
13.275140   7.964118e-05
13.441178   5.873115e-05
6.977242   1.835274e-03
360.127250   1.538614e-08
48.857960   8.406995e-08
25.569382   4.105530e-06
32.882714   4.235821e-07
7.169570   2.341141e-04
23.752494   4.378972e-06
6.903958   7.929913e-04
4.620366   2.610650e-03
6.510890   7.362197e-04
52.764266   1.062718e-07
7.227362   5.577090e-04
19.106774   3.341843e-05
5.861444   1.388000e-03
8.217190   3.714552e-04
6.760466   1.511857e-03
5.303372   3.384813e-03
11.201106   3.468773e-05
11.700422   1.572813e-04
6.936094   2.805514e-04
4.411172   8.647140e-03
7.780402   1.822968e-04
10.285184   2.020155e-04
10.384150   2.062476e-04
555.875414   2.802924e-09
6.933454   7.365527e-04
7.065380   7.784144e-04
14.093580   4.152798e-05
134.753164   1.820077e-08
6.108408   1.091587e-03
3.791714   3.059309e-03
4.741402   4.939818e-04
8.012534   4.103041e-04
10.959404   9.790500e-05
4.371568   7.153337e-03
8.632082   5.509992e-04
28.836374   4.405186e-06
9.825456   1.553738e-04
180.574664   1.376417e-08
8.577650   2.847861e-04
5.403344   2.689738e-03
6.804384   2.025520e-03
14.210014   7.667442e-05
333.299812   2.942319e-09
8.750280   5.095089e-04
2.458656   1.054695e-01
16.839072   2.055126e-05
12.984700   8.624987e-05
16.977706   4.386829e-05
7.190694   9.268506e-04
5.873668   1.738473e-03
7.559782   5.992334e-04
3.865446   1.388388e-02
632.247968   1.062617e-09
11.213776   1.636568e-04
432.746682   7.151756e-09
8.425200   5.268923e-04
4.395028   6.033232e-03
5.158764   1.741280e-03
8.635454   5.216717e-04
12.124910   1.125460e-04
3.590544   1.454865e-02
5.251138   2.832555e-03
12.787776   9.277446e-05
6.556574   1.173065e-03
381.565340   1.217500e-08
556.505910   7.227106e-09
525.427490   7.798658e-09
10.980818   1.512490e-04
8.315184   4.801976e-04
6.529056   4.393757e-04
6.689244   2.488034e-04
7.830052   4.219901e-04
6.270742   1.053730e-03
3.062534   6.306084e-03
19.519956   5.447458e-06
431.853862   2.699185e-09
19.489704   1.262327e-05
7.832090   3.520378e-04
437.623688   1.620465e-09
7.181818   7.623738e-04
26.784548   3.793660e-06
10.576722   2.126525e-04
7.132060   1.036940e-03
571.978696   1.577866e-09
8.468362   2.059098e-04
9.865730   1.916852e-04
8.336130   3.012520e-04
5.181298   1.429591e-03
14.341008   4.292461e-05
246.220578   1.817656e-09
376.467030   3.254842e-09
5.924420   1.185969e-03
5.698602   4.456445e-03
5.030374   1.487761e-03
4.440178   6.436543e-03
341.874746   4.101599e-09
5.720972   1.451686e-03
4.510620   3.995339e-03
6.194206   9.147079e-04
17.487420   1.570760e-05
8.357110   6.053753e-04
3.296066   1.203413e-02
12.979666   2.034503e-05
547.895836   3.634084e-09
8.946232   3.086755e-04
4.497970   1.644055e-03
10.357038   2.959440e-04
490.852248   5.939794e-10
5.443232   1.000344e-03
103.218864   4.599437e-08
20.240302   6.503649e-06
237.076506   3.312972e-08
510.872230   1.689407e-09
3.555192   4.110563e-03
10.469192   2.604763e-04
31.768780   1.298160e-06
8.563820   5.591723e-04
4.938512   3.588537e-03
70.270146   1.346084e-07
8.543336   2.794695e-04
10.792720   1.280709e-04
225.480128   5.656142e-09
4.338638   4.239661e-03
3.481892   5.623629e-03
16.009708   3.010272e-05
4.810046   1.070560e-02
551.709426   1.909871e-09
5.329114   2.698091e-03
158.132848   2.689130e-08
14.968130   3.357855e-05
86.576882   2.385549e-07
214.063302   5.341381e-09
9.144464   3.018483e-04
4.151192   1.439767e-02
5.480770   2.370879e-03
24.170094   4.896237e-06
7.661388   2.453901e-04
60.934286   2.657399e-07
10.078830   3.725111e-04
9.189374   1.907266e-04
5.929074   9.653510e-04
6.001630   3.076044e-03
9.312240   4.360209e-04
7.147230   1.019555e-03
367.646870   1.471190e-08
7.040906   2.846041e-04
10.563288   1.765298e-04
654.811330   4.187190e-09
5.517362   2.781248e-03
2.600834   9.775664e-03
7.163660   8.753618e-04
19.711064   1.188470e-05
8.138116   5.915889e-04
13.055088   6.880923e-05
8.119270   4.181082e-04
27.757872   5.710557e-06
6.511838   1.290949e-03
10.042812   1.379117e-04
48.768802   9.040460e-08
6.281390   1.482740e-03
4.937744   2.549793e-03
13.113726   3.856897e-05
29.732330   2.635549e-06
3.089792   2.272274e-02
6.054110   2.027433e-03
23.450988   8.400958e-06
32.328106   1.948157e-06
3.898788   8.958533e-03
6.539578   1.492318e-03
13.760190   5.541167e-05
6.612704   5.682974e-04
12.054948   6.178883e-05
11.188414   1.062925e-04
9.947152   2.167120e-04
20.769682   1.457836e-05
5.251676   4.606828e-03
8.499672   3.771584e-04
8.375988   5.860785e-04
13.381448   6.624012e-05
4.773624   5.017217e-03
10.744224   1.645538e-04
5.244948   1.388943e-03
67.175464   1.641640e-07
9.800650   1.906555e-04
4.486830   5.081746e-03
8.571690   2.508042e-04
3.797356   8.491167e-03
5.803110   2.754775e-03
15.115602   7.231077e-05
10.437648   1.638950e-04
1083.619508   9.450190e-10
7.821688   6.969278e-04
5.326752   1.169336e-03
4.108878   6.889559e-03
9.632254   3.202141e-04
19.103192   1.904296e-05
9.698382   2.776204e-04
4.604340   3.023137e-03
3.345774   1.075752e-02
3.952908   2.507296e-03
3.688978   1.049626e-02
2.992186   1.034571e-02
5.787340   1.180962e-03
7.025000   5.493167e-04
3.815696   6.570707e-03
5.026618   4.953372e-03
7.257484   5.832983e-04
15.822756   3.265924e-05
488.782756   1.988707e-09
19.716916   1.896964e-05
7.478324   4.463320e-04
5.398352   1.718441e-03
4.809738   6.849606e-03
372.988162   1.659255e-09
14.310240   5.286027e-05
5.343856   2.236933e-03
6.939164   5.387647e-04
5.622318   1.207911e-03
5.345920   4.170314e-03
5.599812   1.796914e-03
6.634406   6.746629e-04
14.334386   6.500242e-05
7.594608   1.170065e-03
528.484692   1.503418e-09
13.881954   5.186373e-05
8.328016   7.691183e-04
5.499396   2.289490e-03
8.845366   5.300309e-04
6.872362   8.373627e-04
9.418294   3.123990e-05
10.787646   2.956082e-04
5.942572   2.991573e-03
7.051182   7.367897e-04
8.970650   5.369136e-04
678.631386   9.336595e-10
6.145992   1.794933e-03
401.317610   3.193420e-09
239.297466   1.685816e-08
221.354384   1.934297e-08
437.467716   6.515440e-09
432.342462   2.369329e-09
551.610686   1.687657e-09
4.885800   3.134853e-03
14.879956   6.772943e-05
12.251464   6.575789e-05
55.696944   3.730567e-07
4.943880   3.779678e-03
33.881078   2.745682e-06
7.400434   4.051574e-04
7.096164   1.027050e-03
10.275856   1.542503e-04
1.693446   8.541521e-02
5.392536   3.394383e-04
261.579032   4.498856e-09
9.494494   1.810900e-04
8.410778   9.105822e-04
6.704356   1.003440e-03
29.099888   5.362246e-06
14.614002   4.690504e-05
6.362226   1.648425e-03
8.829334   2.508862e-05
7.456638   1.252425e-03
13.843728   1.135033e-04
564.424636   6.485919e-10
9.951228   1.192885e-04
1283.856522   3.337071e-09
385.713042   2.220950e-09
4.597064   7.373288e-03
7.272048   2.509164e-04
50.592958   2.712534e-07
326.095826   1.206852e-08
6.500200   1.657352e-03
1244.244062   6.323130e-10
382.901824   2.263968e-09
8.688338   9.699001e-04
508.320692   1.073893e-09
19.282270   6.037471e-05
5.824076   9.904325e-04
5.367412   9.182074e-04
336.193358   2.946458e-09
20.805038   2.652279e-06
443.592574   1.819174e-09
5.859326   3.758901e-04
9.029034   3.549889e-04
405.587794   4.028830e-10
35.629642   4.187641e-06
65.510846   5.474010e-07
416.423376   2.003013e-08
429.974816   1.912441e-08
53.106510   1.224484e-06
536.718464   2.803678e-09
124.591778   6.511116e-09
6.020366   1.819055e-03
5.344794   1.614996e-03
38.741990   2.945991e-06
33.463082   4.622554e-07
5.431146   3.110827e-03
5.723546   3.744188e-04
580.509216   1.876792e-09
415.936334   1.213962e-09
8.559740   3.799691e-04
4.037954   3.968863e-03
