1.000000   0.000000
1.003076   0.000000
1.006161   0.000000
1.009256   0.000000
1.012360   0.000000
1.015474   0.000000
1.018598   0.000000
1.021731   0.000000
1.024873   0.000000
1.028026   0.000000
1.031188   0.000000
1.034360   0.000000
1.037541   0.000000
1.040733   0.000000
1.043934   0.000000
1.047145   0.000000
1.050366   0.000000
1.053596   0.000000
1.056837   0.000000
1.060088   0.000000
1.063348   0.000000
1.066619   0.000000
1.069900   0.000000
1.073191   0.000000
1.076492   0.000000
1.079803   0.000000
1.083124   0.000000
1.086456   0.000000
1.089797   0.000000
1.093149   0.000000
1.096512   0.000000
1.099885   0.000000
1.103268   0.000000
1.106661   0.000000
1.110065   0.000000
1.113479   0.000000
1.116904   0.000000
1.120340   0.000000
1.123786   0.000000
1.127242   0.000000
1.130710   0.000000
1.134188   0.000000
1.137676   0.000000
1.141175   0.000000
1.144686   0.000000
1.148206   0.000000
1.151738   0.000000
1.155281   0.000000
1.158834   0.000000
1.162399   0.000000
1.165974   0.000000
1.169561   0.000000
1.173158   0.000000
1.176766   0.000000
1.180386   0.000000
1.184017   0.000000
1.187658   0.000000
1.191312   0.000000
1.194976   0.000000
1.198651   0.000000
1.202338   0.000000
1.206036   0.000000
1.209746   0.000000
1.213467   0.000000
1.217200   0.000000
1.220943   0.000000
1.224699   0.000000
1.228466   0.000000
1.232244   0.000000
1.236035   0.000000
1.239837   0.000000
1.243650   0.000000
1.247475   0.000000
1.251313   0.000000
1.255161   0.000000
1.259022   0.000000
1.262895   0.000000
1.266779   0.000000
1.270676   0.000000
1.274584   0.000000
1.278504   0.000000
1.282437   0.000000
1.286382   0.000000
1.290338   0.000000
1.294307   0.000000
1.298288   0.000000
1.302282   0.000000
1.306287   0.000000
1.310305   0.000000
1.314336   0.000000
1.318378   0.000000
1.322433   0.000000
1.326501   0.000000
1.330581   0.000000
1.334674   0.000000
1.338779   0.000000
1.342897   0.000000
1.347028   0.000000
1.351171   0.000000
1.355327   0.000000
1.359496   0.000000
1.363677   0.000000
1.367872   0.000000
1.372079   0.000000
1.376299   0.000000
1.380533   0.000000
1.384779   0.000000
1.389038   0.000000
1.393311   0.000000
1.397596   0.000000
1.401895   0.000000
1.406207   0.000000
1.410533   0.000000
1.414871   0.000000
1.419223   0.000000
1.423588   0.000000
1.427967   0.000000
1.432359   0.000000
1.436765   0.000000
1.441185   0.000000
1.445617   0.000000
1.450064   0.000000
1.454524   0.000000
1.458998   0.000000
1.463486   0.000000
1.467987   0.000000
1.472502   0.000000
1.477032   0.000000
1.481575   0.000000
1.486132   0.000000
1.490703   0.000000
1.495288   0.000000
1.499888   0.000000
1.504501   0.000000
1.509129   0.000000
1.513770   0.000000
1.518427   0.000000
1.523097   0.000000
1.527782   0.000000
1.532481   0.000000
1.537195   0.000000
1.541923   0.000000
1.546666   0.000000
1.551423   0.000000
1.556195   0.000000
1.560982   0.000000
1.565783   0.000000
1.570599   0.000000
1.575430   0.000000
1.580276   0.000000
1.585137   0.000000
1.590012   0.000000
1.594903   0.000000
1.599809   0.000000
1.604729   0.000000
1.609665   0.000000
1.614616   0.000000
1.619583   0.000000
1.624564   0.000000
1.629561   0.000000
1.634574   0.000000
1.639601   0.000000
1.644645   0.000000
1.649703   0.000000
1.654777   0.000000
1.659867   0.000000
1.664973   0.000000
1.670094   0.000000
1.675231   0.000000
1.680384   0.000000
1.685552   0.000000
1.690737   0.000000
1.695937   0.000000
1.701154   0.000000
1.706386   0.000000
1.711635   0.000000
1.716900   0.000000
1.722181   0.000000
1.727478   0.000000
1.732791   0.000000
1.738121   0.000000
1.743467   0.000000
1.748830   0.000000
1.754209   0.000000
1.759605   0.000000
1.765017   0.000000
1.770446   0.000000
1.775892   0.000000
1.781354   0.000000
1.786833   0.000000
1.792329   0.000000
1.797842   0.000000
1.803372   0.000000
1.808919   0.000000
1.814483   0.000000
1.820064   0.000000
1.825662   0.000000
1.831278   0.000000
1.836911   0.000000
1.842561   0.000000
1.848228   0.000000
1.853913   0.000000
1.859615   0.000000
1.865335   0.000000
1.871073   0.000000
1.876828   0.000000
1.882601   0.000000
1.888392   0.000000
1.894200   0.000000
1.900026   0.000000
1.905870   0.000000
1.911733   0.000000
1.917613   0.000000
1.923511   0.000000
1.929428   0.000000
1.935362   0.000000
1.941315   0.000000
1.947286   0.000000
1.953276   0.000000
1.959284   0.000000
1.965310   0.000000
1.971355   0.000000
1.977419   0.000000
1.983501   0.000000
1.989602   0.000000
1.995722   0.000000
2.001860   0.000000
2.008018   0.000000
2.014194   0.000000
2.020390   0.000000
2.026604   0.000000
2.032838   0.000000
2.039090   0.000000
2.045362   0.000000
2.051654   0.000000
2.057964   0.000000
2.064294   0.000000
2.070644   0.000000
2.077013   0.000000
2.083401   0.000000
2.089809   0.000000
2.096237   0.000000
2.102685   0.000000
2.109153   0.000000
2.115640   0.000000
2.122148   0.000000
2.128675   0.000000
2.135223   0.000000
2.141790   0.000000
2.148378   0.000000
2.154986   0.000000
2.161615   0.000000
2.168263   0.000000
2.174933   0.000000
2.181622   0.000000
2.188333   0.000000
2.195064   0.000000
2.201815   0.000000
2.208588   0.000000
2.215381   0.000000
2.222196   0.000000
2.229031   0.000000
2.235887   0.000000
2.242764   0.000000
2.249662   0.000000
2.256582   0.000000
2.263523   0.000000
2.270485   0.000000
2.277469   0.000000
2.284474   0.000000
2.291501   0.000000
2.298549   0.000000
2.305619   0.000000
2.312711   0.000000
2.319825   0.000000
2.326960   0.000000
2.334118   0.000000
2.341297   0.000000
2.348498   0.000000
2.355722   0.000000
2.362968   0.000000
2.370236   0.000000
2.377527   0.000000
2.384840   0.000000
2.392175   0.000000
2.399533   0.000000
2.406913   0.000000
2.414317   0.000000
2.421743   0.000000
2.429192   0.000000
2.436664   0.000000
2.444159   0.000000
2.451676   0.000000
2.459217   0.000000
2.466782   0.000000
2.474369   0.000000
2.481980   0.000000
2.489614   0.000000
2.497272   0.000000
2.504953   0.000000
2.512658   0.000000
2.520387   0.000000
2.528139   0.000000
2.535915   0.000000
2.543715   0.000000
2.551539   0.000000
2.559388   0.000000
2.567260   0.000000
2.575156   0.000000
2.583077   0.000000
2.591022   0.000000
2.598992   0.000000
2.606986   0.000000
2.615005   0.000000
2.623048   0.000000
2.631116   0.000000
2.639209   0.000000
2.647327   0.000000
2.655470   0.000000
2.663638   0.000000
2.671831   0.000000
2.680049   0.000000
2.688292   0.000000
2.696561   0.000000
2.704855   0.000000
2.713175   0.000000
2.721521   0.000000
2.729891   0.000000
2.738288   0.000000
2.746711   0.000000
2.755159   0.000000
2.763634   0.000000
2.772134   0.000000
2.780661   0.000000
2.789214   0.000000
2.797793   0.000000
2.806399   0.000000
2.815031   0.000000
2.823689   0.000000
2.832375   0.000000
2.841087   0.000000
2.849826   0.000000
2.858591   0.000000
2.867384   0.000000
2.876203   0.000000
2.885050   0.000000
2.893924   0.000000
2.902826   0.000000
2.911754   0.000000
2.920710   0.000000
2.929694   0.000000
2.938705   0.000000
2.947744   0.000000
2.956811   0.000000
2.965906   0.000000
2.975029   0.000000
2.984180   0.000000
2.993358   0.000000
3.002566   0.000000
3.011801   0.000000
3.021065   0.000000
3.030357   0.000000
3.039678   0.000000
3.049028   0.000000
3.058406   0.000000
3.067813   0.000000
3.077250   0.000000
3.086715   0.000000
3.096209   0.000000
3.105733   0.000000
3.115285   0.000000
3.124868   0.000000
3.134479   0.000000
3.144120   0.000000
3.153791   0.000000
3.163492   0.000000
3.173222   0.000000
3.182983   0.000000
3.192773   0.000000
3.202594   0.000000
3.212444   0.000000
3.222325   0.000000
3.232237   0.000000
3.242179   0.000000
3.252151   0.000000
3.262154   0.000000
3.272188   0.000000
3.282253   0.000000
3.292349   0.000000
3.302476   0.000000
3.312634   0.000000
3.322823   0.000000
3.333043   0.000000
3.343295   0.000000
3.353579   0.000000
3.363894   0.000000
3.374241   0.000000
3.384619   0.000000
3.395030   0.000000
3.405473   0.000000
3.415947   0.000000
3.426454   0.000000
3.436994   0.000000
3.447565   0.000000
3.458169   0.000000
3.468806   0.000000
3.479476   0.000000
3.490178   0.000000
3.500914   0.000000
3.511682   0.000000
3.522483   0.000000
3.533318   0.000000
3.544186   0.000000
3.555087   0.000000
3.566022   0.000000
3.576991   0.000000
3.587993   0.000000
3.599029   0.000000
3.610100   0.000000
3.621204   0.000000
3.632342   0.000000
3.643515   0.000000
3.654721   0.000000
3.665963   0.000000
3.677239   0.000000
3.688550   0.000001
3.699895   0.000001
3.711275   0.000001
3.722691   0.000001
3.734141   0.000001
3.745627   0.000001
3.757148   0.000001
3.768704   0.000001
3.780296   0.000001
3.791924   0.000001
3.803587   0.000001
3.815287   0.000001
3.827022   0.000001
3.838793   0.000001
3.850601   0.000001
3.862445   0.000001
3.874325   0.000001
3.886242   0.000001
3.898195   0.000001
3.910186   0.000001
3.922213   0.000001
3.934277   0.000001
3.946378   0.000001
3.958517   0.000001
3.970693   0.000001
3.982906   0.000001
3.995157   0.000001
4.007446   0.000001
4.019772   0.000001
4.032136   0.000001
4.044538   0.000001
4.056979   0.000001
4.069458   0.000001
4.081975   0.000001
4.094530   0.000001
4.107124   0.000001
4.119757   0.000001
4.132429   0.000001
4.145140   0.000001
4.157890   0.000001
4.170679   0.000001
4.183507   0.000001
4.196375   0.000001
4.209282   0.000001
4.222230   0.000001
4.235217   0.000001
4.248244   0.000001
4.261310   0.000001
4.274418   0.000001
4.287565   0.000001
4.300753   0.000001
4.313982   0.000001
4.327251   0.000001
4.340561   0.000001
4.353912   0.000001
4.367304   0.000001
4.380737   0.000001
4.394211   0.000001
4.407728   0.000001
4.421285   0.000001
4.434884   0.000001
4.448525   0.000001
4.462208   0.000001
4.475934   0.000001
4.489701   0.000001
4.503510   0.000001
4.517363   0.000001
4.531257   0.000001
4.545195   0.000001
4.559175   0.000001
4.573199   0.000001
4.587265   0.000001
4.601375   0.000001
4.615528   0.000001
4.629725   0.000001
4.643965   0.000001
4.658249   0.000001
4.672578   0.000001
4.686950   0.000001
4.701366   0.000001
4.715827   0.000001
4.730332   0.000001
4.744882   0.000001
4.759476   0.000001
4.774116   0.000001
4.788800   0.000001
4.803530   0.000001
4.818305   0.000001
4.833126   0.000001
4.847992   0.000002
4.862903   0.000002
4.877861   0.000002
4.892864   0.000002
4.907914   0.000002
4.923010   0.000002
4.938153   0.000002
4.953342   0.000002
4.968578   0.000002
4.983860   0.000002
4.999190   0.000002
5.014567   0.000002
5.029991   0.000002
5.045462   0.000002
5.060981   0.000002
5.076548   0.000002
5.092163   0.000002
5.107826   0.000002
5.123537   0.000002
5.139296   0.000002
5.155104   0.000002
5.170960   0.000002
5.186865   0.000002
5.202819   0.000002
5.218822   0.000002
5.234875   0.000002
5.250977   0.000002
5.267128   0.000002
5.283329   0.000002
5.299580   0.000002
5.315880   0.000002
5.332231   0.000002
5.348632   0.000002
5.365084   0.000002
5.381586   0.000002
5.398139   0.000002
5.414743   0.000002
5.431398   0.000002
5.448104   0.000002
5.464862   0.000002
5.481671   0.000002
5.498532   0.000003
5.515445   0.000003
5.532409   0.000003
5.549426   0.000003
5.566496   0.000003
5.583617   0.000003
5.600792   0.000003
5.618019   0.000003
5.635299   0.000003
5.652633   0.000003
5.670019   0.000003
5.687459   0.000003
5.704953   0.000003
5.722501   0.000003
5.740102   0.000003
5.757758   0.000003
5.775468   0.000003
5.793233   0.000003
5.811052   0.000003
5.828926   0.000003
5.846855   0.000003
5.864839   0.000003
5.882878   0.000003
5.900973   0.000003
5.919124   0.000003
5.937330   0.000003
5.955592   0.000003
5.973911   0.000004
5.992286   0.000004
6.010717   0.000004
6.029205   0.000004
6.047751   0.000004
6.066352   0.000004
6.085012   0.000004
6.103728   0.000004
6.122503   0.000004
6.141335   0.000004
6.160224   0.000004
6.179172   0.000004
6.198179   0.000004
6.217243   0.000004
6.236367   0.000004
6.255549   0.000004
6.274790   0.000004
6.294090   0.000004
6.313450   0.000004
6.332869   0.000004
6.352348   0.000004
6.371887   0.000005
6.391486   0.000005
6.411146   0.000005
6.430866   0.000005
6.450646   0.000005
6.470487   0.000005
6.490389   0.000005
6.510353   0.000005
6.530378   0.000005
6.550464   0.000005
6.570613   0.000005
6.590823   0.000005
6.611095   0.000005
6.631430   0.000005
6.651827   0.000005
6.672288   0.000005
6.692811   0.000006
6.713397   0.000006
6.734046   0.000006
6.754759   0.000006
6.775536   0.000006
6.796376   0.000006
6.817281   0.000006
6.838250   0.000006
6.859284   0.000006
6.880382   0.000006
6.901545   0.000006
6.922773   0.000006
6.944066   0.000006
6.965426   0.000006
6.986850   0.000007
7.008341   0.000007
7.029897   0.000007
7.051520   0.000007
7.073210   0.000007
7.094966   0.000007
7.116789   0.000007
7.138679   0.000007
7.160637   0.000007
7.182662   0.000007
7.204755   0.000007
7.226916   0.000008
7.249145   0.000008
7.271442   0.000008
7.293808   0.000008
7.316243   0.000008
7.338746   0.000008
7.361319   0.000008
7.383962   0.000008
7.406674   0.000008
7.429456   0.000008
7.452307   0.000008
7.475230   0.000009
7.498222   0.000009
7.521286   0.000009
7.544420   0.000009
7.567626   0.000009
7.590903   0.000009
7.614251   0.000009
7.637672   0.000009
7.661164   0.000009
7.684729   0.000010
7.708366   0.000010
7.732076   0.000010
7.755859   0.000010
7.779714   0.000010
7.803644   0.000010
7.827647   0.000010
7.851723   0.000010
7.875874   0.000011
7.900099   0.000011
7.924399   0.000011
7.948773   0.000011
7.973222   0.000011
7.997747   0.000011
8.022347   0.000011
8.047022   0.000012
8.071774   0.000012
8.096602   0.000012
8.121506   0.000012
8.146486   0.000012
8.171544   0.000012
8.196678   0.000012
8.221890   0.000013
8.247179   0.000013
8.272546   0.000013
8.297992   0.000013
8.323515   0.000013
8.349117   0.000013
8.374798   0.000014
8.400557   0.000014
8.426396   0.000014
8.452315   0.000014
8.478313   0.000014
8.504391   0.000014
8.530549   0.000015
8.556788   0.000015
8.583107   0.000015
8.609508   0.000015
8.635990   0.000015
8.662553   0.000015
8.689197   0.000016
8.715924   0.000016
8.742733   0.000016
8.769624   0.000016
8.796598   0.000016
8.823656   0.000017
8.850796   0.000017
8.878020   0.000017
8.905327   0.000017
8.932719   0.000017
8.960195   0.000018
8.987755   0.000018
9.015400   0.000018
9.043130   0.000018
9.070945   0.000019
9.098846   0.000019
9.126833   0.000019
9.154906   0.000019
9.183065   0.000020
9.211311   0.000020
9.239644   0.000020
9.268063   0.000020
9.296571   0.000021
9.325166   0.000021
9.353848   0.000021
9.382620   0.000021
9.411479   0.000022
9.440428   0.000022
9.469465   0.000022
9.498592   0.000022
9.527808   0.000023
9.557114   0.000023
9.586510   0.000023
9.615997   0.000023
9.645575   0.000024
9.675243   0.000024
9.705003   0.000024
9.734854   0.000025
9.764797   0.000025
9.794832   0.000025
9.824960   0.000026
9.855180   0.000026
9.885493   0.000026
9.915899   0.000027
9.946399   0.000027
9.976993   0.000027
10.007681   0.000028
10.038463   0.000028
10.069340   0.000028
10.100312   0.000029
10.131379   0.000029
10.162542   0.000029
10.193800   0.000030
10.225155   0.000030
10.256606   0.000030
10.288154   0.000031
10.319799   0.000031
10.351541   0.000032
10.383381   0.000032
10.415319   0.000032
10.447355   0.000033
10.479489   0.000033
10.511723   0.000033
10.544055   0.000034
10.576487   0.000034
10.609019   0.000035
10.641651   0.000035
10.674383   0.000036
10.707216   0.000036
10.740150   0.000036
10.773185   0.000037
10.806322   0.000037
10.839560   0.000038
10.872901   0.000038
10.906345   0.000039
10.939891   0.000039
10.973541   0.000040
11.007294   0.000040
11.041151   0.000041
11.075112   0.000041
11.109177   0.000042
11.143347   0.000042
11.177623   0.000043
11.212004   0.000043
11.246490   0.000044
11.281083   0.000044
11.315782   0.000045
11.350587   0.000045
11.385500   0.000046
11.420520   0.000047
11.455648   0.000047
11.490884   0.000048
11.526229   0.000048
11.561682   0.000049
11.597244   0.000050
11.632915   0.000050
11.668696   0.000051
11.704588   0.000051
11.740589   0.000052
11.776702   0.000053
11.812925   0.000053
11.849260   0.000054
11.885707   0.000055
11.922265   0.000055
11.958937   0.000056
11.995721   0.000057
12.032618   0.000057
12.069628   0.000058
12.106753   0.000059
12.143991   0.000060
12.181345   0.000060
12.218813   0.000061
12.256396   0.000062
12.294095   0.000062
12.331910   0.000063
12.369841   0.000064
12.407889   0.000065
12.446054   0.000066
12.484336   0.000066
12.522736   0.000067
12.561254   0.000068
12.599891   0.000069
12.638646   0.000070
12.677521   0.000071
12.716515   0.000071
12.755630   0.000072
12.794864   0.000073
12.834219   0.000074
12.873696   0.000075
12.913293   0.000076
12.953013   0.000077
12.992854   0.000078
13.032818   0.000079
13.072906   0.000080
13.113116   0.000081
13.153450   0.000082
13.193908   0.000083
13.234491   0.000084
13.275198   0.000085
13.316031   0.000086
13.356989   0.000087
13.398073   0.000088
13.439284   0.000089
13.480621   0.000090
13.522086   0.000091
13.563678   0.000092
13.605398   0.000093
13.647246   0.000095
13.689223   0.000096
13.731329   0.000097
13.773565   0.000098
13.815930   0.000099
13.858426   0.000101
13.901052   0.000102
13.943810   0.000103
13.986699   0.000104
14.029720   0.000106
14.072874   0.000107
14.116160   0.000108
14.159579   0.000110
14.203132   0.000111
14.246819   0.000112
14.290640   0.000114
14.334596   0.000115
14.378687   0.000116
14.422914   0.000118
14.467277   0.000119
14.511776   0.000121
14.556412   0.000122
14.601186   0.000124
14.646097   0.000125
14.691146   0.000127
14.736334   0.000128
14.781661   0.000130
14.827127   0.000131
14.872734   0.000133
14.918480   0.000135
14.964367   0.000136
15.010395   0.000138
15.056565   0.000140
15.102877   0.000141
15.149331   0.000143
15.195929   0.000145
15.242669   0.000147
15.289553   0.000148
15.336582   0.000150
15.383755   0.000152
15.431073   0.000154
15.478537   0.000156
15.526147   0.000158
15.573903   0.000160
15.621806   0.000162
15.669857   0.000164
15.718055   0.000166
15.766401   0.000168
15.814897   0.000170
15.863541   0.000172
15.912335   0.000174
15.961279   0.000176
16.010374   0.000178
16.059619   0.000180
16.109016   0.000182
16.158565   0.000185
16.208267   0.000187
16.258121   0.000189
16.308129   0.000191
16.358290   0.000194
16.408606   0.000196
16.459077   0.000198
16.509702   0.000201
16.560484   0.000203
16.611422   0.000206
16.662516   0.000208
16.713768   0.000211
16.765177   0.000213
16.816744   0.000216
16.868470   0.000219
16.920355   0.000221
16.972400   0.000224
17.024604   0.000227
17.076970   0.000229
17.129496   0.000232
17.182184   0.000235
17.235034   0.000238
17.288046   0.000241
17.341222   0.000244
17.394561   0.000247
17.448064   0.000250
17.501732   0.000253
17.555565   0.000256
17.609563   0.000259
17.663728   0.000262
17.718059   0.000265
17.772557   0.000268
17.827223   0.000272
17.882057   0.000275
17.937060   0.000278
17.992231   0.000282
18.047573   0.000285
18.103085   0.000289
18.158767   0.000292
18.214621   0.000296
18.270647   0.000299
18.326845   0.000303
18.383215   0.000306
18.439759   0.000310
18.496478   0.000314
18.553370   0.000318
18.610438   0.000321
18.667681   0.000325
18.725100   0.000329
18.782696   0.000333
18.840468   0.000337
18.898419   0.000341
18.956548   0.000345
19.014856   0.000350
19.073343   0.000354
19.132009   0.000358
19.190857   0.000362
19.249885   0.000367
19.309095   0.000371
19.368487   0.000376
19.428062   0.000380
19.487820   0.000385
19.547762   0.000389
19.607888   0.000394
19.668199   0.000399
19.728695   0.000404
19.789378   0.000408
19.850247   0.000413
19.911304   0.000418
19.972548   0.000423
20.033981   0.000428
20.095603   0.000434
20.157414   0.000439
20.219415   0.000444
20.281607   0.000449
20.343991   0.000455
20.406566   0.000460
20.469333   0.000466
20.532294   0.000471
20.595449   0.000477
20.658797   0.000483
20.722341   0.000488
20.786080   0.000494
20.850015   0.000500
20.914147   0.000506
20.978475   0.000512
21.043002   0.000518
21.107728   0.000524
21.172652   0.000531
21.237776   0.000537
21.303100   0.000543
21.368626   0.000550
21.434353   0.000557
21.500282   0.000563
21.566413   0.000570
21.632749   0.000577
21.699288   0.000583
21.766032   0.000590
21.832981   0.000597
21.900136   0.000605
21.967498   0.000612
22.035067   0.000619
22.102844   0.000626
22.170829   0.000634
22.239023   0.000641
22.307427   0.000649
22.376042   0.000657
22.444867   0.000664
22.513904   0.000672
22.583154   0.000680
22.652617   0.000688
22.722293   0.000696
22.792183   0.000705
22.862289   0.000713
22.932610   0.000721
23.003147   0.000730
23.073902   0.000738
23.144874   0.000747
23.216064   0.000756
23.287474   0.000765
23.359102   0.000774
23.430952   0.000783
23.503022   0.000792
23.575314   0.000802
23.647828   0.000811
23.720566   0.000821
23.793527   0.000830
23.866712   0.000840
23.940123   0.000850
24.013759   0.000860
24.087622   0.000870
24.161712   0.000880
24.236030   0.000890
24.310577   0.000901
24.385353   0.000911
24.460359   0.000922
24.535595   0.000933
24.611063   0.000944
24.686763   0.000955
24.762696   0.000966
24.838863   0.000977
24.915264   0.000988
24.991900   0.001000
25.068771   0.001012
25.145879   0.001023
25.223224   0.001035
25.300807   0.001047
25.378629   0.001059
25.456690   0.001072
25.534991   0.001084
25.613533   0.001097
25.692317   0.001109
25.771343   0.001122
25.850612   0.001135
25.930124   0.001148
26.009882   0.001162
26.089885   0.001175
26.170133   0.001189
26.250629   0.001202
26.331372   0.001216
26.412364   0.001230
26.493604   0.001244
26.575095   0.001259
26.656836   0.001273
26.738829   0.001288
26.821074   0.001302
26.903571   0.001317
26.986323   0.001332
27.069329   0.001348
27.152591   0.001363
27.236108   0.001379
27.319882   0.001395
27.403915   0.001410
27.488205   0.001427
27.572755   0.001443
27.657565   0.001459
27.742636   0.001476
27.827968   0.001493
27.913563   0.001510
27.999421   0.001527
28.085543   0.001544
28.171930   0.001562
28.258583   0.001579
28.345503   0.001597
28.432689   0.001615
28.520144   0.001634
28.607868   0.001652
28.695862   0.001671
28.784126   0.001690
28.872662   0.001709
28.961470   0.001728
29.050552   0.001747
29.139907   0.001767
29.229537   0.001787
29.319443   0.001807
29.409626   0.001827
29.500085   0.001848
29.590824   0.001868
29.681841   0.001889
29.773138   0.001910
29.864716   0.001932
29.956575   0.001953
30.048718   0.001975
30.141143   0.001997
30.233853   0.002019
30.326848   0.002041
30.420129   0.002064
30.513697   0.002087
30.607553   0.002110
30.701697   0.002133
30.796131   0.002157
30.890856   0.002181
30.985872   0.002205
31.081180   0.002229
31.176781   0.002254
31.272677   0.002279
31.368867   0.002304
31.465353   0.002329
31.562136   0.002355
31.659217   0.002380
31.756596   0.002406
31.854275   0.002433
31.952254   0.002459
32.050535   0.002486
32.149118   0.002513
32.248004   0.002541
32.347194   0.002568
32.446689   0.002596
32.546491   0.002624
32.646599   0.002653
32.747015   0.002681
32.847741   0.002710
32.948776   0.002740
33.050121   0.002769
33.151779   0.002799
33.253749   0.002829
33.356033   0.002860
33.458631   0.002891
33.561545   0.002922
33.664776   0.002953
33.768324   0.002984
33.872190   0.003016
33.976376   0.003049
34.080883   0.003081
34.185711   0.003114
34.290861   0.003147
34.396335   0.003181
34.502133   0.003214
34.608257   0.003248
34.714707   0.003283
34.821485   0.003318
34.928590   0.003353
35.036026   0.003388
35.143792   0.003424
35.251889   0.003460
35.360319   0.003496
35.469082   0.003533
35.578180   0.003570
35.687613   0.003607
35.797383   0.003645
35.907491   0.003683
36.017937   0.003721
36.128724   0.003760
36.239850   0.003799
36.351319   0.003839
36.463130   0.003878
36.575286   0.003919
36.687786   0.003959
36.800633   0.004000
36.913826   0.004041
37.027368   0.004083
37.141259   0.004125
37.255500   0.004167
37.370093   0.004210
37.485038   0.004253
37.600336   0.004297
37.715990   0.004341
37.831999   0.004385
37.948365   0.004430
38.065088   0.004475
38.182171   0.004520
38.299614   0.004566
38.417418   0.004612
38.535585   0.004659
38.654115   0.004706
38.773009   0.004753
38.892270   0.004801
39.011897   0.004850
39.131892   0.004898
39.252256   0.004947
39.372990   0.004997
39.494096   0.005047
39.615574   0.005097
39.737426   0.005148
39.859653   0.005199
39.982255   0.005251
40.105235   0.005303
40.228593   0.005355
40.352331   0.005408
40.476449   0.005462
40.600948   0.005516
40.725831   0.005570
40.851098   0.005625
40.976750   0.005680
41.102789   0.005735
41.229215   0.005792
41.356030   0.005848
41.483236   0.005905
41.610832   0.005963
41.738821   0.006021
41.867204   0.006079
41.995982   0.006138
42.125155   0.006197
42.254726   0.006257
42.384696   0.006317
42.515065   0.006378
42.645835   0.006440
42.777008   0.006501
42.908584   0.006564
43.040565   0.006626
43.172951   0.006690
43.305745   0.006753
43.438947   0.006818
43.572559   0.006882
43.706582   0.006948
43.841018   0.007014
43.975866   0.007080
44.111130   0.007147
44.246810   0.007214
44.382906   0.007282
44.519422   0.007350
44.656357   0.007419
44.793714   0.007489
44.931493   0.007559
45.069696   0.007629
45.208324   0.007700
45.347378   0.007772
45.486860   0.007844
45.626772   0.007917
45.767113   0.007990
45.907886   0.008064
46.049092   0.008138
46.190733   0.008213
46.332809   0.008288
46.475322   0.008364
46.618273   0.008441
46.761665   0.008518
46.905497   0.008596
47.049772   0.008674
47.194490   0.008753
47.339654   0.008833
47.485264   0.008913
47.631321   0.008993
47.777829   0.009075
47.924786   0.009156
48.072196   0.009239
48.220060   0.009322
48.368378   0.009406
48.517152   0.009490
48.666384   0.009575
48.816075   0.009660
48.966226   0.009746
49.116839   0.009833
49.267916   0.009920
49.419457   0.010008
49.571464   0.010097
49.723939   0.010186
49.876882   0.010276
50.030297   0.010366
50.184183   0.010458
50.338542   0.010549
50.493376   0.010642
50.648687   0.010735
50.804475   0.010829
50.960742   0.010923
51.117490   0.011018
51.274720   0.011114
51.432434   0.011210
51.590633   0.011307
51.749319   0.011405
51.908492   0.011503
52.068155   0.011602
52.228309   0.011702
52.388956   0.011803
52.550097   0.011904
52.711734   0.012006
52.873868   0.012108
53.036500   0.012211
53.199633   0.012315
53.363268   0.012420
53.527405   0.012525
53.692048   0.012631
53.857197   0.012738
54.022854   0.012846
54.189021   0.012954
54.355699   0.013063
54.522889   0.013173
54.690594   0.013283
54.858814   0.013395
55.027552   0.013506
55.196809   0.013619
55.366587   0.013733
55.536886   0.013847
55.707710   0.013962
55.879059   0.014078
56.050935   0.014194
56.223340   0.014311
56.396275   0.014430
56.569742   0.014548
56.743742   0.014668
56.918278   0.014789
57.093350   0.014910
57.268961   0.015032
57.445113   0.015155
57.621806   0.015278
57.799042   0.015403
57.976824   0.015528
58.155152   0.015654
58.334029   0.015781
58.513456   0.015909
58.693435   0.016037
58.873968   0.016167
59.055056   0.016297
59.236701   0.016428
59.418905   0.016560
59.601669   0.016693
59.784995   0.016826
59.968885   0.016961
60.153341   0.017096
60.338364   0.017233
60.523956   0.017370
60.710119   0.017508
60.896855   0.017647
61.084165   0.017787
61.272051   0.017927
61.460516   0.018069
61.649559   0.018211
61.839185   0.018355
62.029393   0.018499
62.220187   0.018644
62.411567   0.018791
62.603536   0.018938
62.796096   0.019086
62.989248   0.019235
63.182994   0.019385
63.377336   0.019535
63.572275   0.019687
63.767815   0.019840
63.963955   0.019994
64.160699   0.020149
64.358049   0.020304
64.556005   0.020461
64.754570   0.020619
64.953746   0.020777
65.153534   0.020937
65.353937   0.021098
65.554957   0.021259
65.756594   0.021422
65.958852   0.021586
66.161732   0.021751
66.365237   0.021916
66.569367   0.022083
66.774125   0.022251
66.979512   0.022420
67.185532   0.022590
67.392185   0.022761
67.599474   0.022933
67.807400   0.023106
68.015966   0.023281
68.225173   0.023456
68.435024   0.023632
68.645521   0.023810
68.856665   0.023988
69.068458   0.024168
69.280903   0.024349
69.494001   0.024531
69.707755   0.024714
69.922166   0.024898
70.137236   0.025084
70.352969   0.025270
70.569364   0.025458
70.786426   0.025647
71.004155   0.025837
71.222553   0.026028
71.441624   0.026220
71.661368   0.026414
71.881788   0.026608
72.102886   0.026804
72.324665   0.027001
72.547125   0.027200
72.770270   0.027399
72.994101   0.027600
73.218620   0.027802
73.443830   0.028005
73.669733   0.028210
73.896331   0.028415
74.123625   0.028622
74.351619   0.028831
74.580314   0.029040
74.809713   0.029251
75.039817   0.029463
75.270628   0.029677
75.502150   0.029891
75.734384   0.030107
75.967332   0.030325
76.200997   0.030543
76.435380   0.030763
76.670485   0.030985
76.906312   0.031207
77.142865   0.031432
77.380146   0.031657
77.618156   0.031884
77.856898   0.032112
78.096375   0.032342
78.336589   0.032572
78.577541   0.032805
78.819234   0.033039
79.061671   0.033274
79.304853   0.033510
79.548784   0.033749
79.793465   0.033988
80.038898   0.034229
80.285086   0.034471
80.532032   0.034715
80.779737   0.034961
81.028204   0.035207
81.277435   0.035456
81.527433   0.035706
81.778200   0.035957
82.029738   0.036210
82.282050   0.036464
82.535138   0.036720
82.789004   0.036978
83.043651   0.037237
83.299082   0.037497
83.555298   0.037760
83.812302   0.038023
84.070097   0.038289
84.328684   0.038556
84.588067   0.038824
84.848248   0.039094
85.109230   0.039366
85.371013   0.039640
85.633603   0.039915
85.896999   0.040191
86.161206   0.040470
86.426226   0.040750
86.692061   0.041032
86.958713   0.041315
87.226186   0.041600
87.494481   0.041887
87.763602   0.042176
88.033550   0.042466
88.304329   0.042758
88.575940   0.043052
88.848387   0.043347
89.121672   0.043645
89.395798   0.043944
89.670767   0.044245
89.946581   0.044547
90.223244   0.044852
90.500758   0.045158
90.779126   0.045466
91.058349   0.045776
91.338432   0.046088
91.619376   0.046402
91.901184   0.046718
92.183859   0.047035
92.467404   0.047354
92.751820   0.047676
93.037112   0.047999
93.323280   0.048324
93.610330   0.048651
93.898262   0.048980
94.187079   0.049311
94.476786   0.049644
94.767383   0.049979
95.058874   0.050316
95.351261   0.050655
95.644548   0.050995
95.938737   0.051338
96.233831   0.051683
96.529833   0.052030
96.826745   0.052379
97.124570   0.052730
97.423312   0.053084
97.722972   0.053439
98.023554   0.053796
98.325060   0.054156
98.627494   0.054518
98.930858   0.054881
99.235156   0.055247
99.540389   0.055615
99.846561   0.055986
100.153670   0.056358
100.461730   0.056733
100.770740   0.057110
101.080700   0.057489
101.391610   0.057870
101.703470   0.058254
102.016300   0.058639
102.330080   0.059027
102.644840   0.059418
102.960560   0.059811
103.277250   0.060206
103.594920   0.060603
103.913560   0.061002
104.233180   0.061404
104.553790   0.061809
104.875380   0.062215
105.197960   0.062625
105.521540   0.063036
105.846110   0.063450
106.171680   0.063866
106.498240   0.064285
106.825820   0.064706
107.154400   0.065130
107.483990   0.065556
107.814600   0.065985
108.146220   0.066416
108.478860   0.066850
108.812530   0.067286
109.147220   0.067724
109.482940   0.068166
109.819690   0.068610
110.157480   0.069056
110.496310   0.069505
110.836180   0.069957
111.177100   0.070411
111.519060   0.070868
111.862080   0.071327
112.206150   0.071790
112.551280   0.072254
112.897470   0.072722
113.244730   0.073192
113.593060   0.073665
113.942450   0.074141
114.292920   0.074620
114.644470   0.075101
114.997100   0.075585
115.350820   0.076072
115.705620   0.076562
116.061510   0.077054
116.418500   0.077549
116.776590   0.078047
117.135780   0.078549
117.496070   0.079052
117.857470   0.079559
118.219980   0.080069
118.583610   0.080582
118.948360   0.081097
119.314230   0.081616
119.681220   0.082137
120.049340   0.082662
120.418600   0.083189
120.788990   0.083720
121.160520   0.084253
121.533190   0.084790
121.907010   0.085330
122.281980   0.085873
122.658100   0.086418
123.035380   0.086967
123.413820   0.087519
123.793420   0.088075
124.174190   0.088633
124.556130   0.089195
124.939250   0.089759
125.323550   0.090327
125.709020   0.090899
126.095690   0.091473
126.483540   0.092051
126.872590   0.092632
127.262830   0.093216
127.654270   0.093803
128.046920   0.094394
128.440770   0.094989
128.835840   0.095586
129.232120   0.096187
129.629620   0.096791
130.028340   0.097399
130.428290   0.098010
130.829470   0.098625
131.231880   0.099243
131.635530   0.099864
132.040420   0.100489
132.446560   0.101118
132.853950   0.101750
133.262590   0.102385
133.672480   0.103024
134.083640   0.103667
134.496060   0.104313
134.909750   0.104963
135.324720   0.105616
135.740960   0.106273
136.158480   0.106934
136.577280   0.107599
136.997370   0.108267
137.418760   0.108939
137.841440   0.109614
138.265420   0.110293
138.690700   0.110976
139.117300   0.111663
139.545200   0.112354
139.974420   0.113048
140.404960   0.113747
140.836830   0.114449
141.270020   0.115155
141.704550   0.115865
142.140410   0.116579
142.577620   0.117296
143.016170   0.118018
143.456060   0.118744
143.897310   0.119473
144.339920   0.120207
144.783890   0.120944
145.229220   0.121686
145.675930   0.122432
146.124010   0.123182
146.573460   0.123935
147.024300   0.124693
147.476530   0.125455
147.930150   0.126222
148.385160   0.126992
148.841570   0.127767
149.299390   0.128545
149.758610   0.129328
150.219250   0.130116
150.681300   0.130907
151.144770   0.131703
151.609670   0.132503
152.076000   0.133307
152.543770   0.134116
153.012970   0.134929
153.483620   0.135746
153.955710   0.136568
154.429260   0.137395
154.904260   0.138225
155.380720   0.139060
155.858650   0.139900
156.338050   0.140744
156.818920   0.141592
157.301280   0.142446
157.785110   0.143303
158.270440   0.144165
158.757250   0.145032
159.245570   0.145903
159.735390   0.146779
160.226710   0.147660
160.719540   0.148545
161.213890   0.149435
161.709760   0.150330
162.207160   0.151229
162.706090   0.152134
163.206550   0.153043
163.708550   0.153956
164.212090   0.154875
164.717190   0.155798
165.223830   0.156726
165.732040   0.157659
166.241810   0.158597
166.753140   0.159540
167.266050   0.160488
167.780540   0.161440
168.296610   0.162398
168.814260   0.163360
169.333510   0.164328
169.854360   0.165301
170.376810   0.166278
170.900860   0.167261
171.426530   0.168249
171.953810   0.169242
172.482720   0.170240
173.013250   0.171243
173.545410   0.172251
174.079210   0.173265
174.614660   0.174284
175.151750   0.175307
175.690490   0.176337
176.230890   0.177371
176.772950   0.178411
177.316680   0.179456
177.862080   0.180506
178.409160   0.181562
178.957920   0.182623
179.508370   0.183690
180.060510   0.184762
180.614350   0.185839
181.169890   0.186922
181.727150   0.188010
182.286110   0.189104
182.846800   0.190203
183.409210   0.191308
183.973350   0.192418
184.539230   0.193534
185.106840   0.194655
185.676210   0.195783
186.247320   0.196915
186.820190   0.198054
187.394820   0.199198
187.971220   0.200348
188.549390   0.201503
189.129350   0.202664
189.711080   0.203831
190.294600   0.205004
190.879920   0.206183
191.467040   0.207367
192.055970   0.208558
192.646710   0.209754
193.239260   0.210956
193.833640   0.212164
194.429840   0.213378
195.027880   0.214598
195.627760   0.215823
196.229480   0.217055
196.833050   0.218293
197.438490   0.219537
198.045780   0.220787
198.654940   0.222043
199.265970   0.223305
199.878890   0.224573
200.493690   0.225847
201.110380   0.227128
201.728960   0.228414
202.349450   0.229707
202.971850   0.231006
203.596160   0.232312
204.222400   0.233623
204.850560   0.234941
205.480650   0.236265
206.112680   0.237596
206.746650   0.238933
207.382570   0.240276
208.020450   0.241625
208.660290   0.242981
209.302100   0.244344
209.945890   0.245713
210.591650   0.247088
211.239400   0.248470
211.889140   0.249858
212.540880   0.251253
213.194630   0.252655
213.850390   0.254063
214.508160   0.255477
215.167960   0.256899
215.829780   0.258326
216.493640   0.259761
217.159550   0.261202
217.827500   0.262650
218.497500   0.264105
219.169570   0.265566
219.843710   0.267034
220.519910   0.268509
221.198200   0.269991
221.878580   0.271480
222.561040   0.272975
223.245610   0.274477
223.932280   0.275986
224.621070   0.277502
225.311970   0.279025
226.005000   0.280555
226.700160   0.282092
227.397450   0.283636
228.096890   0.285187
228.798490   0.286745
229.502240   0.288310
230.208160   0.289882
230.916240   0.291461
231.626510   0.293047
232.338960   0.294640
233.053600   0.296241
233.770440   0.297849
234.489490   0.299463
235.210740   0.301085
235.934220   0.302715
236.659920   0.304351
237.387850   0.305995
238.118020   0.307646
238.850440   0.309305
239.585110   0.310970
240.322040   0.312643
241.061230   0.314324
241.802700   0.316012
242.546460   0.317707
243.292490   0.319410
244.040830   0.321120
244.791460   0.322837
245.544410   0.324562
246.299670   0.326295
247.057250   0.328035
247.817160   0.329783
248.579410   0.331538
249.344010   0.333301
250.110950   0.335071
250.880260   0.336849
251.651930   0.338635
252.425980   0.340428
253.202400   0.342229
253.981220   0.344038
254.762430   0.345854
255.546040   0.347679
256.332060   0.349511
257.120500   0.351350
257.911370   0.353198
258.704670   0.355053
259.500410   0.356916
260.298590   0.358787
261.099240   0.360666
261.902340   0.362553
262.707920   0.364448
263.515970   0.366351
264.326500   0.368261
265.139540   0.370180
265.955070   0.372106
266.773110   0.374041
267.593660   0.375984
268.416740   0.377934
269.242360   0.379893
270.070510   0.381860
270.901210   0.383835
271.734460   0.385818
272.570280   0.387809
273.408660   0.389808
274.249630   0.391816
275.093180   0.393831
275.939330   0.395855
276.788080   0.397887
277.639440   0.399928
278.493420   0.401976
279.350030   0.404033
280.209270   0.406098
281.071150   0.408172
281.935690   0.410254
282.802880   0.412344
283.672740   0.414443
284.545280   0.416550
285.420500   0.418665
286.298410   0.420789
287.179030   0.422921
288.062350   0.425062
288.948390   0.427211
289.837150   0.429369
290.728650   0.431535
291.622890   0.433710
292.519880   0.435893
293.419630   0.438085
294.322150   0.440286
295.227440   0.442495
296.135520   0.444713
297.046390   0.446939
297.960060   0.449174
298.876540   0.451418
299.795840   0.453670
300.717970   0.455931
301.642940   0.458201
302.570750   0.460480
303.501420   0.462767
304.434940   0.465063
305.371340   0.467368
306.310620   0.469682
307.252790   0.472005
308.197850   0.474336
309.145830   0.476677
310.096720   0.479026
311.050530   0.481384
312.007280   0.483751
312.966970   0.486127
313.929610   0.488512
314.895210   0.490906
315.863780   0.493309
316.835340   0.495721
317.809880   0.498142
318.787410   0.500572
319.767960   0.503011
320.751520   0.505459
321.738110   0.507916
322.727730   0.510382
323.720390   0.512858
324.716110   0.515342
325.714890   0.517836
326.716740   0.520339
327.721680   0.522851
328.729700   0.525372
329.740830   0.527903
330.755060   0.530443
331.772420   0.532992
332.792900   0.535550
333.816530   0.538118
334.843300   0.540695
335.873230   0.543281
336.906330   0.545876
337.942610   0.548481
338.982070   0.551096
340.024730   0.553719
341.070600   0.556353
342.119680   0.558995
343.171990   0.561647
344.227540   0.564309
345.286340   0.566980
346.348390   0.569660
347.413710   0.572350
348.482300   0.575049
349.554180   0.577758
350.629360   0.580477
351.707850   0.583205
352.789650   0.585943
353.874780   0.588690
354.963250   0.591447
356.055070   0.594214
357.150240   0.596990
358.248790   0.599776
359.350710   0.602572
360.456020   0.605377
361.564730   0.608192
362.676850   0.611017
363.792400   0.613852
364.911370   0.616696
366.033790   0.619550
367.159650   0.622414
368.288980   0.625288
369.421790   0.628172
370.558080   0.631065
371.697860   0.633968
372.841150   0.636882
373.987960   0.639805
375.138290   0.642738
376.292160   0.645681
377.449590   0.648634
378.610570   0.651597
379.775120   0.654570
380.943250   0.657553
382.114980   0.660546
383.290310   0.663549
384.469260   0.666563
385.651830   0.669586
386.838040   0.672619
388.027900   0.675663
389.221420   0.678716
390.418610   0.681780
391.619480   0.684854
392.824050   0.687938
394.032320   0.691032
395.244310   0.694137
396.460020   0.697252
397.679480   0.700377
398.902680   0.703512
400.129650   0.706657
401.360390   0.709813
402.594920   0.712980
403.833240   0.716156
405.075380   0.719343
406.321330   0.722540
407.571120   0.725748
408.824750   0.728966
410.082240   0.732195
411.343590   0.735434
412.608830   0.738683
413.877950   0.741943
415.150980   0.745213
416.427930   0.748494
417.708800   0.751786
418.993610   0.755088
420.282380   0.758401
421.575110   0.761724
422.871810   0.765058
424.172510   0.768402
425.477200   0.771757
426.785910   0.775123
428.098640   0.778500
429.415410   0.781887
430.736230   0.785285
432.061110   0.788693
433.390070   0.792113
434.723120   0.795543
436.060270   0.798984
437.401530   0.802436
438.746910   0.805898
440.096430   0.809372
441.450110   0.812856
442.807950   0.816352
444.169960   0.819858
445.536160   0.823375
446.906570   0.826903
448.281190   0.830442
449.660040   0.833993
451.043130   0.837554
452.430470   0.841126
453.822090   0.844709
455.217980   0.848303
456.618160   0.851909
458.022660   0.855525
459.431470   0.859153
460.844620   0.862792
462.262110   0.866442
463.683960   0.870103
465.110190   0.873775
466.540800   0.877459
467.975810   0.881154
469.415240   0.884860
470.859100   0.888578
472.307390   0.892306
473.760140   0.896047
475.217360   0.899798
476.679060   0.903561
478.145260   0.907336
479.615970   0.911121
481.091200   0.914919
482.570960   0.918727
484.055280   0.922548
485.544170   0.926379
487.037630   0.930223
488.535690   0.934078
490.038360   0.937944
491.545650   0.941822
493.057570   0.945712
494.574150   0.949613
496.095390   0.953526
497.621310   0.957451
499.151920   0.961388
500.687240   0.965336
502.227280   0.969296
503.772060   0.973268
505.321590   0.977252
506.875890   0.981247
508.434970   0.985255
509.998840   0.989274
511.567530   0.993305
513.141030   0.997348
514.719380   1.001403
516.302590   1.005470
517.890660   1.009550
519.483620   1.013641
521.081480   1.017744
522.684250   1.021859
524.291950   1.025987
525.904600   1.030126
527.522210   1.034278
529.144790   1.038442
530.772360   1.042618
532.404950   1.046807
534.042550   1.051008
535.685190   1.055221
537.332880   1.059446
538.985640   1.063684
540.643480   1.067934
542.306420   1.072196
543.974480   1.076471
545.647670   1.080759
547.326000   1.085058
549.009500   1.089371
550.698180   1.093696
552.392050   1.098033
554.091120   1.102383
555.795430   1.106746
557.504980   1.111121
559.219780   1.115510
560.939860   1.119910
562.665240   1.124324
564.395910   1.128750
566.131920   1.133189
567.873260   1.137641
569.619950   1.142106
571.372020   1.146583
573.129480   1.151074
574.892350   1.155578
576.660640   1.160094
578.434360   1.164623
580.213540   1.169166
581.998200   1.173721
583.788340   1.178290
585.583990   1.182872
587.385170   1.187467
589.191880   1.192075
591.004150   1.196696
592.821990   1.201331
594.645430   1.205979
596.474480   1.210640
598.309150   1.215314
600.149460   1.220002
601.995430   1.224704
603.847090   1.229418
605.704430   1.234146
607.567500   1.238888
609.436290   1.243643
611.310830   1.248412
613.191130   1.253195
615.077220   1.257991
616.969110   1.262800
618.866820   1.267624
620.770370   1.272461
622.679770   1.277312
624.595040   1.282176
626.516210   1.287055
628.443280   1.291947
630.376290   1.296854
632.315230   1.301774
634.260140   1.306708
636.211040   1.311656
638.167930   1.316619
640.130850   1.321595
642.099800   1.326586
644.074810   1.331590
646.055890   1.336609
648.043070   1.341642
650.036350   1.346689
652.035770   1.351751
654.041340   1.356827
656.053080   1.361917
658.071010   1.367022
660.095140   1.372141
662.125500   1.377275
664.162100   1.382423
666.204970   1.387586
668.254120   1.392763
670.309580   1.397955
672.371360   1.403161
674.439470   1.408383
676.513950   1.413619
678.594810   1.418870
680.682080   1.424135
682.775760   1.429416
684.875880   1.434711
686.982460   1.440022
689.095520   1.445347
691.215080   1.450688
693.341160   1.456043
695.473780   1.461414
697.612960   1.466799
699.758720   1.472200
701.911070   1.477616
704.070050   1.483048
706.235670   1.488494
708.407950   1.493957
710.586910   1.499434
712.772580   1.504927
714.964970   1.510435
717.164100   1.515959
719.369990   1.521499
721.582670   1.527054
723.802160   1.532624
726.028470   1.538211
728.261630   1.543813
730.501660   1.549431
732.748580   1.555065
735.002410   1.560714
737.263170   1.566380
739.530890   1.572061
741.805580   1.577758
744.087270   1.583472
746.375980   1.589202
748.671720   1.594947
750.974530   1.600709
753.284420   1.606487
755.601420   1.612282
757.925540   1.618092
760.256810   1.623919
762.595250   1.629763
764.940890   1.635623
767.293740   1.641499
769.653820   1.647392
772.021170   1.653302
774.395800   1.659228
776.777730   1.665171
779.166990   1.671130
781.563590   1.677107
783.967570   1.683100
786.378950   1.689110
788.797740   1.695137
791.223970   1.701181
793.657660   1.707242
796.098840   1.713321
798.547520   1.719416
801.003740   1.725528
803.467520   1.731658
805.938870   1.737805
808.417820   1.743969
810.904400   1.750151
813.398630   1.756350
815.900520   1.762566
818.410120   1.768800
820.927430   1.775052
823.452490   1.781321
825.985310   1.787608
828.525920   1.793913
831.074350   1.800235
833.630620   1.806576
836.194750   1.812934
838.766760   1.819310
841.346690   1.825704
843.934560   1.832116
846.530380   1.838547
849.134190   1.844995
851.746000   1.851462
854.365850   1.857947
856.993760   1.864450
859.629750   1.870972
862.273850   1.877512
864.926080   1.884070
867.586470   1.890647
870.255040   1.897243
872.931820   1.903857
875.616840   1.910491
878.310110   1.917142
881.011670   1.923813
883.721540   1.930502
886.439740   1.937211
889.166300   1.943938
891.901250   1.950685
894.644610   1.957450
897.396410   1.964235
900.156670   1.971039
902.925430   1.977862
905.702700   1.984705
908.488510   1.991567
911.282890   1.998448
914.085870   2.005349
916.897470   2.012269
919.717710   2.019210
922.546640   2.026169
925.384260   2.033149
928.230610   2.040148
931.085710   2.047167
933.949600   2.054207
936.822300   2.061266
939.703830   2.068345
942.594230   2.075444
945.493510   2.082564
948.401720   2.089703
951.318860   2.096863
954.244990   2.104044
957.180110   2.111245
960.124260   2.118466
963.077460   2.125708
966.039750   2.132970
969.011150   2.140253
971.991690   2.147557
974.981400   2.154882
977.980310   2.162227
980.988440   2.169594
984.005820   2.176981
987.032480   2.184389
990.068450   2.191819
993.113760   2.199270
996.168440   2.206742
999.232510   2.214235
1002.306000   2.221750
1005.389000   2.229286
1008.481400   2.236844
1011.583300   2.244423
1014.694800   2.252024
1017.815900   2.259647
1020.946500   2.267291
1024.086800   2.274957
1027.236800   2.282646
1030.396400   2.290356
1033.565800   2.298088
1036.744900   2.305843
1039.933700   2.313619
1043.132400   2.321418
1046.341000   2.329239
1049.559400   2.337083
1052.787600   2.344949
1056.025900   2.352837
1059.274100   2.360749
1062.532200   2.368682
1065.800400   2.376639
1069.078700   2.384619
1072.367000   2.392621
1075.665500   2.400646
1078.974100   2.408695
1082.292800   2.416766
1085.621800   2.424861
1088.961000   2.432978
1092.310500   2.441120
1095.670300   2.449284
1099.040400   2.457472
1102.420900   2.465684
1105.811800   2.473919
1109.213100   2.482178
1112.624900   2.490461
1116.047200   2.498768
1119.480000   2.507098
1122.923400   2.515453
1126.377300   2.523831
1129.841900   2.532234
1133.317100   2.540660
1136.803000   2.549112
1140.299700   2.557587
1143.807100   2.566087
1147.325300   2.574612
1150.854300   2.583161
1154.394200   2.591735
1157.944900   2.600333
1161.506600   2.608957
1165.079200   2.617605
1168.662800   2.626278
1172.257500   2.634977
1175.863200   2.643701
1179.480000   2.652449
1183.107900   2.661223
1186.746900   2.670022
1190.397200   2.678847
1194.058700   2.687698
1197.731400   2.696574
1201.415500   2.705476
1205.110900   2.714403
1208.817600   2.723357
1212.535800   2.732336
1216.265400   2.741342
1220.006400   2.750373
1223.759000   2.759431
1227.523100   2.768515
1231.298800   2.777625
1235.086100   2.786762
1238.885000   2.795925
1242.695700   2.805115
1246.518000   2.814332
1250.352100   2.823575
1254.198100   2.832846
1258.055800   2.842143
1261.925400   2.851467
1265.806900   2.860819
1269.700300   2.870197
1273.605800   2.879603
1277.523200   2.889036
1281.452700   2.898497
1285.394200   2.907985
1289.347900   2.917501
1293.313800   2.927045
1297.291800   2.936616
1301.282100   2.946216
1305.284700   2.955843
1309.299500   2.965498
1313.326800   2.975182
1317.366400   2.984894
1321.418400   2.994634
1325.482900   3.004403
1329.559900   3.014200
1333.649400   3.024026
1337.751500   3.033880
1341.866300   3.043764
1345.993700   3.053676
1350.133700   3.063616
1354.286600   3.073587
1358.452200   3.083586
1362.630600   3.093615
1366.821800   3.103673
1371.026000   3.113760
1375.243100   3.123877
1379.473100   3.134024
1383.716200   3.144200
1387.972300   3.154406
1392.241500   3.164642
1396.523800   3.174908
1400.819300   3.185204
1405.128100   3.195530
1409.450000   3.205887
1413.785300   3.216274
1418.133900   3.226691
1422.495900   3.237139
1426.871300   3.247618
1431.260100   3.258127
1435.662500   3.268668
1440.078400   3.279239
1444.507900   3.289841
1448.951000   3.300475
1453.407700   3.311139
1457.878200   3.321835
1462.362400   3.332563
1466.860400   3.343322
1471.372300   3.354113
1475.898000   3.364935
1480.437700   3.375790
1484.991300   3.386676
1489.558900   3.397594
1494.140600   3.408545
1498.736400   3.419528
1503.346300   3.430543
1507.970300   3.441590
1512.608600   3.452670
1517.261200   3.463783
1521.928100   3.474929
1526.609300   3.486107
1531.305000   3.497319
1536.015000   3.508564
1540.739600   3.519841
1545.478700   3.531153
1550.232400   3.542497
1555.000700   3.553875
1559.783600   3.565286
1564.581300   3.576732
1569.393700   3.588211
1574.221000   3.599724
1579.063000   3.611271
1583.920000   3.622852
1588.791900   3.634468
1593.678800   3.646118
1598.580700   3.657802
1603.497800   3.669521
1608.429900   3.681275
1613.377200   3.693063
1618.339700   3.704886
1623.317500   3.716745
1628.310600   3.728638
1633.319000   3.740566
1638.342900   3.752531
1643.382200   3.764530
1648.437000   3.776565
1653.507400   3.788636
1658.593300   3.800742
1663.694900   3.812885
1668.812200   3.825063
1673.945200   3.837278
1679.094100   3.849529
1684.258700   3.861816
1689.439300   3.874140
1694.635700   3.886500
1699.848200   3.898897
1705.076700   3.911332
1710.321300   3.923802
1715.582000   3.936310
1720.858800   3.948855
1726.152000   3.961438
1731.461400   3.974058
1736.787100   3.986715
1742.129200   3.999410
1747.487700   4.012142
1752.862800   4.024913
1758.254300   4.037722
1763.662500   4.050568
1769.087200   4.063453
1774.528700   4.076377
1779.986900   4.089339
1785.461900   4.102339
1790.953700   4.115378
1796.462400   4.128456
1801.988100   4.141573
1807.530800   4.154730
1813.090500   4.167925
1818.667300   4.181160
1824.261200   4.194434
1829.872400   4.207748
1835.500800   4.221101
1841.146600   4.234494
1846.809700   4.247928
1852.490200   4.261401
1858.188200   4.274915
1863.903700   4.288469
1869.636800   4.302063
1875.387600   4.315699
1881.156000   4.329374
1886.942200   4.343091
1892.746100   4.356848
1898.567900   4.370647
1904.407700   4.384487
1910.265300   4.398368
1916.141100   4.412292
1922.034800   4.426256
1927.946700   4.440262
1933.876800   4.454310
1939.825200   4.468401
1945.791800   4.482533
1951.776800   4.496708
1957.780200   4.510925
1963.802000   4.525185
1969.842400   4.539487
1975.901300   4.553832
1981.978900   4.568220
1988.075200   4.582651
1994.190300   4.597126
2000.324100   4.611644
2006.476800   4.626205
2012.648400   4.640810
2018.839100   4.655459
2025.048700   4.670152
2031.277500   4.684889
2037.525400   4.699670
2043.792600   4.714495
2050.079000   4.729365
2056.384700   4.744279
2062.709900   4.759238
2069.054500   4.774243
2075.418600   4.789292
2081.802300   4.804386
2088.205600   4.819525
2094.628600   4.834710
2101.071400   4.849941
2107.534000   4.865218
2114.016500   4.880540
2120.518900   4.895908
2127.041300   4.911322
2133.583800   4.926783
2140.146400   4.942291
2146.729200   4.957845
2153.332200   4.973445
2159.955600   4.989093
2166.599300   5.004787
2173.263400   5.020529
2179.948100   5.036318
2186.653300   5.052155
2193.379100   5.068039
2200.125600   5.083971
2206.892900   5.099951
2213.681000   5.115980
2220.490000   5.132056
2227.319900   5.148181
2234.170800   5.164354
2241.042800   5.180576
2247.935900   5.196847
2254.850300   5.213167
2261.785900   5.229536
2268.742800   5.245954
2275.721100   5.262422
2282.720900   5.278939
2289.742200   5.295507
2296.785200   5.312124
2303.849700   5.328791
2310.936100   5.345509
2318.044200   5.362277
2325.174100   5.379095
2332.326100   5.395965
2339.500000   5.412885
2346.695900   5.429856
2353.914000   5.446878
2361.154300   5.463952
2368.416900   5.481077
2375.701800   5.498254
2383.009100   5.515482
2390.338900   5.532763
2397.691300   5.550096
2405.066200   5.567481
2412.463900   5.584919
2419.884300   5.602410
2427.327500   5.619953
2434.793600   5.637549
2442.282700   5.655199
2449.794800   5.672901
2457.330000   5.690657
2464.888400   5.708467
2472.470100   5.726331
2480.075000   5.744248
2487.703400   5.762220
2495.355200   5.780246
2503.030600   5.798327
2510.729500   5.816462
2518.452200   5.834652
2526.198600   5.852897
2533.968800   5.871198
2541.763000   5.889554
2549.581100   5.907965
2557.423200   5.926432
2565.289500   5.944954
2573.179900   5.963533
2581.094700   5.982168
2589.033800   6.000860
2596.997300   6.019608
2604.985200   6.038412
2612.997800   6.057274
2621.035000   6.076193
2629.097000   6.095169
2637.183700   6.114202
2645.295300   6.133294
2653.431800   6.152442
2661.593400   6.171650
2669.780100   6.190915
2677.992000   6.210238
2686.229100   6.229621
2694.491500   6.249061
2702.779400   6.268561
2711.092800   6.288120
2719.431700   6.307738
2727.796300   6.327416
2736.186600   6.347153
2744.602700   6.366950
2753.044800   6.386807
2761.512700   6.406724
2770.006700   6.426702
2778.526900   6.446740
2787.073200   6.466839
2795.645900   6.487000
2804.244900   6.507221
2812.870400   6.527503
2821.522300   6.547847
2830.201000   6.568253
2838.906200   6.588721
2847.638300   6.609251
2856.397200   6.629842
2865.183100   6.650497
2873.996000   6.671215
2882.836000   6.691995
2891.703200   6.712838
2900.597700   6.733745
2909.519500   6.754715
2918.468800   6.775749
2927.445600   6.796846
2936.450000   6.818008
2945.482100   6.839234
2954.542000   6.860524
2963.629700   6.881879
2972.745400   6.903299
2981.889200   6.924785
2991.061000   6.946335
3000.261100   6.967951
3009.489500   6.989633
3018.746300   7.011380
3028.031500   7.033193
3037.345300   7.055073
3046.687700   7.077019
3056.058900   7.099032
3065.458900   7.121112
3074.887800   7.143259
3084.345700   7.165474
3093.832700   7.187755
3103.348900   7.210106
3112.894400   7.232523
3122.469200   7.255009
3132.073500   7.277563
3141.707300   7.300186
3151.370800   7.322878
3161.063900   7.345639
3170.786900   7.368468
3180.539800   7.391368
3190.322700   7.414337
3200.135700   7.437376
3209.978800   7.460485
3219.852300   7.483665
3229.756100   7.506915
3239.690300   7.530235
3249.655200   7.553627
3259.650600   7.577090
3269.676900   7.600625
3279.733900   7.624230
3289.821900   7.647909
3299.941000   7.671659
3310.091100   7.695481
3320.272500   7.719376
3330.485200   7.743344
3340.729300   7.767384
3351.004900   7.791498
3361.312100   7.815685
3371.651000   7.839946
3382.021700   7.864281
3392.424300   7.888690
3402.859000   7.913174
3413.325700   7.937731
3423.824600   7.962364
3434.355800   7.987072
3444.919400   8.011855
3455.515400   8.036714
3466.144100   8.061648
3476.805500   8.086659
3487.499600   8.111746
3498.226700   8.136909
3508.986700   8.162148
3519.779900   8.187466
3530.606200   8.212859
3541.465900   8.238331
3552.358900   8.263880
3563.285500   8.289507
3574.245600   8.315212
3585.239500   8.340996
3596.267200   8.366858
3607.328800   8.392799
3618.424400   8.418819
3629.554200   8.444918
3640.718200   8.471097
3651.916500   8.497357
3663.149300   8.523696
3674.416600   8.550115
3685.718600   8.576615
3697.055300   8.603196
3708.427000   8.629858
3719.833600   8.656601
3731.275200   8.683426
3742.752100   8.710333
3754.264300   8.737322
3765.811900   8.764393
3777.395000   8.791547
3789.013700   8.818784
3800.668200   8.846104
3812.358500   8.873507
3824.084800   8.900995
3835.847100   8.928565
3847.645600   8.956220
3859.480400   8.983959
3871.351600   9.011783
3883.259400   9.039693
3895.203700   9.067687
3907.184800   9.095767
3919.202800   9.123933
3931.257700   9.152185
3943.349700   9.180522
3955.478800   9.208946
3967.645300   9.237458
3979.849300   9.266057
3992.090700   9.294742
4004.369800   9.323515
4016.686700   9.352376
4029.041400   9.381326
4041.434200   9.410364
4053.865100   9.439490
4066.334200   9.468706
4078.841700   9.498011
4091.387600   9.527405
4103.972100   9.556889
4116.595400   9.586463
4129.257400   9.616128
4141.958400   9.645883
4154.698500   9.675729
4167.477800   9.705667
4180.296300   9.735695
4193.154300   9.765816
4206.051900   9.796029
4218.989100   9.826334
4231.966100   9.856732
4244.983000   9.887222
4258.040000   9.917806
4271.137100   9.948484
4284.274500   9.979255
4297.452400   10.010120
4310.670700   10.041080
4323.929700   10.072134
4337.229500   10.103283
4350.570200   10.134528
4363.951900   10.165868
4377.374800   10.197304
4390.839000   10.228836
4404.344600   10.260464
4417.891800   10.292190
4431.480600   10.324012
4445.111200   10.355931
4458.783700   10.387948
4472.498300   10.420064
4486.255100   10.452277
4500.054100   10.484588
4513.895700   10.517000
4527.779800   10.549509
4541.706600   10.582119
4555.676200   10.614827
4569.688800   10.647637
4583.744600   10.680546
4597.843500   10.713557
4611.985800   10.746668
4626.171600   10.779880
4640.401100   10.813195
4654.674300   10.846611
4668.991400   10.880129
4683.352600   10.913750
4697.757900   10.947474
4712.207500   10.981301
4726.701600   11.015232
4741.240300   11.049267
4755.823600   11.083405
4770.451900   11.117648
4785.125100   11.151996
4799.843500   11.186449
4814.607100   11.221008
4829.416200   11.255672
4844.270800   11.290443
4859.171100   11.325319
4874.117200   11.360303
4889.109300   11.395394
4904.147500   11.430592
4919.231900   11.465898
4934.362800   11.501312
4949.540200   11.536835
4964.764300   11.572466
4980.035200   11.608206
4995.353100   11.644057
5010.718100   11.680016
5026.130300   11.716086
5041.590000   11.752266
5057.097200   11.788557
5072.652100   11.824959
5088.254900   11.861473
5103.905600   11.898098
5119.604500   11.934836
5135.351700   11.971686
5151.147300   12.008649
5166.991500   12.045725
5182.884400   12.082915
5198.826200   12.120219
5214.817100   12.157637
5230.857100   12.195169
5246.946500   12.232817
5263.085400   12.270580
5279.273900   12.308459
5295.512200   12.346453
5311.800400   12.384564
5328.138700   12.422792
5344.527300   12.461137
5360.966300   12.499599
5377.455900   12.538180
5393.996200   12.576879
5410.587400   12.615696
5427.229600   12.654632
5443.923000   12.693687
5460.667700   12.732862
5477.463900   12.772157
5494.311800   12.811573
5511.211600   12.851109
5528.163300   12.890767
5545.167100   12.930545
5562.223300   12.970447
5579.331900   13.010470
5596.493100   13.050616
5613.707100   13.090885
5630.974100   13.131277
5648.294200   13.171794
5665.667500   13.212434
5683.094300   13.253199
5700.574700   13.294089
5718.108800   13.335103
5735.696900   13.376244
5753.339100   13.417511
5771.035600   13.458905
5788.786500   13.500426
5806.591900   13.542073
5824.452200   13.583849
5842.367400   13.625739
5860.337700   13.667757
5878.363200   13.709904
5896.444300   13.752181
5914.580900   13.794586
5932.773300   13.837122
5951.021700   13.879789
5969.326200   13.922587
5987.687000   13.965515
6006.104200   14.008576
6024.578100   14.051768
6043.108900   14.095093
6061.696600   14.138551
6080.341600   14.182143
6099.043800   14.225868
6117.803600   14.269727
6136.621100   14.313722
6155.496500   14.357851
6174.429900   14.402115
6193.421600   14.446515
6212.471700   14.491052
6231.580400   14.535725
6250.747800   14.580535
6269.974200   14.625483
6289.259800   14.670569
6308.604600   14.715793
6328.009000   14.761155
6347.473100   14.806658
6366.997000   14.852300
6386.581000   14.898082
6406.225200   14.944004
6425.929800   14.990067
6445.695100   15.036272
6465.521100   15.082618
6485.408100   15.129107
6505.356300   15.175739
6525.365900   15.222513
6545.437000   15.269431
6565.569800   15.316494
6585.764600   15.363700
6606.021500   15.411052
6626.340600   15.458548
6646.722300   15.506191
6667.166700   15.553980
6687.674000   15.601916
6708.244300   15.649999
6728.877900   15.698229
6749.575000   15.746608
6770.335700   15.795135
6791.160300   15.843811
6812.048900   15.892636
6833.001800   15.941611
6854.019200   15.990737
6875.101200   16.040014
6896.248000   16.089442
6917.459900   16.139021
6938.737000   16.188753
6960.079600   16.238637
6981.487800   16.288675
7002.961900   16.338866
7024.502000   16.389211
7046.108300   16.439711
7067.781200   16.490366
7089.520700   16.541177
7111.327000   16.592143
7133.200400   16.643266
7155.141200   16.694546
7177.149400   16.745984
7199.225200   16.797579
7221.369000   16.849333
7243.580900   16.901245
7265.861200   16.953318
7288.209900   17.005549
7310.627400   17.057942
7333.113900   17.110496
7355.669500   17.163210
7378.294500   17.216087
7400.989100   17.269126
7423.753500   17.322328
7446.587900   17.375693
7469.492500   17.429222
7492.467600   17.482915
7515.513400   17.536774
7538.630000   17.590797
7561.817800   17.644987
7585.076900   17.699343
7608.407500   17.753866
7631.809900   17.808557
7655.284200   17.863415
7678.830800   17.918442
7702.449800   17.973638
7726.141400   18.029004
7749.906000   18.084539
7773.743600   18.140245
7797.654500   18.196123
7821.639000   18.252171
7845.697200   18.308392
7869.829500   18.364786
7894.035900   18.421353
7918.316900   18.478093
7942.672500   18.535008
7967.103000   18.592098
7991.608700   18.649363
8016.189800   18.706804
8040.846400   18.764421
8065.578900   18.822215
8090.387500   18.880188
8115.272400   18.938338
8140.233800   18.996666
8165.272000   19.055174
8190.387200   19.113861
8215.579700   19.172729
8240.849600   19.231778
8266.197300   19.291008
8291.623000   19.350420
8317.126800   19.410014
8342.709100   19.469792
8368.370100   19.529753
8394.110000   19.589898
8419.929100   19.650228
8445.827600   19.710744
8471.805800   19.771445
8497.863900   19.832333
8524.002100   19.893408
8550.220700   19.954670
8576.520000   20.016121
8602.900100   20.077761
8629.361400   20.139589
8655.904100   20.201608
8682.528500   20.263818
8709.234700   20.326219
8736.023100   20.388811
8762.893800   20.451595
8789.847200   20.514573
8816.883600   20.577744
8844.003000   20.641108
8871.205900   20.704668
8898.492500   20.768423
8925.863000   20.832374
8953.317700   20.896522
8980.856800   20.960866
9008.480700   21.025408
9036.189500   21.090149
9063.983500   21.155088
9091.863000   21.220227
9119.828300   21.285566
9147.879600   21.351106
9176.017200   21.416847
9204.241300   21.482790
9232.552200   21.548935
9260.950300   21.615285
9289.435600   21.681838
9318.008600   21.748595
9346.669500   21.815558
9375.418500   21.882726
9404.256000   21.950101
9433.182100   22.017682
9462.197300   22.085472
9491.301600   22.153469
9520.495500   22.221676
9549.779200   22.290092
9579.153000   22.358719
9608.617100   22.427556
9638.171800   22.496605
9667.817500   22.565866
9697.554300   22.635340
9727.382600   22.705027
9757.302700   22.774929
9787.314700   22.845045
9817.419100   22.915377
9847.616100   22.985925
9877.906000   23.056690
9908.289000   23.127672
9938.765500   23.198873
9969.335700   23.270292
10000.000000   23.341931
