1.000000   0.000000
1.003076   0.000000
1.006161   0.000000
1.009256   0.000000
1.012360   0.000000
1.015474   0.000000
1.018598   0.000000
1.021731   0.000000
1.024873   0.000000
1.028026   0.000000
1.031188   0.000000
1.034360   0.000000
1.037541   0.000000
1.040733   0.000001
1.043934   0.000001
1.047145   0.000001
1.050366   0.000001
1.053596   0.000001
1.056837   0.000001
1.060088   0.000001
1.063348   0.000001
1.066619   0.000001
1.069900   0.000001
1.073191   0.000001
1.076492   0.000001
1.079803   0.000001
1.083124   0.000001
1.086456   0.000001
1.089797   0.000001
1.093149   0.000001
1.096512   0.000001
1.099885   0.000001
1.103268   0.000001
1.106661   0.000001
1.110065   0.000001
1.113479   0.000001
1.116904   0.000001
1.120340   0.000001
1.123786   0.000001
1.127242   0.000001
1.130710   0.000002
1.134188   0.000002
1.137676   0.000002
1.141175   0.000002
1.144686   0.000002
1.148206   0.000002
1.151738   0.000002
1.155281   0.000002
1.158834   0.000002
1.162399   0.000002
1.165974   0.000002
1.169561   0.000002
1.173158   0.000002
1.176766   0.000002
1.180386   0.000002
1.184017   0.000003
1.187658   0.000003
1.191312   0.000003
1.194976   0.000003
1.198651   0.000003
1.202338   0.000003
1.206036   0.000003
1.209746   0.000003
1.213467   0.000003
1.217200   0.000003
1.220943   0.000003
1.224699   0.000003
1.228466   0.000004
1.232244   0.000004
1.236035   0.000004
1.239837   0.000004
1.243650   0.000004
1.247475   0.000004
1.251313   0.000004
1.255161   0.000004
1.259022   0.000004
1.262895   0.000004
1.266779   0.000005
1.270676   0.000005
1.274584   0.000005
1.278504   0.000005
1.282437   0.000005
1.286382   0.000005
1.290338   0.000005
1.294307   0.000005
1.298288   0.000005
1.302282   0.000005
1.306287   0.000006
1.310305   0.000006
1.314336   0.000006
1.318378   0.000006
1.322433   0.000006
1.326501   0.000006
1.330581   0.000006
1.334674   0.000006
1.338779   0.000006
1.342897   0.000007
1.347028   0.000007
1.351171   0.000007
1.355327   0.000007
1.359496   0.000007
1.363677   0.000007
1.367872   0.000007
1.372079   0.000007
1.376299   0.000007
1.380533   0.000008
1.384779   0.000008
1.389038   0.000008
1.393311   0.000008
1.397596   0.000008
1.401895   0.000008
1.406207   0.000008
1.410533   0.000008
1.414871   0.000009
1.419223   0.000009
1.423588   0.000009
1.427967   0.000009
1.432359   0.000009
1.436765   0.000009
1.441185   0.000009
1.445617   0.000009
1.450064   0.000010
1.454524   0.000010
1.458998   0.000010
1.463486   0.000010
1.467987   0.000010
1.472502   0.000010
1.477032   0.000010
1.481575   0.000011
1.486132   0.000011
1.490703   0.000011
1.495288   0.000011
1.499888   0.000011
1.504501   0.000011
1.509129   0.000012
1.513770   0.000012
1.518427   0.000012
1.523097   0.000012
1.527782   0.000012
1.532481   0.000012
1.537195   0.000012
1.541923   0.000013
1.546666   0.000013
1.551423   0.000013
1.556195   0.000013
1.560982   0.000013
1.565783   0.000014
1.570599   0.000014
1.575430   0.000014
1.580276   0.000014
1.585137   0.000014
1.590012   0.000015
1.594903   0.000015
1.599809   0.000015
1.604729   0.000015
1.609665   0.000015
1.614616   0.000016
1.619583   0.000016
1.624564   0.000016
1.629561   0.000016
1.634574   0.000016
1.639601   0.000017
1.644645   0.000017
1.649703   0.000017
1.654777   0.000017
1.659867   0.000018
1.664973   0.000018
1.670094   0.000018
1.675231   0.000018
1.680384   0.000018
1.685552   0.000019
1.690737   0.000019
1.695937   0.000019
1.701154   0.000019
1.706386   0.000020
1.711635   0.000020
1.716900   0.000020
1.722181   0.000021
1.727478   0.000021
1.732791   0.000021
1.738121   0.000021
1.743467   0.000022
1.748830   0.000022
1.754209   0.000022
1.759605   0.000023
1.765017   0.000023
1.770446   0.000023
1.775892   0.000023
1.781354   0.000024
1.786833   0.000024
1.792329   0.000024
1.797842   0.000025
1.803372   0.000025
1.808919   0.000025
1.814483   0.000026
1.820064   0.000026
1.825662   0.000026
1.831278   0.000027
1.836911   0.000027
1.842561   0.000028
1.848228   0.000028
1.853913   0.000028
1.859615   0.000029
1.865335   0.000029
1.871073   0.000029
1.876828   0.000030
1.882601   0.000030
1.888392   0.000031
1.894200   0.000031
1.900026   0.000031
1.905870   0.000032
1.911733   0.000032
1.917613   0.000033
1.923511   0.000033
1.929428   0.000034
1.935362   0.000034
1.941315   0.000034
1.947286   0.000035
1.953276   0.000035
1.959284   0.000036
1.965310   0.000036
1.971355   0.000037
1.977419   0.000037
1.983501   0.000038
1.989602   0.000038
1.995722   0.000039
2.001860   0.000039
2.008018   0.000040
2.014194   0.000040
2.020390   0.000041
2.026604   0.000041
2.032838   0.000042
2.039090   0.000043
2.045362   0.000043
2.051654   0.000044
2.057964   0.000044
2.064294   0.000045
2.070644   0.000045
2.077013   0.000046
2.083401   0.000047
2.089809   0.000047
2.096237   0.000048
2.102685   0.000049
2.109153   0.000049
2.115640   0.000050
2.122148   0.000050
2.128675   0.000051
2.135223   0.000052
2.141790   0.000052
2.148378   0.000053
2.154986   0.000054
2.161615   0.000055
2.168263   0.000055
2.174933   0.000056
2.181622   0.000057
2.188333   0.000057
2.195064   0.000058
2.201815   0.000059
2.208588   0.000060
2.215381   0.000061
2.222196   0.000061
2.229031   0.000062
2.235887   0.000063
2.242764   0.000064
2.249662   0.000065
2.256582   0.000065
2.263523   0.000066
2.270485   0.000067
2.277469   0.000068
2.284474   0.000069
2.291501   0.000070
2.298549   0.000071
2.305619   0.000072
2.312711   0.000073
2.319825   0.000074
2.326960   0.000075
2.334118   0.000076
2.341297   0.000077
2.348498   0.000078
2.355722   0.000079
2.362968   0.000080
2.370236   0.000081
2.377527   0.000082
2.384840   0.000083
2.392175   0.000084
2.399533   0.000085
2.406913   0.000086
2.414317   0.000087
2.421743   0.000088
2.429192   0.000089
2.436664   0.000091
2.444159   0.000092
2.451676   0.000093
2.459217   0.000094
2.466782   0.000095
2.474369   0.000097
2.481980   0.000098
2.489614   0.000099
2.497272   0.000100
2.504953   0.000102
2.512658   0.000103
2.520387   0.000104
2.528139   0.000106
2.535915   0.000107
2.543715   0.000108
2.551539   0.000110
2.559388   0.000111
2.567260   0.000113
2.575156   0.000114
2.583077   0.000116
2.591022   0.000117
2.598992   0.000119
2.606986   0.000120
2.615005   0.000122
2.623048   0.000123
2.631116   0.000125
2.639209   0.000127
2.647327   0.000128
2.655470   0.000130
2.663638   0.000132
2.671831   0.000133
2.680049   0.000135
2.688292   0.000137
2.696561   0.000138
2.704855   0.000140
2.713175   0.000142
2.721521   0.000144
2.729891   0.000146
2.738288   0.000148
2.746711   0.000150
2.755159   0.000151
2.763634   0.000153
2.772134   0.000155
2.780661   0.000157
2.789214   0.000159
2.797793   0.000161
2.806399   0.000164
2.815031   0.000166
2.823689   0.000168
2.832375   0.000170
2.841087   0.000172
2.849826   0.000174
2.858591   0.000177
2.867384   0.000179
2.876203   0.000181
2.885050   0.000183
2.893924   0.000186
2.902826   0.000188
2.911754   0.000191
2.920710   0.000193
2.929694   0.000195
2.938705   0.000198
2.947744   0.000200
2.956811   0.000203
2.965906   0.000206
2.975029   0.000208
2.984180   0.000211
2.993358   0.000214
3.002566   0.000216
3.011801   0.000219
3.021065   0.000222
3.030357   0.000225
3.039678   0.000228
3.049028   0.000230
3.058406   0.000233
3.067813   0.000236
3.077250   0.000239
3.086715   0.000242
3.096209   0.000246
3.105733   0.000249
3.115285   0.000252
3.124868   0.000255
3.134479   0.000258
3.144120   0.000262
3.153791   0.000265
3.163492   0.000268
3.173222   0.000272
3.182983   0.000275
3.192773   0.000279
3.202594   0.000282
3.212444   0.000286
3.222325   0.000289
3.232237   0.000293
3.242179   0.000297
3.252151   0.000301
3.262154   0.000304
3.272188   0.000308
3.282253   0.000312
3.292349   0.000316
3.302476   0.000320
3.312634   0.000324
3.322823   0.000328
3.333043   0.000332
3.343295   0.000337
3.353579   0.000341
3.363894   0.000345
3.374241   0.000350
3.384619   0.000354
3.395030   0.000358
3.405473   0.000363
3.415947   0.000368
3.426454   0.000372
3.436994   0.000377
3.447565   0.000382
3.458169   0.000386
3.468806   0.000391
3.479476   0.000396
3.490178   0.000401
3.500914   0.000406
3.511682   0.000411
3.522483   0.000417
3.533318   0.000422
3.544186   0.000427
3.555087   0.000433
3.566022   0.000438
3.576991   0.000444
3.587993   0.000449
3.599029   0.000455
3.610100   0.000460
3.621204   0.000466
3.632342   0.000472
3.643515   0.000478
3.654721   0.000484
3.665963   0.000490
3.677239   0.000496
3.688550   0.000503
3.699895   0.000509
3.711275   0.000515
3.722691   0.000522
3.734141   0.000528
3.745627   0.000535
3.757148   0.000542
3.768704   0.000548
3.780296   0.000555
3.791924   0.000562
3.803587   0.000569
3.815287   0.000576
3.827022   0.000584
3.838793   0.000591
3.850601   0.000598
3.862445   0.000606
3.874325   0.000614
3.886242   0.000621
3.898195   0.000629
3.910186   0.000637
3.922213   0.000645
3.934277   0.000653
3.946378   0.000661
3.958517   0.000669
3.970693   0.000678
3.982906   0.000686
3.995157   0.000695
4.007446   0.000703
4.019772   0.000712
4.032136   0.000721
4.044538   0.000730
4.056979   0.000739
4.069458   0.000749
4.081975   0.000758
4.094530   0.000767
4.107124   0.000777
4.119757   0.000787
4.132429   0.000797
4.145140   0.000806
4.157890   0.000817
4.170679   0.000827
4.183507   0.000837
4.196375   0.000847
4.209282   0.000858
4.222230   0.000869
4.235217   0.000880
4.248244   0.000891
4.261310   0.000902
4.274418   0.000913
4.287565   0.000924
4.300753   0.000936
4.313982   0.000947
4.327251   0.000959
4.340561   0.000971
4.353912   0.000983
4.367304   0.000996
4.380737   0.001008
4.394211   0.001021
4.407728   0.001033
4.421285   0.001046
4.434884   0.001059
4.448525   0.001072
4.462208   0.001086
4.475934   0.001099
4.489701   0.001113
4.503510   0.001127
4.517363   0.001141
4.531257   0.001155
4.545195   0.001169
4.559175   0.001184
4.573199   0.001199
4.587265   0.001213
4.601375   0.001229
4.615528   0.001244
4.629725   0.001259
4.643965   0.001275
4.658249   0.001291
4.672578   0.001307
4.686950   0.001323
4.701366   0.001340
4.715827   0.001356
4.730332   0.001373
4.744882   0.001390
4.759476   0.001407
4.774116   0.001425
4.788800   0.001443
4.803530   0.001460
4.818305   0.001479
4.833126   0.001497
4.847992   0.001516
4.862903   0.001534
4.877861   0.001553
4.892864   0.001573
4.907914   0.001592
4.923010   0.001612
4.938153   0.001632
4.953342   0.001652
4.968578   0.001673
4.983860   0.001694
4.999190   0.001715
5.014567   0.001736
5.029991   0.001757
5.045462   0.001779
5.060981   0.001801
5.076548   0.001824
5.092163   0.001846
5.107826   0.001869
5.123537   0.001892
5.139296   0.001916
5.155104   0.001939
5.170960   0.001964
5.186865   0.001988
5.202819   0.002012
5.218822   0.002037
5.234875   0.002063
5.250977   0.002088
5.267128   0.002114
5.283329   0.002140
5.299580   0.002167
5.315880   0.002194
5.332231   0.002221
5.348632   0.002248
5.365084   0.002276
5.381586   0.002304
5.398139   0.002333
5.414743   0.002362
5.431398   0.002391
5.448104   0.002421
5.464862   0.002451
5.481671   0.002481
5.498532   0.002512
5.515445   0.002543
5.532409   0.002575
5.549426   0.002606
5.566496   0.002639
5.583617   0.002671
5.600792   0.002704
5.618019   0.002738
5.635299   0.002772
5.652633   0.002806
5.670019   0.002841
5.687459   0.002876
5.704953   0.002912
5.722501   0.002948
5.740102   0.002984
5.757758   0.003021
5.775468   0.003058
5.793233   0.003096
5.811052   0.003135
5.828926   0.003173
5.846855   0.003213
5.864839   0.003253
5.882878   0.003293
5.900973   0.003334
5.919124   0.003375
5.937330   0.003417
5.955592   0.003459
5.973911   0.003502
5.992286   0.003545
6.010717   0.003589
6.029205   0.003633
6.047751   0.003678
6.066352   0.003724
6.085012   0.003770
6.103728   0.003816
6.122503   0.003864
6.141335   0.003911
6.160224   0.003960
6.179172   0.004009
6.198179   0.004058
6.217243   0.004108
6.236367   0.004159
6.255549   0.004211
6.274790   0.004263
6.294090   0.004315
6.313450   0.004369
6.332869   0.004423
6.352348   0.004478
6.371887   0.004533
6.391486   0.004589
6.411146   0.004646
6.430866   0.004703
6.450646   0.004761
6.470487   0.004820
6.490389   0.004880
6.510353   0.004940
6.530378   0.005001
6.550464   0.005063
6.570613   0.005126
6.590823   0.005189
6.611095   0.005253
6.631430   0.005318
6.651827   0.005384
6.672288   0.005450
6.692811   0.005518
6.713397   0.005586
6.734046   0.005655
6.754759   0.005725
6.775536   0.005796
6.796376   0.005867
6.817281   0.005940
6.838250   0.006013
6.859284   0.006088
6.880382   0.006163
6.901545   0.006239
6.922773   0.006316
6.944066   0.006394
6.965426   0.006473
6.986850   0.006553
7.008341   0.006634
7.029897   0.006716
7.051520   0.006799
7.073210   0.006883
7.094966   0.006968
7.116789   0.007054
7.138679   0.007141
7.160637   0.007230
7.182662   0.007319
7.204755   0.007409
7.226916   0.007501
7.249145   0.007594
7.271442   0.007687
7.293808   0.007782
7.316243   0.007879
7.338746   0.007976
7.361319   0.008074
7.383962   0.008174
7.406674   0.008275
7.429456   0.008377
7.452307   0.008481
7.475230   0.008586
7.498222   0.008692
7.521286   0.008799
7.544420   0.008908
7.567626   0.009018
7.590903   0.009129
7.614251   0.009242
7.637672   0.009356
7.661164   0.009472
7.684729   0.009589
7.708366   0.009707
7.732076   0.009827
7.755859   0.009948
7.779714   0.010071
7.803644   0.010195
7.827647   0.010321
7.851723   0.010449
7.875874   0.010578
7.900099   0.010708
7.924399   0.010841
7.948773   0.010975
7.973222   0.011110
7.997747   0.011247
8.022347   0.011386
8.047022   0.011527
8.071774   0.011669
8.096602   0.011813
8.121506   0.011959
8.146486   0.012107
8.171544   0.012256
8.196678   0.012407
8.221890   0.012561
8.247179   0.012716
8.272546   0.012873
8.297992   0.013031
8.323515   0.013192
8.349117   0.013355
8.374798   0.013520
8.400557   0.013687
8.426396   0.013856
8.452315   0.014027
8.478313   0.014200
8.504391   0.014375
8.530549   0.014553
8.556788   0.014732
8.583107   0.014914
8.609508   0.015098
8.635990   0.015285
8.662553   0.015473
8.689197   0.015664
8.715924   0.015857
8.742733   0.016053
8.769624   0.016251
8.796598   0.016452
8.823656   0.016655
8.850796   0.016860
8.878020   0.017068
8.905327   0.017279
8.932719   0.017492
8.960195   0.017708
8.987755   0.017926
9.015400   0.018148
9.043130   0.018372
9.070945   0.018598
9.098846   0.018828
9.126833   0.019060
9.154906   0.019295
9.183065   0.019533
9.211311   0.019774
9.239644   0.020018
9.268063   0.020265
9.296571   0.020515
9.325166   0.020768
9.353848   0.021024
9.382620   0.021283
9.411479   0.021546
9.440428   0.021812
9.469465   0.022081
9.498592   0.022353
9.527808   0.022628
9.557114   0.022908
9.586510   0.023190
9.615997   0.023476
9.645575   0.023765
9.675243   0.024058
9.705003   0.024355
9.734854   0.024655
9.764797   0.024959
9.794832   0.025267
9.824960   0.025579
9.855180   0.025894
9.885493   0.026213
9.915899   0.026536
9.946399   0.026863
9.976993   0.027195
10.007681   0.027530
10.038463   0.027869
10.069340   0.028213
10.100312   0.028560
10.131379   0.028912
10.162542   0.029269
10.193800   0.029629
10.225155   0.029995
10.256606   0.030364
10.288154   0.030738
10.319799   0.031117
10.351541   0.031501
10.383381   0.031889
10.415319   0.032282
10.447355   0.032679
10.479489   0.033082
10.511723   0.033489
10.544055   0.033902
10.576487   0.034320
10.609019   0.034742
10.641651   0.035170
10.674383   0.035604
10.707216   0.036042
10.740150   0.036486
10.773185   0.036935
10.806322   0.037390
10.839560   0.037851
10.872901   0.038317
10.906345   0.038789
10.939891   0.039266
10.973541   0.039750
11.007294   0.040239
11.041151   0.040735
11.075112   0.041236
11.109177   0.041744
11.143347   0.042258
11.177623   0.042778
11.212004   0.043304
11.246490   0.043837
11.281083   0.044377
11.315782   0.044923
11.350587   0.045476
11.385500   0.046036
11.420520   0.046602
11.455648   0.047176
11.490884   0.047756
11.526229   0.048344
11.561682   0.048938
11.597244   0.049540
11.632915   0.050150
11.668696   0.050767
11.704588   0.051391
11.740589   0.052023
11.776702   0.052663
11.812925   0.053311
11.849260   0.053967
11.885707   0.054630
11.922265   0.055302
11.958937   0.055982
11.995721   0.056670
12.032618   0.057367
12.069628   0.058073
12.106753   0.058786
12.143991   0.059509
12.181345   0.060241
12.218813   0.060981
12.256396   0.061731
12.294095   0.062489
12.331910   0.063257
12.369841   0.064034
12.407889   0.064821
12.446054   0.065618
12.484336   0.066424
12.522736   0.067240
12.561254   0.068066
12.599891   0.068902
12.638646   0.069748
12.677521   0.070605
12.716515   0.071472
12.755630   0.072350
12.794864   0.073238
12.834219   0.074138
12.873696   0.075048
12.913293   0.075969
12.953013   0.076902
12.992854   0.077846
13.032818   0.078801
13.072906   0.079769
13.113116   0.080748
13.153450   0.081738
13.193908   0.082741
13.234491   0.083757
13.275198   0.084784
13.316031   0.085824
13.356989   0.086877
13.398073   0.087943
13.439284   0.089021
13.480621   0.090113
13.522086   0.091218
13.563678   0.092337
13.605398   0.093469
13.647246   0.094615
13.689223   0.095775
13.731329   0.096949
13.773565   0.098137
13.815930   0.099340
13.858426   0.100557
13.901052   0.101789
13.943810   0.103036
13.986699   0.104299
14.029720   0.105576
14.072874   0.106870
14.116160   0.108178
14.159579   0.109503
14.203132   0.110844
14.246819   0.112201
14.290640   0.113575
14.334596   0.114965
14.378687   0.116373
14.422914   0.117797
14.467277   0.119239
14.511776   0.120698
14.556412   0.122174
14.601186   0.123669
14.646097   0.125182
14.691146   0.126713
14.736334   0.128263
14.781661   0.129831
14.827127   0.131419
14.872734   0.133026
14.918480   0.134652
14.964367   0.136298
15.010395   0.137964
15.056565   0.139650
15.102877   0.141356
15.149331   0.143083
15.195929   0.144831
15.242669   0.146600
15.289553   0.148391
15.336582   0.150203
15.383755   0.152037
15.431073   0.153893
15.478537   0.155771
15.526147   0.157673
15.573903   0.159597
15.621806   0.161544
15.669857   0.163515
15.718055   0.165510
15.766401   0.167529
15.814897   0.169572
15.863541   0.171640
15.912335   0.173732
15.961279   0.175850
16.010374   0.177994
16.059619   0.180163
16.109016   0.182358
16.158565   0.184580
16.208267   0.186828
16.258121   0.189104
16.308129   0.191407
16.358290   0.193737
16.408606   0.196096
16.459077   0.198483
16.509702   0.200899
16.560484   0.203343
16.611422   0.205817
16.662516   0.208321
16.713768   0.210855
16.765177   0.213419
16.816744   0.216013
16.868470   0.218639
16.920355   0.221297
16.972400   0.223986
17.024604   0.226708
17.076970   0.229462
17.129496   0.232249
17.182184   0.235069
17.235034   0.237923
17.288046   0.240811
17.341222   0.243734
17.394561   0.246692
17.448064   0.249685
17.501732   0.252713
17.555565   0.255778
17.609563   0.258880
17.663728   0.262018
17.718059   0.265194
17.772557   0.268407
17.827223   0.271659
17.882057   0.274950
17.937060   0.278280
17.992231   0.281649
18.047573   0.285059
18.103085   0.288509
18.158767   0.292000
18.214621   0.295533
18.270647   0.299107
18.326845   0.302724
18.383215   0.306384
18.439759   0.310087
18.496478   0.313835
18.553370   0.317626
18.610438   0.321463
18.667681   0.325345
18.725100   0.329273
18.782696   0.333247
18.840468   0.337269
18.898419   0.341338
18.956548   0.345455
19.014856   0.349620
19.073343   0.353835
19.132009   0.358100
19.190857   0.362414
19.249885   0.366780
19.309095   0.371197
19.368487   0.375666
19.428062   0.380188
19.487820   0.384763
19.547762   0.389392
19.607888   0.394075
19.668199   0.398813
19.728695   0.403607
19.789378   0.408457
19.850247   0.413364
19.911304   0.418328
19.972548   0.423351
20.033981   0.428432
20.095603   0.433573
20.157414   0.438774
20.219415   0.444036
20.281607   0.449360
20.343991   0.454745
20.406566   0.460193
20.469333   0.465705
20.532294   0.471281
20.595449   0.476923
20.658797   0.482629
20.722341   0.488403
20.786080   0.494243
20.850015   0.500151
20.914147   0.506128
20.978475   0.512174
21.043002   0.518290
21.107728   0.524478
21.172652   0.530737
21.237776   0.537068
21.303100   0.543473
21.368626   0.549952
21.434353   0.556505
21.500282   0.563135
21.566413   0.569840
21.632749   0.576623
21.699288   0.583485
21.766032   0.590425
21.832981   0.597445
21.900136   0.604546
21.967498   0.611729
22.035067   0.618994
22.102844   0.626342
22.170829   0.633775
22.239023   0.641293
22.307427   0.648896
22.376042   0.656587
22.444867   0.664366
22.513904   0.672234
22.583154   0.680191
22.652617   0.688239
22.722293   0.696379
22.792183   0.704612
22.862289   0.712938
22.932610   0.721359
23.003147   0.729876
23.073902   0.738489
23.144874   0.747200
23.216064   0.756010
23.287474   0.764919
23.359102   0.773929
23.430952   0.783042
23.503022   0.792256
23.575314   0.801575
23.647828   0.810999
23.720566   0.820529
23.793527   0.830167
23.866712   0.839912
23.940123   0.849768
24.013759   0.859733
24.087622   0.869811
24.161712   0.880001
24.236030   0.890305
24.310577   0.900725
24.385353   0.911261
24.460359   0.921914
24.535595   0.932686
24.611063   0.943578
24.686763   0.954592
24.762696   0.965727
24.838863   0.976987
24.915264   0.988371
24.991900   0.999881
25.068771   1.011519
25.145879   1.023285
25.223224   1.035181
25.300807   1.047209
25.378629   1.059369
25.456690   1.071662
25.534991   1.084091
25.613533   1.096657
25.692317   1.109360
25.771343   1.122203
25.850612   1.135186
25.930124   1.148311
26.009882   1.161579
26.089885   1.174993
26.170133   1.188552
26.250629   1.202259
26.331372   1.216114
26.412364   1.230121
26.493604   1.244279
26.575095   1.258590
26.656836   1.273056
26.738829   1.287679
26.821074   1.302459
26.903571   1.317398
26.986323   1.332499
27.069329   1.347761
27.152591   1.363188
27.236108   1.378780
27.319882   1.394538
27.403915   1.410466
27.488205   1.426563
27.572755   1.442832
27.657565   1.459274
27.742636   1.475891
27.827968   1.492684
27.913563   1.509656
27.999421   1.526807
28.085543   1.544140
28.171930   1.561656
28.258583   1.579356
28.345503   1.597243
28.432689   1.615318
28.520144   1.633582
28.607868   1.652039
28.695862   1.670688
28.784126   1.689532
28.872662   1.708573
28.961470   1.727813
29.050552   1.747252
29.139907   1.766894
29.229537   1.786739
29.319443   1.806790
29.409626   1.827049
29.500085   1.847516
29.590824   1.868195
29.681841   1.889086
29.773138   1.910192
29.864716   1.931514
29.956575   1.953055
30.048718   1.974816
30.141143   1.996799
30.233853   2.019007
30.326848   2.041440
30.420129   2.064101
30.513697   2.086992
30.607553   2.110115
30.701697   2.133471
30.796131   2.157063
30.890856   2.180892
30.985872   2.204961
31.081180   2.229272
31.176781   2.253826
31.272677   2.278626
31.368867   2.303673
31.465353   2.328970
31.562136   2.354518
31.659217   2.380320
31.756596   2.406377
31.854275   2.432693
31.952254   2.459268
32.050535   2.486105
32.149118   2.513206
32.248004   2.540573
32.347194   2.568208
32.446689   2.596113
32.546491   2.624291
32.646599   2.652744
32.747015   2.681473
32.847741   2.710480
32.948776   2.739769
33.050121   2.769341
33.151779   2.799198
33.253749   2.829342
33.356033   2.859776
33.458631   2.890502
33.561545   2.921522
33.664776   2.952838
33.768324   2.984453
33.872190   3.016368
33.976376   3.048586
34.080883   3.081110
34.185711   3.113940
34.290861   3.147081
34.396335   3.180533
34.502133   3.214300
34.608257   3.248383
34.714707   3.282784
34.821485   3.317507
34.928590   3.352553
35.036026   3.387925
35.143792   3.423625
35.251889   3.459655
35.360319   3.496017
35.469082   3.532715
35.578180   3.569750
35.687613   3.607124
35.797383   3.644841
35.907491   3.682902
36.017937   3.721309
36.128724   3.760066
36.239850   3.799174
36.351319   3.838637
36.463130   3.878455
36.575286   3.918632
36.687786   3.959170
36.800633   4.000072
36.913826   4.041339
37.027368   4.082975
37.141259   4.124982
37.255500   4.167361
37.370093   4.210117
37.485038   4.253250
37.600336   4.296764
37.715990   4.340661
37.831999   4.384944
37.948365   4.429614
38.065088   4.474675
38.182171   4.520129
38.299614   4.565978
38.417418   4.612225
38.535585   4.658872
38.654115   4.705923
38.773009   4.753378
38.892270   4.801242
39.011897   4.849516
39.131892   4.898203
39.252256   4.947305
39.372990   4.996826
39.494096   5.046767
39.615574   5.097131
39.737426   5.147921
39.859653   5.199140
39.982255   5.250789
40.105235   5.302871
40.228593   5.355390
40.352331   5.408347
40.476449   5.461745
40.600948   5.515587
40.725831   5.569875
40.851098   5.624612
40.976750   5.679801
41.102789   5.735444
41.229215   5.791544
41.356030   5.848103
41.483236   5.905124
41.610832   5.962610
41.738821   6.020563
41.867204   6.078987
41.995982   6.137883
42.125155   6.197254
42.254726   6.257104
42.384696   6.317434
42.515065   6.378248
42.645835   6.439547
42.777008   6.501336
42.908584   6.563615
43.040565   6.626390
43.172951   6.689661
43.305745   6.753431
43.438947   6.817704
43.572559   6.882482
43.706582   6.947768
43.841018   7.013565
43.975866   7.079875
44.111130   7.146701
44.246810   7.214047
44.382906   7.281913
44.519422   7.350305
44.656357   7.419224
44.793714   7.488673
44.931493   7.558655
45.069696   7.629172
45.208324   7.700228
45.347378   7.771826
45.486860   7.843968
45.626772   7.916658
45.767113   7.989897
45.907886   8.063689
46.049092   8.138037
46.190733   8.212944
46.332809   8.288412
46.475322   8.364445
46.618273   8.441045
46.761665   8.518217
46.905497   8.595961
47.049772   8.674282
47.194490   8.753182
47.339654   8.832664
47.485264   8.912732
47.631321   8.993387
47.777829   9.074635
47.924786   9.156477
48.072196   9.238916
48.220060   9.321956
48.368378   9.405599
48.517152   9.489849
48.666384   9.574708
48.816075   9.660181
48.966226   9.746269
49.116839   9.832977
49.267916   9.920307
49.419457   10.008262
49.571464   10.096846
49.723939   10.186062
49.876882   10.275912
50.030297   10.366401
50.184183   10.457531
50.338542   10.549306
50.493376   10.641729
50.648687   10.734803
50.804475   10.828532
50.960742   10.922919
51.117490   11.017967
51.274720   11.113680
51.432434   11.210060
51.590633   11.307112
51.749319   11.404839
51.908492   11.503243
52.068155   11.602330
52.228309   11.702101
52.388956   11.802561
52.550097   11.903713
52.711734   12.005561
52.873868   12.108107
53.036500   12.211357
53.199633   12.315312
53.363268   12.419978
53.527405   12.525356
53.692048   12.631452
53.857197   12.738268
54.022854   12.845809
54.189021   12.954078
54.355699   13.063079
54.522889   13.172815
54.690594   13.283291
54.858814   13.394509
55.027552   13.506475
55.196809   13.619191
55.366587   13.732662
55.536886   13.846891
55.707710   13.961883
55.879059   14.077641
56.050935   14.194169
56.223340   14.311472
56.396275   14.429552
56.569742   14.548416
56.743742   14.668064
56.918278   14.788504
57.093350   14.909738
57.268961   15.031770
57.445113   15.154606
57.621806   15.278248
57.799042   15.402701
57.976824   15.527970
58.155152   15.654058
58.334029   15.780970
58.513456   15.908711
58.693435   16.037283
58.873968   16.166693
59.055056   16.296944
59.236701   16.428041
59.418905   16.559988
59.601669   16.692790
59.784995   16.826450
59.968885   16.960975
60.153341   17.096368
60.338364   17.232634
60.523956   17.369777
60.710119   17.507803
60.896855   17.646715
61.084165   17.786520
61.272051   17.927220
61.460516   18.068822
61.649559   18.211329
61.839185   18.354748
62.029393   18.499082
62.220187   18.644337
62.411567   18.790517
62.603536   18.937628
62.796096   19.085675
62.989248   19.234662
63.182994   19.384595
63.377336   19.535479
63.572275   19.687318
63.767815   19.840119
63.963955   19.993886
64.160699   20.148624
64.358049   20.304341
64.556005   20.461038
64.754570   20.618724
64.953746   20.777402
65.153534   20.937078
65.353937   21.097759
65.554957   21.259450
65.756594   21.422154
65.958852   21.585879
66.161732   21.750630
66.365237   21.916414
66.569367   22.083234
66.774125   22.251098
66.979512   22.420009
67.185532   22.589977
67.392185   22.761004
67.599474   22.933098
67.807400   23.106264
68.015966   23.280508
68.225173   23.455836
68.435024   23.632254
68.645521   23.809768
68.856665   23.988386
69.068458   24.168111
69.280903   24.348951
69.494001   24.530912
69.707755   24.714000
69.922166   24.898222
70.137236   25.083582
70.352969   25.270090
70.569364   25.457750
70.786426   25.646568
71.004155   25.836552
71.222553   26.027709
71.441624   26.220043
71.661368   26.413563
71.881788   26.608275
72.102886   26.804185
72.324665   27.001302
72.547125   27.199629
72.770270   27.399176
72.994101   27.599949
73.218620   27.801954
73.443830   28.005199
73.669733   28.209691
73.896331   28.415436
74.123625   28.622442
74.351619   28.830717
74.580314   29.040266
74.809713   29.251098
75.039817   29.463218
75.270628   29.676636
75.502150   29.891358
75.734384   30.107392
75.967332   30.324745
76.200997   30.543424
76.435380   30.763437
76.670485   30.984792
76.906312   31.207496
77.142865   31.431557
77.380146   31.656983
77.618156   31.883780
77.856898   32.111958
78.096375   32.341524
78.336589   32.572486
78.577541   32.804851
78.819234   33.038628
79.061671   33.273825
79.304853   33.510449
79.548784   33.748511
79.793465   33.988016
80.038898   34.228972
80.285086   34.471390
80.532032   34.715276
80.779737   34.960640
81.028204   35.207489
81.277435   35.455833
81.527433   35.705678
81.778200   35.957035
82.029738   36.209913
82.282050   36.464318
82.535138   36.720259
82.789004   36.977747
83.043651   37.236788
83.299082   37.497394
83.555298   37.759571
83.812302   38.023329
84.070097   38.288679
84.328684   38.555626
84.588067   38.824181
84.848248   39.094354
85.109230   39.366155
85.371013   39.639590
85.633603   39.914671
85.896999   40.191404
86.161206   40.469803
86.426226   40.749875
86.692061   41.031628
86.958713   41.315073
87.226186   41.600221
87.494481   41.887079
87.763602   42.175659
88.033550   42.465969
88.304329   42.758020
88.575940   43.051820
88.848387   43.347380
89.121672   43.644711
89.395798   43.943822
89.670767   44.244722
89.946581   44.547423
90.223244   44.851933
90.500758   45.158265
90.779126   45.466426
91.058349   45.776428
91.338432   46.088283
91.619376   46.401997
91.901184   46.717585
92.183859   47.035055
92.467404   47.354418
92.751820   47.675683
93.037112   47.998866
93.323280   48.323969
93.610330   48.651012
93.898262   48.980000
94.187079   49.310944
94.476786   49.643859
94.767383   49.978752
95.058874   50.315635
95.351261   50.654520
95.644548   50.995417
95.938737   51.338337
96.233831   51.683293
96.529833   52.030295
96.826745   52.379354
97.124570   52.730482
97.423312   53.083692
97.722972   53.438991
98.023554   53.796396
98.325060   54.155913
98.627494   54.517560
98.930858   54.881344
99.235156   55.247278
99.540389   55.615374
99.846561   55.985643
100.153670   56.358093
100.461730   56.732748
100.770740   57.109615
101.080700   57.488704
101.391610   57.870023
101.703470   58.253582
102.016300   58.639411
102.330080   59.027496
102.644840   59.417881
102.960560   59.810555
103.277250   60.205533
103.594920   60.602839
103.913560   61.002471
104.233180   61.404449
104.553790   61.808791
104.875380   62.215500
105.197960   62.624591
105.521540   63.036090
105.846110   63.449993
106.171680   63.866321
106.498240   64.285070
106.825820   64.706287
107.154400   65.129959
107.483990   65.556102
107.814600   65.984743
108.146220   66.415879
108.478860   66.849530
108.812530   67.285716
109.147220   67.724436
109.482940   68.165715
109.819690   68.609556
110.157480   69.055987
110.496310   69.505017
110.836180   69.956656
111.177100   70.410923
111.519060   70.867817
111.862080   71.327372
112.206150   71.789589
112.551280   72.254488
112.897470   72.722076
113.244730   73.192382
113.593060   73.665411
113.942450   74.141163
114.292920   74.619672
114.644470   75.100948
114.997100   75.585005
115.350820   76.071862
115.705620   76.561516
116.061510   77.053992
116.418500   77.549313
116.776590   78.047490
117.135780   78.548534
117.496070   79.052450
117.857470   79.559267
118.219980   80.068996
118.583610   80.581658
118.948360   81.097264
119.314230   81.615823
119.681220   82.137348
120.049340   82.661861
120.418600   83.189388
120.788990   83.719926
121.160520   84.253497
121.533190   84.790113
121.907010   85.329801
122.281980   85.872564
122.658100   86.418424
123.035380   86.967396
123.413820   87.519494
123.793420   88.074728
124.174190   88.633123
124.556130   89.194693
124.939250   89.759460
125.323550   90.327433
125.709020   90.898615
126.095690   91.473051
126.483540   92.050730
126.872590   92.631691
127.262830   93.215924
127.654270   93.803463
128.046920   94.394332
128.440770   94.988520
128.835840   95.586077
129.232120   96.186990
129.629620   96.791297
130.028340   97.398995
130.428290   98.010119
130.829470   98.624679
131.231880   99.242683
131.635530   99.864159
132.040420   100.489119
132.446560   101.117588
132.853950   101.749578
133.262590   102.385100
133.672480   103.024160
134.083640   103.666812
134.496060   104.313039
134.909750   104.962872
135.324720   105.616343
135.740960   106.273441
136.158480   106.934199
136.577280   107.598623
136.997370   108.266740
137.418760   108.938580
137.841440   109.614137
138.265420   110.293435
138.690700   110.976492
139.117300   111.663345
139.545200   112.353980
139.974420   113.048434
140.404960   113.746719
140.836830   114.448867
141.270020   115.154870
141.704550   115.864774
142.140410   116.578568
142.577620   117.296304
143.016170   118.017972
143.456060   118.743584
143.897310   119.473190
144.339920   120.206791
144.783890   120.944405
145.229220   121.686043
145.675930   122.431749
146.124010   123.181519
146.573460   123.935365
147.024300   124.693328
147.476530   125.455418
147.930150   126.221654
148.385160   126.992041
148.841570   127.766614
149.299390   128.545396
149.758610   129.328383
150.219250   130.115616
150.681300   130.907099
151.144770   131.702852
151.609670   132.502909
152.076000   133.307277
152.543770   134.115990
153.012970   134.929039
153.483620   135.746469
153.955710   136.568276
154.429260   137.394507
154.904260   138.225151
155.380720   139.060243
155.858650   139.899808
156.338050   140.743864
156.818920   141.592411
157.301280   142.445508
157.785110   143.303122
158.270440   144.165317
158.757250   145.032076
159.245570   145.903466
159.735390   146.779469
160.226710   147.660103
160.719540   148.545398
161.213890   149.435380
161.709760   150.330067
162.207160   151.229483
162.706090   152.133635
163.206550   153.042541
163.708550   153.956232
164.212090   154.874715
164.717190   155.798039
165.223830   156.726178
165.732040   157.659197
166.241810   158.597093
166.753140   159.539874
167.266050   160.487589
167.780540   161.440246
168.296610   162.397861
168.814260   163.360449
169.333510   164.328046
169.854360   165.300672
170.376810   166.278338
170.900860   167.261045
171.426530   168.248856
171.953810   169.241758
172.482720   170.239796
173.013250   171.242962
173.545410   172.251289
174.079210   173.264807
174.614660   174.283544
175.151750   175.307497
175.690490   176.336686
176.230890   177.371149
176.772950   178.410892
177.316680   179.455947
177.862080   180.506327
178.409160   181.562057
178.957920   182.623149
179.508370   183.689635
180.060510   184.761528
180.614350   185.838854
181.169890   186.921624
181.727150   188.009884
182.286110   189.103612
182.846800   190.202877
183.409210   191.307660
183.973350   192.418003
184.539230   193.533924
185.106840   194.655428
185.676210   195.782577
186.247320   196.915331
186.820190   198.053760
187.394820   199.197861
187.971220   200.347668
188.549390   201.503183
189.129350   202.664471
189.711080   203.831491
190.294600   205.004290
190.879920   206.182911
191.467040   207.367356
192.055970   208.557651
192.646710   209.753817
193.239260   210.955848
193.833640   212.163807
194.429840   213.377677
195.027880   214.597504
195.627760   215.823309
196.229480   217.055095
196.833050   218.292894
197.438490   219.536747
198.045780   220.786638
198.654940   222.042604
199.265970   223.304658
199.878890   224.572855
200.493690   225.847177
201.110380   227.127656
201.728960   228.414295
202.349450   229.707159
202.971850   231.006243
203.596160   232.311556
204.222400   233.623156
204.850560   234.941032
205.480650   236.265207
206.112680   237.595706
206.746650   238.932550
207.382570   240.275755
208.020450   241.625363
208.660290   242.981367
209.302100   244.343810
209.945890   245.712717
210.591650   247.088075
211.239400   248.469933
211.889140   249.858299
212.540880   251.253201
213.194630   252.654670
213.850390   254.062709
214.508160   255.477337
215.167960   256.898582
215.829780   258.326452
216.493640   259.760993
217.159550   261.202231
217.827500   262.650141
218.497500   264.104767
219.169570   265.566159
219.843710   267.034315
220.519910   268.509211
221.198200   269.990940
221.878580   271.479502
222.561040   272.974882
223.245610   274.477142
223.932280   275.986278
224.621070   277.502338
225.311970   279.025307
226.005000   280.555223
226.700160   282.092106
227.397450   283.635964
228.096890   285.186825
228.798490   286.744745
229.502240   288.309697
230.208160   289.881718
230.916240   291.460803
231.626510   293.047026
232.338960   294.640370
233.053600   296.240858
233.770440   297.848513
234.489490   299.463381
235.210740   301.085422
235.934220   302.714721
236.659920   304.351250
237.387850   305.995054
238.118020   307.646144
238.850440   309.304554
239.585110   310.970282
240.322040   312.643372
241.061230   314.323797
241.802700   316.011641
242.546460   317.706914
243.292490   319.409561
244.040830   321.119705
244.791460   322.837289
245.544410   324.562377
246.299670   326.294973
247.057250   328.035074
247.817160   329.782727
248.579410   331.537954
249.344010   333.300776
250.110950   335.071185
250.880260   336.849232
251.651930   338.634909
252.425980   340.428277
253.202400   342.229291
253.981220   344.038038
254.762430   345.854498
255.546040   347.678678
256.332060   349.510626
257.120500   351.350361
257.911370   353.197906
258.704670   355.053265
259.500410   356.916460
260.298590   358.787483
261.099240   360.666436
261.902340   362.553230
262.707920   364.447980
263.515970   366.350624
264.326500   368.261223
265.139540   370.179824
265.955070   372.106379
266.773110   374.040961
267.593660   375.983548
268.416740   377.934188
269.242360   379.892914
270.070510   381.859704
270.901210   383.834603
271.734460   385.817605
272.570280   387.808755
273.408660   389.808044
274.249630   391.815534
275.093180   393.831201
275.939330   395.855092
276.788080   397.887197
277.639440   399.927563
278.493420   401.976194
279.350030   404.033110
280.209270   406.098327
281.071150   408.171864
281.935690   410.253755
282.802880   412.343972
283.672740   414.442579
284.545280   416.549593
285.420500   418.665001
286.298410   420.788853
287.179030   422.921164
288.062350   425.061909
288.948390   427.211164
289.837150   429.368887
290.728650   431.535170
291.622890   433.709970
292.519880   435.893319
293.419630   438.085250
294.322150   440.285778
295.227440   442.494892
296.135520   444.712653
297.046390   446.939048
297.960060   449.174093
298.876540   451.417819
299.795840   453.670244
300.717970   455.931383
301.642940   458.201268
302.570750   460.479885
303.501420   462.767296
304.434940   465.063439
305.371340   467.368425
306.310620   469.682204
307.252790   472.004841
308.197850   474.336289
309.145830   476.676657
310.096720   479.025898
311.050530   481.384011
312.007280   483.751074
312.966970   486.127072
313.929610   488.512020
314.895210   490.905932
315.863780   493.308822
316.835340   495.720770
317.809880   498.141694
318.787410   500.571659
319.767960   503.010708
320.751520   505.458809
321.738110   507.916024
322.727730   510.382337
323.720390   512.857761
324.716110   515.342341
325.714890   517.836077
326.716740   520.338982
327.721680   522.851100
328.729700   525.372400
329.740830   527.902941
330.755060   530.442707
331.772420   532.991757
332.792900   535.550058
333.816530   538.117688
334.843300   540.694611
335.873230   543.280857
336.906330   545.876454
337.942610   548.481415
338.982070   551.095721
340.024730   553.719452
341.070600   556.352584
342.119680   558.995133
343.171990   561.647126
344.227540   564.308592
345.286340   566.979544
346.348390   569.659961
347.413710   572.349923
348.482300   575.049373
349.554180   577.758373
350.629360   580.476954
351.707850   583.205108
352.789650   585.942832
353.874780   588.690190
354.963250   591.447172
356.055070   594.213810
357.150240   596.990080
358.248790   599.776061
359.350710   602.571715
360.456020   605.377066
361.564730   608.192146
362.676850   611.016983
363.792400   613.851602
364.911370   616.695965
366.033790   619.550151
367.159650   622.414101
368.288980   625.287893
369.421790   628.171576
370.558080   631.065088
371.697860   633.968457
372.841150   636.881746
373.987960   639.804947
375.138290   642.738073
376.292160   645.681129
377.449590   648.634198
378.610570   651.597200
379.775120   654.570200
380.943250   657.553207
382.114980   660.546264
383.290310   663.549365
384.469260   666.562534
385.651830   669.585787
386.838040   672.619124
388.027900   675.662597
389.221420   678.716193
390.418610   681.779941
391.619480   684.853850
392.824050   687.937963
394.032320   691.032253
395.244310   694.136784
396.460020   697.251530
397.679480   700.376569
398.902680   703.511817
400.129650   706.657417
401.360390   709.813276
402.594920   712.979502
403.833240   716.156047
405.075380   719.342966
406.321330   722.540241
407.571120   725.747949
408.824750   728.966040
410.082240   732.194580
411.343590   735.433539
412.608830   738.683019
413.877950   741.942933
415.150980   745.213360
416.427930   748.494351
417.708800   751.785832
418.993610   755.087892
420.282380   758.400551
421.575110   761.723779
422.871810   765.057606
424.172510   768.402110
425.477200   771.757226
426.785910   775.123034
428.098640   778.499524
429.415410   781.886719
430.736230   785.284624
432.061110   788.693291
433.390070   792.112717
434.723120   795.542955
436.060270   798.983987
437.401530   802.435820
438.746910   805.898483
440.096430   809.371995
441.450110   812.856446
442.807950   816.351758
444.169960   819.857983
445.536160   823.375142
446.906570   826.903300
448.281190   830.442403
449.660040   833.992516
451.043130   837.553622
452.430470   841.125774
453.822090   844.709028
455.217980   848.303315
456.618160   851.908702
458.022660   855.525245
459.431470   859.152874
460.844620   862.791718
462.262110   866.441696
463.683960   870.102876
465.110190   873.775323
466.540800   877.458958
467.975810   881.153872
469.415240   884.860107
470.859100   888.577645
472.307390   892.306477
473.760140   896.046658
475.217360   899.798244
476.679060   903.561189
478.145260   907.335587
479.615970   911.121392
481.091200   914.918659
482.570960   918.727393
484.055280   922.547625
485.544170   926.379434
487.037630   930.222737
488.535690   934.077641
490.038360   937.944124
491.545650   941.822242
493.057570   945.711949
494.574150   949.613376
496.095390   953.526466
497.621310   957.451260
499.151920   961.387763
500.687240   965.336044
502.227280   969.296082
503.772060   973.267945
505.321590   977.251612
506.875890   981.247151
508.434970   985.254543
509.998840   989.273815
511.567530   993.305052
513.141030   997.348178
514.719380   1001.403316
516.302590   1005.470470
517.890660   1009.549604
519.483620   1013.640801
521.081480   1017.744066
522.684250   1021.859402
524.291950   1025.986853
525.904600   1030.126488
527.522210   1034.278286
529.144790   1038.442250
530.772360   1042.618451
532.404950   1046.806944
534.042550   1051.007655
535.685190   1055.220668
537.332880   1059.446038
538.985640   1063.683730
540.643480   1067.933802
542.306420   1072.196297
543.974480   1076.471231
545.647670   1080.758609
547.326000   1085.058462
549.009500   1089.370874
550.698180   1093.695820
552.392050   1098.033305
554.091120   1102.383361
555.795430   1106.746111
557.504980   1111.121491
559.219780   1115.509533
560.939860   1119.910294
562.665240   1124.323845
564.395910   1128.750082
566.131920   1133.189197
567.873260   1137.641087
569.619950   1142.105795
571.372020   1146.583433
573.129480   1151.073977
574.892350   1155.577501
576.660640   1160.093978
578.434360   1164.623415
580.213540   1169.165895
581.998200   1173.721490
583.788340   1178.290108
585.583990   1182.871891
587.385170   1187.466853
589.191880   1192.074932
591.004150   1196.696267
592.821990   1201.330835
594.645430   1205.978693
596.474480   1210.639873
598.309150   1215.314378
600.149460   1220.002255
601.995430   1224.703518
603.847090   1229.418282
605.704430   1234.146441
607.567500   1238.888161
609.436290   1243.643395
611.310830   1248.412199
613.191130   1253.194549
615.077220   1257.990587
616.969110   1262.800289
618.866820   1267.623700
620.770370   1272.460837
622.679770   1277.311732
624.595040   1282.176430
626.516210   1287.054989
628.443280   1291.947372
630.376290   1296.853706
632.315230   1301.773943
634.260140   1306.708151
636.211040   1311.656405
638.167930   1316.618698
640.130850   1321.595070
642.099800   1326.585541
644.074810   1331.590200
646.055890   1336.608991
648.043070   1341.642060
650.036350   1346.689312
652.035770   1351.750933
654.041340   1356.826870
656.053080   1361.917167
658.071010   1367.021901
660.095140   1372.141046
662.125500   1377.274689
664.162100   1382.422805
666.204970   1387.585542
668.254120   1392.762843
670.309580   1397.954797
672.371360   1403.161408
674.439470   1408.382711
676.513950   1413.618775
678.594810   1418.869635
680.682080   1424.135349
682.775760   1429.415879
684.875880   1434.711344
686.982460   1440.021730
689.095520   1445.347114
691.215080   1450.687512
693.341160   1456.043000
695.473780   1461.413595
697.612960   1466.799314
699.758720   1472.200232
701.911070   1477.616326
704.070050   1483.047724
706.235670   1488.494463
708.407950   1493.956529
710.586910   1499.433968
712.772580   1504.926900
714.964970   1510.435269
717.164100   1515.959152
719.369990   1521.498596
721.582670   1527.053629
723.802160   1532.624359
726.028470   1538.210762
728.261630   1543.812865
730.501660   1549.430776
732.748580   1555.064512
735.002410   1560.714090
737.263170   1566.379588
739.530890   1572.061065
741.805580   1577.758494
744.087270   1583.471997
746.375980   1589.201591
748.671720   1594.947280
750.974530   1600.709166
753.284420   1606.487285
755.601420   1612.281666
757.925540   1618.092375
760.256810   1623.919410
762.595250   1629.762881
764.940890   1635.622815
767.293740   1641.499218
769.653820   1647.392170
772.021170   1653.301741
774.395800   1659.227937
776.777730   1665.170836
779.166990   1671.130467
781.563590   1677.106835
783.967570   1683.100075
786.378950   1689.110233
788.797740   1695.137285
791.223970   1701.181322
793.657660   1707.242359
796.098840   1713.320521
798.547520   1719.415749
801.003740   1725.528178
803.467520   1731.657856
805.938870   1737.804789
808.417820   1743.969036
810.904400   1750.150690
813.398630   1756.349767
815.900520   1762.566273
818.410120   1768.800354
820.927430   1775.051972
823.452490   1781.321295
825.985310   1787.608233
828.525920   1793.912908
831.074350   1800.235415
833.630620   1806.575737
836.194750   1812.933956
838.766760   1819.310089
841.346690   1825.704238
843.934560   1832.116487
846.530380   1838.546775
849.134190   1844.995272
851.746000   1851.461918
854.365850   1857.946849
856.993760   1864.450115
859.629750   1870.971766
862.273850   1877.511829
864.926080   1884.070387
867.586470   1890.647467
870.255040   1897.243151
872.931820   1903.857468
875.616840   1910.490543
878.310110   1917.142317
881.011670   1923.812959
883.721540   1930.502455
886.439740   1937.210887
889.166300   1943.938281
891.901250   1950.684733
894.644610   1957.450292
897.396410   1964.235019
900.156670   1971.038931
902.925430   1977.862198
905.702700   1984.704728
908.488510   1991.566647
911.282890   1998.448050
914.085870   2005.348965
916.897470   2012.269442
919.717710   2019.209530
922.546640   2026.169347
925.384260   2033.148887
928.230610   2040.148222
931.085710   2047.167403
933.949600   2054.206567
936.822300   2061.265733
939.703830   2068.344884
942.594230   2075.444226
945.493510   2082.563664
948.401720   2089.703382
951.318860   2096.863342
954.244990   2104.043738
957.180110   2111.244531
960.124260   2118.465795
963.077460   2125.707581
966.039750   2132.969992
969.011150   2140.253081
971.991690   2147.556909
974.981400   2154.881571
977.980310   2162.227095
980.988440   2169.593531
984.005820   2176.980942
987.032480   2184.389390
990.068450   2191.819002
993.113760   2199.269774
996.168440   2206.741834
999.232510   2214.235166
1002.306000   2221.749900
1005.389000   2229.286296
1008.481400   2236.843861
1011.583300   2244.422936
1014.694800   2252.023958
1017.815900   2259.646791
1020.946500   2267.290986
1024.086800   2274.957360
1027.236800   2282.645808
1030.396400   2290.355848
1033.565800   2298.088331
1036.744900   2305.842709
1039.933700   2313.618942
1043.132400   2321.417816
1046.341000   2329.239327
1049.559400   2337.082925
1052.787600   2344.948537
1056.025900   2352.837464
1059.274100   2360.748707
1062.532200   2368.682231
1065.800400   2376.638888
1069.078700   2384.618539
1072.367000   2392.620735
1075.665500   2400.646296
1078.974100   2408.694672
1082.292800   2416.765822
1085.621800   2424.860537
1088.961000   2432.978364
1092.310500   2441.119611
1095.670300   2449.284276
1099.040400   2457.472251
1102.420900   2465.683912
1105.811800   2473.919222
1109.213100   2482.178075
1112.624900   2490.460881
1116.047200   2498.767567
1119.480000   2507.098029
1122.923400   2515.452676
1126.377300   2523.830954
1129.841900   2532.233756
1133.317100   2540.660494
1136.803000   2549.111578
1140.299700   2557.587419
1143.807100   2566.087427
1147.325300   2574.612015
1150.854300   2583.161110
1154.394200   2591.735054
1157.944900   2600.333396
1161.506600   2608.956927
1165.079200   2617.605091
1168.662800   2626.278336
1172.257500   2634.976968
1175.863200   2643.700501
1179.480000   2652.449279
1183.107900   2661.223297
1186.746900   2670.022381
1190.397200   2678.847462
1194.058700   2687.697948
1197.731400   2696.573767
1201.415500   2705.475747
1205.110900   2714.403402
1208.817600   2723.356588
1212.535800   2732.336206
1216.265400   2741.341696
1220.006400   2750.372952
1223.759000   2759.430838
1227.523100   2768.514796
1231.298800   2777.625205
1235.086100   2786.762027
1238.885000   2795.925156
1242.695700   2805.115386
1246.518000   2814.331778
1250.352100   2823.575162
1254.198100   2832.845882
1258.055800   2842.142963
1261.925400   2851.467236
1265.806900   2860.818629
1269.700300   2870.197033
1273.605800   2879.603281
1277.523200   2889.036432
1281.452700   2898.497246
1285.394200   2907.985235
1289.347900   2917.501195
1293.313800   2927.045089
1297.291800   2936.616323
1301.282100   2946.215727
1305.284700   2955.843267
1309.299500   2965.498380
1313.326800   2975.182354
1317.366400   2984.894173
1321.418400   2994.634185
1325.482900   3004.402839
1329.559900   3014.199992
1333.649400   3024.025608
1337.751500   3033.879997
1341.866300   3043.763539
1345.993700   3053.675743
1350.133700   3063.616467
1354.286600   3073.587034
1358.452200   3083.586394
1362.630600   3093.614962
1366.821800   3103.672666
1371.026000   3113.760271
1375.243100   3123.877285
1379.473100   3134.023565
1383.716200   3144.200018
1387.972300   3154.406009
1392.241500   3164.641957
1396.523800   3174.907753
1400.819300   3185.203814
1405.128100   3195.530415
1409.450000   3205.886647
1413.785300   3216.273692
1418.133900   3226.691096
1422.495900   3237.139204
1426.871300   3247.617873
1431.260100   3258.127029
1435.662500   3268.667547
1440.078400   3279.238825
1444.507900   3289.841248
1448.951000   3300.474706
1453.407700   3311.139127
1457.878200   3321.835349
1462.362400   3332.562771
1466.860400   3343.321777
1471.372300   3354.112749
1475.898000   3364.935088
1480.437700   3375.789667
1484.991300   3386.675923
1489.558900   3397.594202
1494.140600   3408.544852
1498.736400   3419.527836
1503.346300   3430.542973
1507.970300   3441.590262
1512.608600   3452.670435
1517.261200   3463.783419
1521.928100   3474.929142
1526.609300   3486.107493
1531.305000   3497.319314
1536.015000   3508.563547
1540.739600   3519.841451
1545.478700   3531.152535
1550.232400   3542.497145
1555.000700   3553.875136
1559.783600   3565.286436
1564.581300   3576.731849
1569.393700   3588.210846
1574.221000   3599.724195
1579.063000   3611.271017
1583.920000   3622.852431
1588.791900   3634.467546
1593.678800   3646.117538
1598.580700   3657.801687
1603.497800   3669.520906
1608.429900   3681.274639
1613.377200   3693.063080
1618.339700   3704.886227
1623.317500   3716.744537
1628.310600   3728.638010
1633.319000   3740.566282
1638.342900   3752.530630
1643.382200   3764.530234
1648.437000   3776.565190
1653.507400   3788.635955
1658.593300   3800.742430
1663.694900   3812.884809
1668.812200   3825.063453
1673.945200   3837.277998
1679.094100   3849.529360
1684.258700   3861.816260
1689.439300   3874.140434
1694.635700   3886.500241
1699.848200   3898.897416
1705.076700   3911.331501
1710.321300   3923.802229
1715.582000   3936.310323
1720.858800   3948.855059
1726.152000   3961.437811
1731.461400   3974.057661
1736.787100   3986.714705
1742.129200   3999.409762
1747.487700   4012.142108
1752.862800   4024.913021
1758.254300   4037.721584
1763.662500   4050.568446
1769.087200   4063.453051
1774.528700   4076.376777
1779.986900   4089.338801
1785.461900   4102.339216
1790.953700   4115.378387
1796.462400   4128.456408
1801.988100   4141.573374
1807.530800   4154.730012
1813.090500   4167.925231
1818.667300   4181.159852
1824.261200   4194.433874
1829.872400   4207.747854
1835.500800   4221.100966
1841.146600   4234.494494
1846.809700   4247.927976
1852.490200   4261.401144
1858.188200   4274.914821
1863.903700   4288.468641
1869.636800   4302.063066
1875.387600   4315.698553
1881.156000   4329.374278
1886.942200   4343.091160
1892.746100   4356.848373
1898.567900   4370.647203
1904.407700   4384.487379
1910.265300   4398.368345
1916.141100   4412.291577
1922.034800   4426.256058
1927.946700   4440.262073
1933.876800   4454.310352
1939.825200   4468.400990
1945.791800   4482.533161
1951.776800   4496.708150
1957.780200   4510.925226
1963.802000   4525.184754
1969.842400   4539.486923
1975.901300   4553.832004
1981.978900   4568.220186
1988.075200   4582.651469
1994.190300   4597.126314
2000.324100   4611.643892
2006.476800   4626.205491
2012.648400   4640.810379
2018.839100   4655.459477
2025.048700   4670.151862
2031.277500   4684.888918
2037.525400   4699.669817
2043.792600   4714.495113
2050.079000   4729.365079
2056.384700   4744.279075
2062.709900   4759.238390
2069.054500   4774.242563
2075.418600   4789.291687
2081.802300   4804.385858
2088.205600   4819.525440
2094.628600   4834.710163
2101.071400   4849.940853
2107.534000   4865.217510
2114.016500   4880.539862
2120.518900   4895.907908
2127.041300   4911.322476
2133.583800   4926.783294
2140.146400   4942.290727
2146.729200   4957.844504
2153.332200   4973.444991
2159.955600   4989.092744
2166.599300   5004.787300
2173.263400   5020.529121
2179.948100   5036.318396
2186.653300   5052.155029
2193.379100   5068.039116
2200.125600   5083.971117
2206.892900   5099.951126
2213.681000   5115.979511
2220.490000   5132.055998
2227.319900   5148.180587
2234.170800   5164.354107
2241.042800   5180.575917
2247.935900   5196.846751
2254.850300   5213.167167
2261.785900   5229.535965
2268.742800   5245.954344
2275.721100   5262.422029
2282.720900   5278.939483
2289.742200   5295.506704
2296.785200   5312.124250
2303.849700   5328.791195
2310.936100   5345.509021
2318.044200   5362.276801
2325.174100   5379.094998
2332.326100   5395.964632
2339.500000   5412.884777
2346.695900   5429.855525
2353.914000   5446.877803
2361.154300   5463.951610
2368.416900   5481.077040
2375.701800   5498.253724
2383.009100   5515.482493
2390.338900   5532.763072
2397.691300   5550.096292
2405.066200   5567.481321
2412.463900   5584.919179
2419.884300   5602.409771
2427.327500   5619.952822
2434.793600   5637.548795
2442.282700   5655.198521
2449.794800   5672.900894
2457.330000   5690.657113
2464.888400   5708.466903
2472.470100   5726.330728
2480.075000   5744.248123
2487.703400   5762.220109
2495.355200   5780.246222
2503.030600   5798.327019
2510.729500   5816.462036
2518.452200   5834.652293
2526.198600   5852.897327
2533.968800   5871.197601
2541.763000   5889.553672
2549.581100   5907.964706
2557.423200   5926.431536
2565.289500   5944.954349
2573.179900   5963.532682
2581.094700   5982.168294
2589.033800   6000.859613
2596.997300   6019.607841
2604.985200   6038.411868
2612.997800   6057.273824
2621.035000   6076.192506
2629.097000   6095.168842
2637.183700   6114.202365
2645.295300   6133.293635
2653.431800   6152.442280
2661.593400   6171.649598
2669.780100   6190.914849
2677.992000   6210.238495
2686.229100   6229.620536
2694.491500   6249.061066
2702.779400   6268.561012
2711.092800   6288.120003
2719.431700   6307.738040
2727.796300   6327.415679
2736.186600   6347.152550
2744.602700   6366.949856
2753.044800   6386.807416
2761.512700   6406.724299
2770.006700   6426.701899
2778.526900   6446.740308
2787.073200   6466.839061
2795.645900   6486.999551
2804.244900   6507.220573
2812.870400   6527.503424
2821.522300   6547.846899
2830.201000   6568.253225
2838.906200   6588.720639
2847.638300   6609.250625
2856.397200   6629.842350
2865.183100   6650.497111
2873.996000   6671.214538
2882.836000   6691.994724
2891.703200   6712.838132
2900.597700   6733.744857
2909.519500   6754.714897
2918.468800   6775.748810
2927.445600   6796.846225
2936.450000   6818.007977
2945.482100   6839.234159
2954.542000   6860.524492
2963.629700   6881.879348
2972.745400   6903.299285
2981.889200   6924.784766
2991.061000   6946.334955
3000.261100   6967.950874
3009.489500   6989.632524
3018.746300   7011.379997
3028.031500   7033.193292
3037.345300   7055.072968
3046.687700   7077.019395
3056.058900   7099.032388
3065.458900   7121.112319
3074.887800   7143.259280
3084.345700   7165.473736
3093.832700   7187.755407
3103.348900   7210.105502
3112.894400   7232.523371
3122.469200   7255.009012
3132.073500   7277.563356
3141.707300   7300.186402
3151.370800   7322.878335
3161.063900   7345.638692
3170.786900   7368.468493
3180.539800   7391.368112
3190.322700   7414.337269
3200.135700   7437.376428
3209.978800   7460.485217
3219.852300   7483.665031
3229.756100   7506.915033
3239.690300   7530.235316
3249.655200   7553.627273
3259.650600   7577.089976
3269.676900   7600.624911
3279.733900   7624.230404
3289.821900   7647.908595
3299.941000   7671.658831
3310.091100   7695.481021
3320.272500   7719.375813
3330.485200   7743.343580
3340.729300   7767.384416
3351.004900   7791.498040
3361.312100   7815.685289
3371.651000   7839.946256
3382.021700   7864.281034
3392.424300   7888.690088
3402.859000   7913.173603
3413.325700   7937.731485
3423.824600   7962.364294
3434.355800   7987.072494
3444.919400   8011.855432
3455.515400   8036.713854
3466.144100   8061.648409
3476.805500   8086.659098
3487.499600   8111.745548
3498.226700   8136.908782
3508.986700   8162.148335
3519.779900   8187.465602
3530.606200   8212.859373
3541.465900   8238.331043
3552.358900   8263.879775
3563.285500   8289.506963
3574.245600   8315.211771
3585.239500   8340.995593
3596.267200   8366.857685
3607.328800   8392.798884
3618.424400   8418.818910
3629.554200   8444.918320
3640.718200   8471.097488
3651.916500   8497.356506
3663.149300   8523.695559
3674.416600   8550.115020
3685.718600   8576.615073
3697.055300   8603.195719
3708.427000   8629.857980
3719.833600   8656.601392
3731.275200   8683.426047
3742.752100   8710.332968
3754.264300   8737.322154
3765.811900   8764.393327
3777.395000   8791.547322
3789.013700   8818.783862
3800.668200   8846.103875
3812.358500   8873.507362
3824.084800   8900.994508
3835.847100   8928.564940
3847.645600   8956.219962
3859.480400   8983.959293
3871.351600   9011.783398
3883.259400   9039.692835
3895.203700   9067.687140
3907.184800   9095.766962
3919.202800   9123.932766
3931.257700   9152.184553
3943.349700   9180.522135
3955.478800   9208.946256
3967.645300   9237.457569
3979.849300   9266.056538
3992.090700   9294.741951
4004.369800   9323.515206
4016.686700   9352.376393
4029.041400   9381.325515
4041.434200   9410.363593
4053.865100   9439.490254
4066.334200   9468.705592
4078.841700   9498.010537
4091.387600   9527.404716
4103.972100   9556.888686
4116.595400   9586.463380
4129.257400   9616.127584
4141.958400   9645.882696
4154.698500   9675.729182
4167.477800   9705.666760
4180.296300   9735.695056
4193.154300   9765.815842
4206.051900   9796.028837
4218.989100   9826.334039
4231.966100   9856.731634
4244.983000   9887.222088
4258.040000   9917.806332
4271.137100   9948.483619
4284.274500   9979.254506
4297.452400   10010.120300
4310.670700   10041.079787
4323.929700   10072.133991
4337.229500   10103.283378
4350.570200   10134.527666
4363.951900   10165.867695
4377.374800   10197.303649
4390.839000   10228.835621
4404.344600   10260.464076
4417.891800   10292.189572
4431.480600   10324.011737
4445.111200   10355.931126
4458.783700   10387.948208
4472.498300   10420.063539
4486.255100   10452.276839
4500.054100   10484.588480
4513.895700   10516.999580
4527.779800   10549.509298
4541.706600   10582.118566
4555.676200   10614.827476
4569.688800   10647.636587
4583.744600   10680.546457
4597.843500   10713.556619
4611.985800   10746.667724
4626.171600   10779.880238
4640.401100   10813.194719
4654.674300   10846.610793
4668.991400   10880.129393
4683.352600   10913.750327
4697.757900   10947.474345
4712.207500   10981.301257
4726.701600   11015.231994
4741.240300   11049.266649
4755.823600   11083.404848
4770.451900   11117.648081
4785.125100   11151.995882
4799.843500   11186.449275
4814.607100   11221.007512
4829.416200   11255.672366
4844.270800   11290.442715
4859.171100   11325.319490
4874.117200   11360.303157
4889.109300   11395.393902
4904.147500   11430.592190
4919.231900   11465.898112
4934.362800   11501.312320
4949.540200   11536.834814
4964.764300   11572.466151
4980.035200   11608.206423
4995.353100   11644.056563
5010.718100   11680.015915
5026.130300   11716.085693
5041.590000   11752.265799
5057.097200   11788.556981
5072.652100   11824.959050
5088.254900   11861.472937
5103.905600   11898.097895
5119.604500   11934.835695
5135.351700   11971.686057
5151.147300   12008.649071
5166.991500   12045.725296
5182.884400   12082.914825
5198.826200   12120.218589
5214.817100   12157.636773
5230.857100   12195.169376
5246.946500   12232.817050
5263.085400   12270.580259
5279.273900   12308.458722
5295.512200   12346.453372
5311.800400   12384.564299
5328.138700   12422.792064
5344.527300   12461.137223
5360.966300   12499.599494
5377.455900   12538.179811
5393.996200   12576.878639
5410.587400   12615.695788
5427.229600   12654.631725
5443.923000   12693.687381
5460.667700   12732.862100
5477.463900   12772.157190
5494.311800   12811.572834
5511.211600   12851.109215
5528.163300   12890.766709
5545.167100   12930.545499
5562.223300   12970.446985
5579.331900   13010.470042
5596.493100   13050.615604
5613.707100   13090.884604
5630.974100   13131.277225
5648.294200   13171.793559
5665.667500   13212.433699
5683.094300   13253.198668
5700.574700   13294.088559
5718.108800   13335.103464
5735.696900   13376.244407
5753.339100   13417.511481
5771.035600   13458.905243
5788.786500   13500.426161
5806.591900   13542.073201
5824.452200   13583.848980
5842.367400   13625.738890
5860.337700   13667.756973
5878.363200   13709.903694
5896.444300   13752.180546
5914.580900   13794.586312
5932.773300   13837.122392
5951.021700   13879.788969
5969.326200   13922.586511
5987.687000   13965.515200
6006.104200   14008.575504
6024.578100   14051.768073
6043.108900   14095.093464
6061.696600   14138.551304
6080.341600   14182.143084
6099.043800   14225.867962
6117.803600   14269.727429
6136.621100   14313.721579
6155.496500   14357.850594
6174.429900   14402.114941
6193.421600   14446.515271
6212.471700   14491.051674
6231.580400   14535.725084
6250.747800   14580.535219
6269.974200   14625.482728
6289.259800   14670.568920
6308.604600   14715.792670
6328.009000   14761.155469
6347.473100   14806.658159
6366.997000   14852.299708
6386.581000   14898.081515
6406.225200   14944.004047
6425.929800   14990.067113
6445.695100   15036.272112
6465.521100   15082.618295
6485.408100   15129.107061
6505.356300   15175.738595
6525.365900   15222.513454
6545.437000   15269.431357
6565.569800   15316.493610
6585.764600   15363.700489
6606.021500   15411.052085
6626.340600   15458.548492
6646.722300   15506.191200
6667.166700   15553.980301
6687.674000   15601.916354
6708.244300   15649.999075
6728.877900   15698.229490
6749.575000   15746.607782
6770.335700   15795.134792
6791.160300   15843.810797
6812.048900   15892.635887
6833.001800   15941.611463
6854.019200   15990.737333
6875.101200   16040.013964
6896.248000   16089.441540
6917.459900   16139.021086
6938.737000   16188.752692
6960.079600   16238.637386
6981.487800   16288.674883
7002.961900   16338.866208
7024.502000   16389.211453
7046.108300   16439.711178
7067.781200   16490.366123
7089.520700   16541.176663
7111.327000   16592.142983
7133.200400   16643.266106
7155.141200   16694.546310
7177.149400   16745.983592
7199.225200   16797.578888
7221.369000   16849.332563
7243.580900   16901.245085
7265.861200   16953.317854
7288.209900   17005.549369
7310.627400   17057.941874
7333.113900   17110.495550
7355.669500   17163.210115
7378.294500   17216.086594
7400.989100   17269.125546
7423.753500   17322.327528
7446.587900   17375.692725
7469.492500   17429.221695
7492.467600   17482.915088
7515.513400   17536.773837
7538.630000   17590.797285
7561.817800   17644.986923
7585.076900   17699.343218
7608.407500   17753.866353
7631.809900   17808.556979
7655.284200   17863.415187
7678.830800   17918.442094
7702.449800   17973.638168
7726.141400   18029.003590
7749.906000   18084.539479
7773.743600   18140.245460
7797.654500   18196.122557
7821.639000   18252.171420
7845.697200   18308.392142
7869.829500   18364.785839
7894.035900   18421.352512
7918.316900   18478.093369
7942.672500   18535.008035
7967.103000   18592.097910
7991.608700   18649.362894
8016.189800   18706.803922
8040.846400   18764.421083
8065.578900   18822.215497
8090.387500   18880.187720
8115.272400   18938.337562
8140.233800   18996.665956
8165.272000   19055.173927
8190.387200   19113.861283
8215.579700   19172.729051
8240.849600   19231.777695
8266.197300   19291.007585
8291.623000   19350.419652
8317.126800   19410.013988
8342.709100   19469.791712
8368.370100   19529.752630
8394.110000   19589.898051
8419.929100   19650.228252
8445.827600   19710.743789
8471.805800   19771.445314
8497.863900   19832.333010
8524.002100   19893.408184
8550.220700   19954.670364
8576.520000   20016.121323
8602.900100   20077.760778
8629.361400   20139.589472
8655.904100   20201.608337
8682.528500   20263.818024
8709.234700   20326.218625
8736.023100   20388.810882
8762.893800   20451.595261
8789.847200   20514.572504
8816.883600   20577.744012
8844.003000   20641.108284
8871.205900   20704.668029
8898.492500   20768.423431
8925.863000   20832.374298
8953.317700   20896.521655
8980.856800   20960.865686
9008.480700   21025.408258
9036.189500   21090.148712
9063.983500   21155.087698
9091.863000   21220.226618
9119.828300   21285.565745
9147.879600   21351.105639
9176.017200   21416.846949
9204.241300   21482.789859
9232.552200   21548.935395
9260.950300   21615.285048
9289.435600   21681.837693
9318.008600   21748.594914
9346.669500   21815.557645
9375.418500   21882.726068
9404.256000   21950.100926
9433.182100   22017.682311
9462.197300   22085.472180
9491.301600   22153.469410
9520.495500   22221.675958
9549.779200   22290.092384
9579.153000   22358.718963
9608.617100   22427.556252
9638.171800   22496.604902
9667.817500   22565.866405
9697.554300   22635.340104
9727.382600   22705.027488
9757.302700   22774.929210
9787.314700   22845.045361
9817.419100   22915.377148
9847.616100   22985.925132
9877.906000   23056.689961
9908.289000   23127.672195
9938.765500   23198.872576
9969.335700   23270.291661
10000.000000   23341.930568
