1.000000   0.000000
1.003076   0.000000
1.006161   0.000000
1.009256   0.000000
1.012360   0.000000
1.015474   0.000000
1.018598   0.000000
1.021731   0.000000
1.024873   0.000000
1.028026   0.000000
1.031188   0.000000
1.034360   0.000000
1.037541   0.000000
1.040733   0.000000
1.043934   0.000000
1.047145   0.000000
1.050366   0.000000
1.053596   0.000000
1.056837   0.000000
1.060088   0.000000
1.063348   0.000000
1.066619   0.000000
1.069900   0.000000
1.073191   0.000000
1.076492   0.000000
1.079803   0.000000
1.083124   0.000000
1.086456   0.000000
1.089797   0.000000
1.093149   0.000000
1.096512   0.000000
1.099885   0.000000
1.103268   0.000000
1.106661   0.000000
1.110065   0.000000
1.113479   0.000000
1.116904   0.000000
1.120340   0.000000
1.123786   0.000000
1.127242   0.000000
1.130710   0.000000
1.134188   0.000000
1.137676   0.000000
1.141175   0.000000
1.144686   0.000000
1.148206   0.000000
1.151738   0.000000
1.155281   0.000000
1.158834   0.000000
1.162399   0.000000
1.165974   0.000000
1.169561   0.000000
1.173158   0.000000
1.176766   0.000000
1.180386   0.000000
1.184017   0.000000
1.187658   0.000000
1.191312   0.000000
1.194976   0.000000
1.198651   0.000000
1.202338   0.000000
1.206036   0.000000
1.209746   0.000000
1.213467   0.000000
1.217200   0.000000
1.220943   0.000000
1.224699   0.000000
1.228466   0.000000
1.232244   0.000000
1.236035   0.000000
1.239837   0.000000
1.243650   0.000000
1.247475   0.000000
1.251313   0.000000
1.255161   0.000000
1.259022   0.000000
1.262895   0.000000
1.266779   0.000000
1.270676   0.000000
1.274584   0.000000
1.278504   0.000000
1.282437   0.000000
1.286382   0.000000
1.290338   0.000000
1.294307   0.000000
1.298288   0.000000
1.302282   0.000000
1.306287   0.000000
1.310305   0.000000
1.314336   0.000000
1.318378   0.000000
1.322433   0.000000
1.326501   0.000000
1.330581   0.000000
1.334674   0.000000
1.338779   0.000000
1.342897   0.000000
1.347028   0.000000
1.351171   0.000000
1.355327   0.000000
1.359496   0.000000
1.363677   0.000000
1.367872   0.000000
1.372079   0.000000
1.376299   0.000000
1.380533   0.000000
1.384779   0.000000
1.389038   0.000000
1.393311   0.000000
1.397596   0.000000
1.401895   0.000000
1.406207   0.000000
1.410533   0.000000
1.414871   0.000000
1.419223   0.000000
1.423588   0.000000
1.427967   0.000000
1.432359   0.000000
1.436765   0.000000
1.441185   0.000000
1.445617   0.000000
1.450064   0.000000
1.454524   0.000000
1.458998   0.000000
1.463486   0.000000
1.467987   0.000000
1.472502   0.000000
1.477032   0.000000
1.481575   0.000000
1.486132   0.000000
1.490703   0.000000
1.495288   0.000000
1.499888   0.000000
1.504501   0.000000
1.509129   0.000000
1.513770   0.000000
1.518427   0.000000
1.523097   0.000000
1.527782   0.000000
1.532481   0.000000
1.537195   0.000000
1.541923   0.000000
1.546666   0.000000
1.551423   0.000000
1.556195   0.000000
1.560982   0.000000
1.565783   0.000000
1.570599   0.000000
1.575430   0.000000
1.580276   0.000000
1.585137   0.000000
1.590012   0.000000
1.594903   0.000000
1.599809   0.000000
1.604729   0.000000
1.609665   0.000000
1.614616   0.000000
1.619583   0.000000
1.624564   0.000000
1.629561   0.000000
1.634574   0.000000
1.639601   0.000000
1.644645   0.000000
1.649703   0.000000
1.654777   0.000000
1.659867   0.000000
1.664973   0.000000
1.670094   0.000000
1.675231   0.000000
1.680384   0.000000
1.685552   0.000000
1.690737   0.000000
1.695937   0.000000
1.701154   0.000000
1.706386   0.000000
1.711635   0.000000
1.716900   0.000000
1.722181   0.000000
1.727478   0.000000
1.732791   0.000000
1.738121   0.000000
1.743467   0.000000
1.748830   0.000000
1.754209   0.000000
1.759605   0.000000
1.765017   0.000000
1.770446   0.000000
1.775892   0.000000
1.781354   0.000000
1.786833   0.000000
1.792329   0.000000
1.797842   0.000000
1.803372   0.000000
1.808919   0.000000
1.814483   0.000000
1.820064   0.000000
1.825662   0.000000
1.831278   0.000000
1.836911   0.000000
1.842561   0.000000
1.848228   0.000000
1.853913   0.000000
1.859615   0.000000
1.865335   0.000000
1.871073   0.000000
1.876828   0.000000
1.882601   0.000000
1.888392   0.000000
1.894200   0.000000
1.900026   0.000000
1.905870   0.000000
1.911733   0.000000
1.917613   0.000000
1.923511   0.000000
1.929428   0.000000
1.935362   0.000000
1.941315   0.000000
1.947286   0.000000
1.953276   0.000000
1.959284   0.000000
1.965310   0.000000
1.971355   0.000000
1.977419   0.000000
1.983501   0.000000
1.989602   0.000000
1.995722   0.000000
2.001860   0.000000
2.008018   0.000000
2.014194   0.000000
2.020390   0.000000
2.026604   0.000000
2.032838   0.000000
2.039090   0.000000
2.045362   0.000000
2.051654   0.000000
2.057964   0.000000
2.064294   0.000000
2.070644   0.000000
2.077013   0.000000
2.083401   0.000000
2.089809   0.000000
2.096237   0.000000
2.102685   0.000000
2.109153   0.000000
2.115640   0.000000
2.122148   0.000001
2.128675   0.000001
2.135223   0.000001
2.141790   0.000001
2.148378   0.000001
2.154986   0.000001
2.161615   0.000001
2.168263   0.000001
2.174933   0.000001
2.181622   0.000001
2.188333   0.000001
2.195064   0.000001
2.201815   0.000001
2.208588   0.000001
2.215381   0.000001
2.222196   0.000001
2.229031   0.000001
2.235887   0.000001
2.242764   0.000001
2.249662   0.000001
2.256582   0.000001
2.263523   0.000001
2.270485   0.000001
2.277469   0.000001
2.284474   0.000001
2.291501   0.000001
2.298549   0.000001
2.305619   0.000001
2.312711   0.000001
2.319825   0.000001
2.326960   0.000001
2.334118   0.000001
2.341297   0.000001
2.348498   0.000001
2.355722   0.000001
2.362968   0.000001
2.370236   0.000001
2.377527   0.000001
2.384840   0.000001
2.392175   0.000001
2.399533   0.000001
2.406913   0.000001
2.414317   0.000001
2.421743   0.000001
2.429192   0.000001
2.436664   0.000001
2.444159   0.000001
2.451676   0.000001
2.459217   0.000001
2.466782   0.000001
2.474369   0.000001
2.481980   0.000001
2.489614   0.000001
2.497272   0.000001
2.504953   0.000001
2.512658   0.000001
2.520387   0.000001
2.528139   0.000001
2.535915   0.000001
2.543715   0.000001
2.551539   0.000001
2.559388   0.000001
2.567260   0.000001
2.575156   0.000001
2.583077   0.000001
2.591022   0.000001
2.598992   0.000001
2.606986   0.000001
2.615005   0.000001
2.623048   0.000001
2.631116   0.000001
2.639209   0.000001
2.647327   0.000001
2.655470   0.000001
2.663638   0.000001
2.671831   0.000001
2.680049   0.000001
2.688292   0.000001
2.696561   0.000001
2.704855   0.000001
2.713175   0.000001
2.721521   0.000001
2.729891   0.000001
2.738288   0.000001
2.746711   0.000001
2.755159   0.000002
2.763634   0.000002
2.772134   0.000002
2.780661   0.000002
2.789214   0.000002
2.797793   0.000002
2.806399   0.000002
2.815031   0.000002
2.823689   0.000002
2.832375   0.000002
2.841087   0.000002
2.849826   0.000002
2.858591   0.000002
2.867384   0.000002
2.876203   0.000002
2.885050   0.000002
2.893924   0.000002
2.902826   0.000002
2.911754   0.000002
2.920710   0.000002
2.929694   0.000002
2.938705   0.000002
2.947744   0.000002
2.956811   0.000002
2.965906   0.000002
2.975029   0.000002
2.984180   0.000002
2.993358   0.000002
3.002566   0.000002
3.011801   0.000002
3.021065   0.000002
3.030357   0.000002
3.039678   0.000002
3.049028   0.000002
3.058406   0.000002
3.067813   0.000002
3.077250   0.000002
3.086715   0.000002
3.096209   0.000002
3.105733   0.000002
3.115285   0.000003
3.124868   0.000003
3.134479   0.000003
3.144120   0.000003
3.153791   0.000003
3.163492   0.000003
3.173222   0.000003
3.182983   0.000003
3.192773   0.000003
3.202594   0.000003
3.212444   0.000003
3.222325   0.000003
3.232237   0.000003
3.242179   0.000003
3.252151   0.000003
3.262154   0.000003
3.272188   0.000003
3.282253   0.000003
3.292349   0.000003
3.302476   0.000003
3.312634   0.000003
3.322823   0.000003
3.333043   0.000003
3.343295   0.000003
3.353579   0.000003
3.363894   0.000003
3.374241   0.000003
3.384619   0.000004
3.395030   0.000004
3.405473   0.000004
3.415947   0.000004
3.426454   0.000004
3.436994   0.000004
3.447565   0.000004
3.458169   0.000004
3.468806   0.000004
3.479476   0.000004
3.490178   0.000004
3.500914   0.000004
3.511682   0.000004
3.522483   0.000004
3.533318   0.000004
3.544186   0.000004
3.555087   0.000004
3.566022   0.000004
3.576991   0.000004
3.587993   0.000004
3.599029   0.000005
3.610100   0.000005
3.621204   0.000005
3.632342   0.000005
3.643515   0.000005
3.654721   0.000005
3.665963   0.000005
3.677239   0.000005
3.688550   0.000005
3.699895   0.000005
3.711275   0.000005
3.722691   0.000005
3.734141   0.000005
3.745627   0.000005
3.757148   0.000005
3.768704   0.000005
3.780296   0.000006
3.791924   0.000006
3.803587   0.000006
3.815287   0.000006
3.827022   0.000006
3.838793   0.000006
3.850601   0.000006
3.862445   0.000006
3.874325   0.000006
3.886242   0.000006
3.898195   0.000006
3.910186   0.000006
3.922213   0.000006
3.934277   0.000007
3.946378   0.000007
3.958517   0.000007
3.970693   0.000007
3.982906   0.000007
3.995157   0.000007
4.007446   0.000007
4.019772   0.000007
4.032136   0.000007
4.044538   0.000007
4.056979   0.000007
4.069458   0.000007
4.081975   0.000008
4.094530   0.000008
4.107124   0.000008
4.119757   0.000008
4.132429   0.000008
4.145140   0.000008
4.157890   0.000008
4.170679   0.000008
4.183507   0.000008
4.196375   0.000008
4.209282   0.000009
4.222230   0.000009
4.235217   0.000009
4.248244   0.000009
4.261310   0.000009
4.274418   0.000009
4.287565   0.000009
4.300753   0.000009
4.313982   0.000009
4.327251   0.000010
4.340561   0.000010
4.353912   0.000010
4.367304   0.000010
4.380737   0.000010
4.394211   0.000010
4.407728   0.000010
4.421285   0.000010
4.434884   0.000011
4.448525   0.000011
4.462208   0.000011
4.475934   0.000011
4.489701   0.000011
4.503510   0.000011
4.517363   0.000011
4.531257   0.000012
4.545195   0.000012
4.559175   0.000012
4.573199   0.000012
4.587265   0.000012
4.601375   0.000012
4.615528   0.000012
4.629725   0.000013
4.643965   0.000013
4.658249   0.000013
4.672578   0.000013
4.686950   0.000013
4.701366   0.000013
4.715827   0.000014
4.730332   0.000014
4.744882   0.000014
4.759476   0.000014
4.774116   0.000014
4.788800   0.000014
4.803530   0.000015
4.818305   0.000015
4.833126   0.000015
4.847992   0.000015
4.862903   0.000015
4.877861   0.000016
4.892864   0.000016
4.907914   0.000016
4.923010   0.000016
4.938153   0.000016
4.953342   0.000017
4.968578   0.000017
4.983860   0.000017
4.999190   0.000017
5.014567   0.000017
5.029991   0.000018
5.045462   0.000018
5.060981   0.000018
5.076548   0.000018
5.092163   0.000018
5.107826   0.000019
5.123537   0.000019
5.139296   0.000019
5.155104   0.000019
5.170960   0.000020
5.186865   0.000020
5.202819   0.000020
5.218822   0.000020
5.234875   0.000021
5.250977   0.000021
5.267128   0.000021
5.283329   0.000021
5.299580   0.000022
5.315880   0.000022
5.332231   0.000022
5.348632   0.000022
5.365084   0.000023
5.381586   0.000023
5.398139   0.000023
5.414743   0.000024
5.431398   0.000024
5.448104   0.000024
5.464862   0.000025
5.481671   0.000025
5.498532   0.000025
5.515445   0.000025
5.532409   0.000026
5.549426   0.000026
5.566496   0.000026
5.583617   0.000027
5.600792   0.000027
5.618019   0.000027
5.635299   0.000028
5.652633   0.000028
5.670019   0.000028
5.687459   0.000029
5.704953   0.000029
5.722501   0.000029
5.740102   0.000030
5.757758   0.000030
5.775468   0.000031
5.793233   0.000031
5.811052   0.000031
5.828926   0.000032
5.846855   0.000032
5.864839   0.000033
5.882878   0.000033
5.900973   0.000033
5.919124   0.000034
5.937330   0.000034
5.955592   0.000035
5.973911   0.000035
5.992286   0.000035
6.010717   0.000036
6.029205   0.000036
6.047751   0.000037
6.066352   0.000037
6.085012   0.000038
6.103728   0.000038
6.122503   0.000039
6.141335   0.000039
6.160224   0.000040
6.179172   0.000040
6.198179   0.000041
6.217243   0.000041
6.236367   0.000042
6.255549   0.000042
6.274790   0.000043
6.294090   0.000043
6.313450   0.000044
6.332869   0.000044
6.352348   0.000045
6.371887   0.000045
6.391486   0.000046
6.411146   0.000046
6.430866   0.000047
6.450646   0.000048
6.470487   0.000048
6.490389   0.000049
6.510353   0.000049
6.530378   0.000050
6.550464   0.000051
6.570613   0.000051
6.590823   0.000052
6.611095   0.000053
6.631430   0.000053
6.651827   0.000054
6.672288   0.000055
6.692811   0.000055
6.713397   0.000056
6.734046   0.000057
6.754759   0.000057
6.775536   0.000058
6.796376   0.000059
6.817281   0.000059
6.838250   0.000060
6.859284   0.000061
6.880382   0.000062
6.901545   0.000062
6.922773   0.000063
6.944066   0.000064
6.965426   0.000065
6.986850   0.000066
7.008341   0.000066
7.029897   0.000067
7.051520   0.000068
7.073210   0.000069
7.094966   0.000070
7.116789   0.000071
7.138679   0.000071
7.160637   0.000072
7.182662   0.000073
7.204755   0.000074
7.226916   0.000075
7.249145   0.000076
7.271442   0.000077
7.293808   0.000078
7.316243   0.000079
7.338746   0.000080
7.361319   0.000081
7.383962   0.000082
7.406674   0.000083
7.429456   0.000084
7.452307   0.000085
7.475230   0.000086
7.498222   0.000087
7.521286   0.000088
7.544420   0.000089
7.567626   0.000090
7.590903   0.000091
7.614251   0.000092
7.637672   0.000094
7.661164   0.000095
7.684729   0.000096
7.708366   0.000097
7.732076   0.000098
7.755859   0.000099
7.779714   0.000101
7.803644   0.000102
7.827647   0.000103
7.851723   0.000104
7.875874   0.000106
7.900099   0.000107
7.924399   0.000108
7.948773   0.000110
7.973222   0.000111
7.997747   0.000112
8.022347   0.000114
8.047022   0.000115
8.071774   0.000117
8.096602   0.000118
8.121506   0.000120
8.146486   0.000121
8.171544   0.000123
8.196678   0.000124
8.221890   0.000126
8.247179   0.000127
8.272546   0.000129
8.297992   0.000130
8.323515   0.000132
8.349117   0.000134
8.374798   0.000135
8.400557   0.000137
8.426396   0.000139
8.452315   0.000140
8.478313   0.000142
8.504391   0.000144
8.530549   0.000146
8.556788   0.000147
8.583107   0.000149
8.609508   0.000151
8.635990   0.000153
8.662553   0.000155
8.689197   0.000157
8.715924   0.000159
8.742733   0.000161
8.769624   0.000163
8.796598   0.000165
8.823656   0.000167
8.850796   0.000169
8.878020   0.000171
8.905327   0.000173
8.932719   0.000175
8.960195   0.000177
8.987755   0.000179
9.015400   0.000181
9.043130   0.000184
9.070945   0.000186
9.098846   0.000188
9.126833   0.000191
9.154906   0.000193
9.183065   0.000195
9.211311   0.000198
9.239644   0.000200
9.268063   0.000203
9.296571   0.000205
9.325166   0.000208
9.353848   0.000210
9.382620   0.000213
9.411479   0.000215
9.440428   0.000218
9.469465   0.000221
9.498592   0.000224
9.527808   0.000226
9.557114   0.000229
9.586510   0.000232
9.615997   0.000235
9.645575   0.000238
9.675243   0.000241
9.705003   0.000244
9.734854   0.000247
9.764797   0.000250
9.794832   0.000253
9.824960   0.000256
9.855180   0.000259
9.885493   0.000262
9.915899   0.000265
9.946399   0.000269
9.976993   0.000272
10.007681   0.000275
10.038463   0.000279
10.069340   0.000282
10.100312   0.000286
10.131379   0.000289
10.162542   0.000293
10.193800   0.000296
10.225155   0.000300
10.256606   0.000304
10.288154   0.000307
10.319799   0.000311
10.351541   0.000315
10.383381   0.000319
10.415319   0.000323
10.447355   0.000327
10.479489   0.000331
10.511723   0.000335
10.544055   0.000339
10.576487   0.000343
10.609019   0.000347
10.641651   0.000352
10.674383   0.000356
10.707216   0.000360
10.740150   0.000365
10.773185   0.000369
10.806322   0.000374
10.839560   0.000379
10.872901   0.000383
10.906345   0.000388
10.939891   0.000393
10.973541   0.000397
11.007294   0.000402
11.041151   0.000407
11.075112   0.000412
11.109177   0.000417
11.143347   0.000423
11.177623   0.000428
11.212004   0.000433
11.246490   0.000438
11.281083   0.000444
11.315782   0.000449
11.350587   0.000455
11.385500   0.000460
11.420520   0.000466
11.455648   0.000472
11.490884   0.000478
11.526229   0.000483
11.561682   0.000489
11.597244   0.000495
11.632915   0.000501
11.668696   0.000508
11.704588   0.000514
11.740589   0.000520
11.776702   0.000527
11.812925   0.000533
11.849260   0.000540
11.885707   0.000546
11.922265   0.000553
11.958937   0.000560
11.995721   0.000567
12.032618   0.000574
12.069628   0.000581
12.106753   0.000588
12.143991   0.000595
12.181345   0.000602
12.218813   0.000610
12.256396   0.000617
12.294095   0.000625
12.331910   0.000633
12.369841   0.000640
12.407889   0.000648
12.446054   0.000656
12.484336   0.000664
12.522736   0.000672
12.561254   0.000681
12.599891   0.000689
12.638646   0.000697
12.677521   0.000706
12.716515   0.000715
12.755630   0.000723
12.794864   0.000732
12.834219   0.000741
12.873696   0.000750
12.913293   0.000760
12.953013   0.000769
12.992854   0.000778
13.032818   0.000788
13.072906   0.000798
13.113116   0.000807
13.153450   0.000817
13.193908   0.000827
13.234491   0.000838
13.275198   0.000848
13.316031   0.000858
13.356989   0.000869
13.398073   0.000879
13.439284   0.000890
13.480621   0.000901
13.522086   0.000912
13.563678   0.000923
13.605398   0.000935
13.647246   0.000946
13.689223   0.000958
13.731329   0.000969
13.773565   0.000981
13.815930   0.000993
13.858426   0.001006
13.901052   0.001018
13.943810   0.001030
13.986699   0.001043
14.029720   0.001056
14.072874   0.001069
14.116160   0.001082
14.159579   0.001095
14.203132   0.001108
14.246819   0.001122
14.290640   0.001136
14.334596   0.001150
14.378687   0.001164
14.422914   0.001178
14.467277   0.001192
14.511776   0.001207
14.556412   0.001222
14.601186   0.001237
14.646097   0.001252
14.691146   0.001267
14.736334   0.001283
14.781661   0.001298
14.827127   0.001314
14.872734   0.001330
14.918480   0.001347
14.964367   0.001363
15.010395   0.001380
15.056565   0.001396
15.102877   0.001414
15.149331   0.001431
15.195929   0.001448
15.242669   0.001466
15.289553   0.001484
15.336582   0.001502
15.383755   0.001520
15.431073   0.001539
15.478537   0.001558
15.526147   0.001577
15.573903   0.001596
15.621806   0.001615
15.669857   0.001635
15.718055   0.001655
15.766401   0.001675
15.814897   0.001696
15.863541   0.001716
15.912335   0.001737
15.961279   0.001759
16.010374   0.001780
16.059619   0.001802
16.109016   0.001824
16.158565   0.001846
16.208267   0.001868
16.258121   0.001891
16.308129   0.001914
16.358290   0.001937
16.408606   0.001961
16.459077   0.001985
16.509702   0.002009
16.560484   0.002033
16.611422   0.002058
16.662516   0.002083
16.713768   0.002109
16.765177   0.002134
16.816744   0.002160
16.868470   0.002186
16.920355   0.002213
16.972400   0.002240
17.024604   0.002267
17.076970   0.002295
17.129496   0.002322
17.182184   0.002351
17.235034   0.002379
17.288046   0.002408
17.341222   0.002437
17.394561   0.002467
17.448064   0.002497
17.501732   0.002527
17.555565   0.002558
17.609563   0.002589
17.663728   0.002620
17.718059   0.002652
17.772557   0.002684
17.827223   0.002717
17.882057   0.002750
17.937060   0.002783
17.992231   0.002816
18.047573   0.002851
18.103085   0.002885
18.158767   0.002920
18.214621   0.002955
18.270647   0.002991
18.326845   0.003027
18.383215   0.003064
18.439759   0.003101
18.496478   0.003138
18.553370   0.003176
18.610438   0.003215
18.667681   0.003253
18.725100   0.003293
18.782696   0.003332
18.840468   0.003373
18.898419   0.003413
18.956548   0.003455
19.014856   0.003496
19.073343   0.003538
19.132009   0.003581
19.190857   0.003624
19.249885   0.003668
19.309095   0.003712
19.368487   0.003757
19.428062   0.003802
19.487820   0.003848
19.547762   0.003894
19.607888   0.003941
19.668199   0.003988
19.728695   0.004036
19.789378   0.004085
19.850247   0.004134
19.911304   0.004183
19.972548   0.004234
20.033981   0.004284
20.095603   0.004336
20.157414   0.004388
20.219415   0.004440
20.281607   0.004494
20.343991   0.004547
20.406566   0.004602
20.469333   0.004657
20.532294   0.004713
20.595449   0.004769
20.658797   0.004826
20.722341   0.004884
20.786080   0.004942
20.850015   0.005002
20.914147   0.005061
20.978475   0.005122
21.043002   0.005183
21.107728   0.005245
21.172652   0.005307
21.237776   0.005371
21.303100   0.005435
21.368626   0.005500
21.434353   0.005565
21.500282   0.005631
21.566413   0.005698
21.632749   0.005766
21.699288   0.005835
21.766032   0.005904
21.832981   0.005974
21.900136   0.006045
21.967498   0.006117
22.035067   0.006190
22.102844   0.006263
22.170829   0.006338
22.239023   0.006413
22.307427   0.006489
22.376042   0.006566
22.444867   0.006644
22.513904   0.006722
22.583154   0.006802
22.652617   0.006882
22.722293   0.006964
22.792183   0.007046
22.862289   0.007129
22.932610   0.007214
23.003147   0.007299
23.073902   0.007385
23.144874   0.007472
23.216064   0.007560
23.287474   0.007649
23.359102   0.007739
23.430952   0.007830
23.503022   0.007923
23.575314   0.008016
23.647828   0.008110
23.720566   0.008205
23.793527   0.008302
23.866712   0.008399
23.940123   0.008498
24.013759   0.008597
24.087622   0.008698
24.161712   0.008800
24.236030   0.008903
24.310577   0.009007
24.385353   0.009113
24.460359   0.009219
24.535595   0.009327
24.611063   0.009436
24.686763   0.009546
24.762696   0.009657
24.838863   0.009770
24.915264   0.009884
24.991900   0.009999
25.068771   0.010115
25.145879   0.010233
25.223224   0.010352
25.300807   0.010472
25.378629   0.010594
25.456690   0.010717
25.534991   0.010841
25.613533   0.010967
25.692317   0.011094
25.771343   0.011222
25.850612   0.011352
25.930124   0.011483
26.009882   0.011616
26.089885   0.011750
26.170133   0.011886
26.250629   0.012023
26.331372   0.012161
26.412364   0.012301
26.493604   0.012443
26.575095   0.012586
26.656836   0.012731
26.738829   0.012877
26.821074   0.013025
26.903571   0.013174
26.986323   0.013325
27.069329   0.013478
27.152591   0.013632
27.236108   0.013788
27.319882   0.013945
27.403915   0.014105
27.488205   0.014266
27.572755   0.014428
27.657565   0.014593
27.742636   0.014759
27.827968   0.014927
27.913563   0.015097
27.999421   0.015268
28.085543   0.015441
28.171930   0.015617
28.258583   0.015794
28.345503   0.015972
28.432689   0.016153
28.520144   0.016336
28.607868   0.016520
28.695862   0.016707
28.784126   0.016895
28.872662   0.017086
28.961470   0.017278
29.050552   0.017473
29.139907   0.017669
29.229537   0.017867
29.319443   0.018068
29.409626   0.018270
29.500085   0.018475
29.590824   0.018682
29.681841   0.018891
29.773138   0.019102
29.864716   0.019315
29.956575   0.019531
30.048718   0.019748
30.141143   0.019968
30.233853   0.020190
30.326848   0.020414
30.420129   0.020641
30.513697   0.020870
30.607553   0.021101
30.701697   0.021335
30.796131   0.021571
30.890856   0.021809
30.985872   0.022050
31.081180   0.022293
31.176781   0.022538
31.272677   0.022786
31.368867   0.023037
31.465353   0.023290
31.562136   0.023545
31.659217   0.023803
31.756596   0.024064
31.854275   0.024327
31.952254   0.024593
32.050535   0.024861
32.149118   0.025132
32.248004   0.025406
32.347194   0.025682
32.446689   0.025961
32.546491   0.026243
32.646599   0.026527
32.747015   0.026815
32.847741   0.027105
32.948776   0.027398
33.050121   0.027693
33.151779   0.027992
33.253749   0.028293
33.356033   0.028598
33.458631   0.028905
33.561545   0.029215
33.664776   0.029528
33.768324   0.029845
33.872190   0.030164
33.976376   0.030486
34.080883   0.030811
34.185711   0.031139
34.290861   0.031471
34.396335   0.031805
34.502133   0.032143
34.608257   0.032484
34.714707   0.032828
34.821485   0.033175
34.928590   0.033526
35.036026   0.033879
35.143792   0.034236
35.251889   0.034597
35.360319   0.034960
35.469082   0.035327
35.578180   0.035697
35.687613   0.036071
35.797383   0.036448
35.907491   0.036829
36.017937   0.037213
36.128724   0.037601
36.239850   0.037992
36.351319   0.038386
36.463130   0.038785
36.575286   0.039186
36.687786   0.039592
36.800633   0.040001
36.913826   0.040413
37.027368   0.040830
37.141259   0.041250
37.255500   0.041674
37.370093   0.042101
37.485038   0.042533
37.600336   0.042968
37.715990   0.043407
37.831999   0.043849
37.948365   0.044296
38.065088   0.044747
38.182171   0.045201
38.299614   0.045660
38.417418   0.046122
38.535585   0.046589
38.654115   0.047059
38.773009   0.047534
38.892270   0.048012
39.011897   0.048495
39.131892   0.048982
39.252256   0.049473
39.372990   0.049968
39.494096   0.050468
39.615574   0.050971
39.737426   0.051479
39.859653   0.051991
39.982255   0.052508
40.105235   0.053029
40.228593   0.053554
40.352331   0.054083
40.476449   0.054617
40.600948   0.055156
40.725831   0.055699
40.851098   0.056246
40.976750   0.056798
41.102789   0.057354
41.229215   0.057915
41.356030   0.058481
41.483236   0.059051
41.610832   0.059626
41.738821   0.060206
41.867204   0.060790
41.995982   0.061379
42.125155   0.061973
42.254726   0.062571
42.384696   0.063174
42.515065   0.063782
42.645835   0.064395
42.777008   0.065013
42.908584   0.065636
43.040565   0.066264
43.172951   0.066897
43.305745   0.067534
43.438947   0.068177
43.572559   0.068825
43.706582   0.069478
43.841018   0.070136
43.975866   0.070799
44.111130   0.071467
44.246810   0.072140
44.382906   0.072819
44.519422   0.073503
44.656357   0.074192
44.793714   0.074887
44.931493   0.075587
45.069696   0.076292
45.208324   0.077002
45.347378   0.077718
45.486860   0.078440
45.626772   0.079167
45.767113   0.079899
45.907886   0.080637
46.049092   0.081380
46.190733   0.082129
46.332809   0.082884
46.475322   0.083644
46.618273   0.084410
46.761665   0.085182
46.905497   0.085960
47.049772   0.086743
47.194490   0.087532
47.339654   0.088327
47.485264   0.089127
47.631321   0.089934
47.777829   0.090746
47.924786   0.091565
48.072196   0.092389
48.220060   0.093220
48.368378   0.094056
48.517152   0.094898
48.666384   0.095747
48.816075   0.096602
48.966226   0.097463
49.116839   0.098330
49.267916   0.099203
49.419457   0.100083
49.571464   0.100968
49.723939   0.101861
49.876882   0.102759
50.030297   0.103664
50.184183   0.104575
50.338542   0.105493
50.493376   0.106417
50.648687   0.107348
50.804475   0.108285
50.960742   0.109229
51.117490   0.110180
51.274720   0.111137
51.432434   0.112101
51.590633   0.113071
51.749319   0.114048
51.908492   0.115032
52.068155   0.116023
52.228309   0.117021
52.388956   0.118026
52.550097   0.119037
52.711734   0.120056
52.873868   0.121081
53.036500   0.122114
53.199633   0.123153
53.363268   0.124200
53.527405   0.125254
53.692048   0.126315
53.857197   0.127383
54.022854   0.128458
54.189021   0.129541
54.355699   0.130631
54.522889   0.131728
54.690594   0.132833
54.858814   0.133945
55.027552   0.135065
55.196809   0.136192
55.366587   0.137327
55.536886   0.138469
55.707710   0.139619
55.879059   0.140776
56.050935   0.141942
56.223340   0.143115
56.396275   0.144296
56.569742   0.145484
56.743742   0.146681
56.918278   0.147885
57.093350   0.149097
57.268961   0.150318
57.445113   0.151546
57.621806   0.152782
57.799042   0.154027
57.976824   0.155280
58.155152   0.156541
58.334029   0.157810
58.513456   0.159087
58.693435   0.160373
58.873968   0.161667
59.055056   0.162969
59.236701   0.164280
59.418905   0.165600
59.601669   0.166928
59.784995   0.168265
59.968885   0.169610
60.153341   0.170964
60.338364   0.172326
60.523956   0.173698
60.710119   0.175078
60.896855   0.176467
61.084165   0.177865
61.272051   0.179272
61.460516   0.180688
61.649559   0.182113
61.839185   0.183547
62.029393   0.184991
62.220187   0.186443
62.411567   0.187905
62.603536   0.189376
62.796096   0.190857
62.989248   0.192347
63.182994   0.193846
63.377336   0.195355
63.572275   0.196873
63.767815   0.198401
63.963955   0.199939
64.160699   0.201486
64.358049   0.203043
64.556005   0.204610
64.754570   0.206187
64.953746   0.207774
65.153534   0.209371
65.353937   0.210978
65.554957   0.212594
65.756594   0.214222
65.958852   0.215859
66.161732   0.217506
66.365237   0.219164
66.569367   0.220832
66.774125   0.222511
66.979512   0.224200
67.185532   0.225900
67.392185   0.227610
67.599474   0.229331
67.807400   0.231063
68.015966   0.232805
68.225173   0.234558
68.435024   0.236323
68.645521   0.238098
68.856665   0.239884
69.068458   0.241681
69.280903   0.243490
69.494001   0.245309
69.707755   0.247140
69.922166   0.248982
70.137236   0.250836
70.352969   0.252701
70.569364   0.254577
70.786426   0.256466
71.004155   0.258366
71.222553   0.260277
71.441624   0.262200
71.661368   0.264136
71.881788   0.266083
72.102886   0.268042
72.324665   0.270013
72.547125   0.271996
72.770270   0.273992
72.994101   0.275999
73.218620   0.278020
73.443830   0.280052
73.669733   0.282097
73.896331   0.284154
74.123625   0.286224
74.351619   0.288307
74.580314   0.290403
74.809713   0.292511
75.039817   0.294632
75.270628   0.296766
75.502150   0.298914
75.734384   0.301074
75.967332   0.303247
76.200997   0.305434
76.435380   0.307634
76.670485   0.309848
76.906312   0.312075
77.142865   0.314316
77.380146   0.316570
77.618156   0.318838
77.856898   0.321120
78.096375   0.323415
78.336589   0.325725
78.577541   0.328049
78.819234   0.330386
79.061671   0.332738
79.304853   0.335104
79.548784   0.337485
79.793465   0.339880
80.038898   0.342290
80.285086   0.344714
80.532032   0.347153
80.779737   0.349606
81.028204   0.352075
81.277435   0.354558
81.527433   0.357057
81.778200   0.359570
82.029738   0.362099
82.282050   0.364643
82.535138   0.367203
82.789004   0.369777
83.043651   0.372368
83.299082   0.374974
83.555298   0.377596
83.812302   0.380233
84.070097   0.382887
84.328684   0.385556
84.588067   0.388242
84.848248   0.390944
85.109230   0.393662
85.371013   0.396396
85.633603   0.399147
85.896999   0.401914
86.161206   0.404698
86.426226   0.407499
86.692061   0.410316
86.958713   0.413151
87.226186   0.416002
87.494481   0.418871
87.763602   0.421757
88.033550   0.424660
88.304329   0.427580
88.575940   0.430518
88.848387   0.433474
89.121672   0.436447
89.395798   0.439438
89.670767   0.442447
89.946581   0.445474
90.223244   0.448519
90.500758   0.451583
90.779126   0.454664
91.058349   0.457764
91.338432   0.460883
91.619376   0.464020
91.901184   0.467176
92.183859   0.470351
92.467404   0.473544
92.751820   0.476757
93.037112   0.479989
93.323280   0.483240
93.610330   0.486510
93.898262   0.489800
94.187079   0.493109
94.476786   0.496439
94.767383   0.499788
95.058874   0.503156
95.351261   0.506545
95.644548   0.509954
95.938737   0.513383
96.233831   0.516833
96.529833   0.520303
96.826745   0.523794
97.124570   0.527305
97.423312   0.530837
97.722972   0.534390
98.023554   0.537964
98.325060   0.541559
98.627494   0.545176
98.930858   0.548813
99.235156   0.552473
99.540389   0.556154
99.846561   0.559856
100.153670   0.563581
100.461730   0.567327
100.770740   0.571096
101.080700   0.574887
101.391610   0.578700
101.703470   0.582536
102.016300   0.586394
102.330080   0.590275
102.644840   0.594179
102.960560   0.598106
103.277250   0.602055
103.594920   0.606028
103.913560   0.610025
104.233180   0.614044
104.553790   0.618088
104.875380   0.622155
105.197960   0.626246
105.521540   0.630361
105.846110   0.634500
106.171680   0.638663
106.498240   0.642851
106.825820   0.647063
107.154400   0.651300
107.483990   0.655561
107.814600   0.659847
108.146220   0.664159
108.478860   0.668495
108.812530   0.672857
109.147220   0.677244
109.482940   0.681657
109.819690   0.686096
110.157480   0.690560
110.496310   0.695050
110.836180   0.699567
111.177100   0.704109
111.519060   0.708678
111.862080   0.713274
112.206150   0.717896
112.551280   0.722545
112.897470   0.727221
113.244730   0.731924
113.593060   0.736654
113.942450   0.741412
114.292920   0.746197
114.644470   0.751009
114.997100   0.755850
115.350820   0.760719
115.705620   0.765615
116.061510   0.770540
116.418500   0.775493
116.776590   0.780475
117.135780   0.785485
117.496070   0.790524
117.857470   0.795593
118.219980   0.800690
118.583610   0.805817
118.948360   0.810973
119.314230   0.816158
119.681220   0.821373
120.049340   0.826619
120.418600   0.831894
120.788990   0.837199
121.160520   0.842535
121.533190   0.847901
121.907010   0.853298
122.281980   0.858726
122.658100   0.864184
123.035380   0.869674
123.413820   0.875195
123.793420   0.880747
124.174190   0.886331
124.556130   0.891947
124.939250   0.897595
125.323550   0.903274
125.709020   0.908986
126.095690   0.914731
126.483540   0.920507
126.872590   0.926317
127.262830   0.932159
127.654270   0.938035
128.046920   0.943943
128.440770   0.949885
128.835840   0.955861
129.232120   0.961870
129.629620   0.967913
130.028340   0.973990
130.428290   0.980101
130.829470   0.986247
131.231880   0.992427
131.635530   0.998642
132.040420   1.004891
132.446560   1.011176
132.853950   1.017496
133.262590   1.023851
133.672480   1.030242
134.083640   1.036668
134.496060   1.043130
134.909750   1.049629
135.324720   1.056163
135.740960   1.062734
136.158480   1.069342
136.577280   1.075986
136.997370   1.082667
137.418760   1.089386
137.841440   1.096141
138.265420   1.102934
138.690700   1.109765
139.117300   1.116633
139.545200   1.123540
139.974420   1.130484
140.404960   1.137467
140.836830   1.144489
141.270020   1.151549
141.704550   1.158648
142.140410   1.165786
142.577620   1.172963
143.016170   1.180180
143.456060   1.187436
143.897310   1.194732
144.339920   1.202068
144.783890   1.209444
145.229220   1.216860
145.675930   1.224317
146.124010   1.231815
146.573460   1.239354
147.024300   1.246933
147.476530   1.254554
147.930150   1.262217
148.385160   1.269920
148.841570   1.277666
149.299390   1.285454
149.758610   1.293284
150.219250   1.301156
150.681300   1.309071
151.144770   1.317029
151.609670   1.325029
152.076000   1.333073
152.543770   1.341160
153.012970   1.349290
153.483620   1.357465
153.955710   1.365683
154.429260   1.373945
154.904260   1.382252
155.380720   1.390602
155.858650   1.398998
156.338050   1.407439
156.818920   1.415924
157.301280   1.424455
157.785110   1.433031
158.270440   1.441653
158.757250   1.450321
159.245570   1.459035
159.735390   1.467795
160.226710   1.476601
160.719540   1.485454
161.213890   1.494354
161.709760   1.503301
162.207160   1.512295
162.706090   1.521336
163.206550   1.530425
163.708550   1.539562
164.212090   1.548747
164.717190   1.557980
165.223830   1.567262
165.732040   1.576592
166.241810   1.585971
166.753140   1.595399
167.266050   1.604876
167.780540   1.614402
168.296610   1.623979
168.814260   1.633604
169.333510   1.643280
169.854360   1.653007
170.376810   1.662783
170.900860   1.672610
171.426530   1.682489
171.953810   1.692418
172.482720   1.702398
173.013250   1.712430
173.545410   1.722513
174.079210   1.732648
174.614660   1.742835
175.151750   1.753075
175.690490   1.763367
176.230890   1.773711
176.772950   1.784109
177.316680   1.794559
177.862080   1.805063
178.409160   1.815621
178.957920   1.826231
179.508370   1.836896
180.060510   1.847615
180.614350   1.858389
181.169890   1.869216
181.727150   1.880099
182.286110   1.891036
182.846800   1.902029
183.409210   1.913077
183.973350   1.924180
184.539230   1.935339
185.106840   1.946554
185.676210   1.957826
186.247320   1.969153
186.820190   1.980538
187.394820   1.991979
187.971220   2.003477
188.549390   2.015032
189.129350   2.026645
189.711080   2.038315
190.294600   2.050043
190.879920   2.061829
191.467040   2.073674
192.055970   2.085577
192.646710   2.097538
193.239260   2.109558
193.833640   2.121638
194.429840   2.133777
195.027880   2.145975
195.627760   2.158233
196.229480   2.170551
196.833050   2.182929
197.438490   2.195367
198.045780   2.207866
198.654940   2.220426
199.265970   2.233047
199.878890   2.245729
200.493690   2.258472
201.110380   2.271277
201.728960   2.284143
202.349450   2.297072
202.971850   2.310062
203.596160   2.323116
204.222400   2.336232
204.850560   2.349410
205.480650   2.362652
206.112680   2.375957
206.746650   2.389326
207.382570   2.402758
208.020450   2.416254
208.660290   2.429814
209.302100   2.443438
209.945890   2.457127
210.591650   2.470881
211.239400   2.484699
211.889140   2.498583
212.540880   2.512532
213.194630   2.526547
213.850390   2.540627
214.508160   2.554773
215.167960   2.568986
215.829780   2.583265
216.493640   2.597610
217.159550   2.612022
217.827500   2.626501
218.497500   2.641048
219.169570   2.655662
219.843710   2.670343
220.519910   2.685092
221.198200   2.699909
221.878580   2.714795
222.561040   2.729749
223.245610   2.744771
223.932280   2.759863
224.621070   2.775023
225.311970   2.790253
226.005000   2.805552
226.700160   2.820921
227.397450   2.836360
228.096890   2.851868
228.798490   2.867447
229.502240   2.883097
230.208160   2.898817
230.916240   2.914608
231.626510   2.930470
232.338960   2.946404
233.053600   2.962409
233.770440   2.978485
234.489490   2.994634
235.210740   3.010854
235.934220   3.027147
236.659920   3.043512
237.387850   3.059951
238.118020   3.076461
238.850440   3.093046
239.585110   3.109703
240.322040   3.126434
241.061230   3.143238
241.802700   3.160116
242.546460   3.177069
243.292490   3.194096
244.040830   3.211197
244.791460   3.228373
245.544410   3.245624
246.299670   3.262950
247.057250   3.280351
247.817160   3.297827
248.579410   3.315380
249.344010   3.333008
250.110950   3.350712
250.880260   3.368492
251.651930   3.386349
252.425980   3.404283
253.202400   3.422293
253.981220   3.440380
254.762430   3.458545
255.546040   3.476787
256.332060   3.495106
257.120500   3.513504
257.911370   3.531979
258.704670   3.550533
259.500410   3.569165
260.298590   3.587875
261.099240   3.606664
261.902340   3.625532
262.707920   3.644480
263.515970   3.663506
264.326500   3.682612
265.139540   3.701798
265.955070   3.721064
266.773110   3.740410
267.593660   3.759835
268.416740   3.779342
269.242360   3.798929
270.070510   3.818597
270.901210   3.838346
271.734460   3.858176
272.570280   3.878088
273.408660   3.898080
274.249630   3.918155
275.093180   3.938312
275.939330   3.958551
276.788080   3.978872
277.639440   3.999276
278.493420   4.019762
279.350030   4.040331
280.209270   4.060983
281.071150   4.081719
281.935690   4.102538
282.802880   4.123440
283.672740   4.144426
284.545280   4.165496
285.420500   4.186650
286.298410   4.207889
287.179030   4.229212
288.062350   4.250619
288.948390   4.272112
289.837150   4.293689
290.728650   4.315352
291.622890   4.337100
292.519880   4.358933
293.419630   4.380852
294.322150   4.402858
295.227440   4.424949
296.135520   4.447127
297.046390   4.469390
297.960060   4.491741
298.876540   4.514178
299.795840   4.536702
300.717970   4.559314
301.642940   4.582013
302.570750   4.604799
303.501420   4.627673
304.434940   4.650634
305.371340   4.673684
306.310620   4.696822
307.252790   4.720048
308.197850   4.743363
309.145830   4.766767
310.096720   4.790259
311.050530   4.813840
312.007280   4.837511
312.966970   4.861271
313.929610   4.885120
314.895210   4.909059
315.863780   4.933088
316.835340   4.957208
317.809880   4.981417
318.787410   5.005717
319.767960   5.030107
320.751520   5.054588
321.738110   5.079160
322.727730   5.103823
323.720390   5.128578
324.716110   5.153423
325.714890   5.178361
326.716740   5.203390
327.721680   5.228511
328.729700   5.253724
329.740830   5.279029
330.755060   5.304427
331.772420   5.329918
332.792900   5.355501
333.816530   5.381177
334.843300   5.406946
335.873230   5.432809
336.906330   5.458765
337.942610   5.484814
338.982070   5.510957
340.024730   5.537195
341.070600   5.563526
342.119680   5.589951
343.171990   5.616471
344.227540   5.643086
345.286340   5.669795
346.348390   5.696600
347.413710   5.723499
348.482300   5.750494
349.554180   5.777584
350.629360   5.804770
351.707850   5.832051
352.789650   5.859428
353.874780   5.886902
354.963250   5.914472
356.055070   5.942138
357.150240   5.969901
358.248790   5.997761
359.350710   6.025717
360.456020   6.053771
361.564730   6.081921
362.676850   6.110170
363.792400   6.138516
364.911370   6.166960
366.033790   6.195502
367.159650   6.224141
368.288980   6.252879
369.421790   6.281716
370.558080   6.310651
371.697860   6.339685
372.841150   6.368817
373.987960   6.398049
375.138290   6.427381
376.292160   6.456811
377.449590   6.486342
378.610570   6.515972
379.775120   6.545702
380.943250   6.575532
382.114980   6.605463
383.290310   6.635494
384.469260   6.665625
385.651830   6.695858
386.838040   6.726191
388.027900   6.756626
389.221420   6.787162
390.418610   6.817799
391.619480   6.848539
392.824050   6.879380
394.032320   6.910323
395.244310   6.941368
396.460020   6.972515
397.679480   7.003766
398.902680   7.035118
400.129650   7.066574
401.360390   7.098133
402.594920   7.129795
403.833240   7.161560
405.075380   7.193430
406.321330   7.225402
407.571120   7.257479
408.824750   7.289660
410.082240   7.321946
411.343590   7.354335
412.608830   7.386830
413.877950   7.419429
415.150980   7.452134
416.427930   7.484944
417.708800   7.517858
418.993610   7.550879
420.282380   7.584006
421.575110   7.617238
422.871810   7.650576
424.172510   7.684021
425.477200   7.717572
426.785910   7.751230
428.098640   7.784995
429.415410   7.818867
430.736230   7.852846
432.061110   7.886933
433.390070   7.921127
434.723120   7.955430
436.060270   7.989840
437.401530   8.024358
438.746910   8.058985
440.096430   8.093720
441.450110   8.128564
442.807950   8.163518
444.169960   8.198580
445.536160   8.233751
446.906570   8.269033
448.281190   8.304424
449.660040   8.339925
451.043130   8.375536
452.430470   8.411258
453.822090   8.447090
455.217980   8.483033
456.618160   8.519087
458.022660   8.555252
459.431470   8.591529
460.844620   8.627917
462.262110   8.664417
463.683960   8.701029
465.110190   8.737753
466.540800   8.774590
467.975810   8.811539
469.415240   8.848601
470.859100   8.885776
472.307390   8.923065
473.760140   8.960467
475.217360   8.997982
476.679060   9.035612
478.145260   9.073356
479.615970   9.111214
481.091200   9.149187
482.570960   9.187274
484.055280   9.225476
485.544170   9.263794
487.037630   9.302227
488.535690   9.340776
490.038360   9.379441
491.545650   9.418222
493.057570   9.457119
494.574150   9.496134
496.095390   9.535265
497.621310   9.574513
499.151920   9.613878
500.687240   9.653360
502.227280   9.692961
503.772060   9.732679
505.321590   9.772516
506.875890   9.812472
508.434970   9.852545
509.998840   9.892738
511.567530   9.933051
513.141030   9.973482
514.719380   10.014033
516.302590   10.054705
517.890660   10.095496
519.483620   10.136408
521.081480   10.177441
522.684250   10.218594
524.291950   10.259869
525.904600   10.301265
527.522210   10.342783
529.144790   10.384423
530.772360   10.426185
532.404950   10.468069
534.042550   10.510077
535.685190   10.552207
537.332880   10.594460
538.985640   10.636837
540.643480   10.679338
542.306420   10.721963
543.974480   10.764712
545.647670   10.807586
547.326000   10.850585
549.009500   10.893709
550.698180   10.936958
552.392050   10.980333
554.091120   11.023834
555.795430   11.067461
557.504980   11.111215
559.219780   11.155095
560.939860   11.199103
562.665240   11.243238
564.395910   11.287501
566.131920   11.331892
567.873260   11.376411
569.619950   11.421058
571.372020   11.465834
573.129480   11.510740
574.892350   11.555775
576.660640   11.600940
578.434360   11.646234
580.213540   11.691659
581.998200   11.737215
583.788340   11.782901
585.583990   11.828719
587.385170   11.874669
589.191880   11.920749
591.004150   11.966963
592.821990   12.013308
594.645430   12.059787
596.474480   12.106399
598.309150   12.153144
600.149460   12.200023
601.995430   12.247035
603.847090   12.294183
605.704430   12.341464
607.567500   12.388882
609.436290   12.436434
611.310830   12.484122
613.191130   12.531945
615.077220   12.579906
616.969110   12.628003
618.866820   12.676237
620.770370   12.724608
622.679770   12.773117
624.595040   12.821764
626.516210   12.870550
628.443280   12.919474
630.376290   12.968537
632.315230   13.017739
634.260140   13.067082
636.211040   13.116564
638.167930   13.166187
640.130850   13.215951
642.099800   13.265855
644.074810   13.315902
646.055890   13.366090
648.043070   13.416421
650.036350   13.466893
652.035770   13.517509
654.041340   13.568269
656.053080   13.619172
658.071010   13.670219
660.095140   13.721410
662.125500   13.772747
664.162100   13.824228
666.204970   13.875855
668.254120   13.927628
670.309580   13.979548
672.371360   14.031614
674.439470   14.083827
676.513950   14.136188
678.594810   14.188696
680.682080   14.241353
682.775760   14.294159
684.875880   14.347113
686.982460   14.400217
689.095520   14.453471
691.215080   14.506875
693.341160   14.560430
695.473780   14.614136
697.612960   14.667993
699.758720   14.722002
701.911070   14.776163
704.070050   14.830477
706.235670   14.884945
708.407950   14.939565
710.586910   14.994340
712.772580   15.049269
714.964970   15.104353
717.164100   15.159592
719.369990   15.214986
721.582670   15.270536
723.802160   15.326244
726.028470   15.382108
728.261630   15.438129
730.501660   15.494308
732.748580   15.550645
735.002410   15.607141
737.263170   15.663796
739.530890   15.720611
741.805580   15.777585
744.087270   15.834720
746.375980   15.892016
748.671720   15.949473
750.974530   16.007092
753.284420   16.064873
755.601420   16.122817
757.925540   16.180924
760.256810   16.239194
762.595250   16.297629
764.940890   16.356228
767.293740   16.414992
769.653820   16.473922
772.021170   16.533017
774.395800   16.592279
776.777730   16.651708
779.166990   16.711305
781.563590   16.771068
783.967570   16.831001
786.378950   16.891102
788.797740   16.951373
791.223970   17.011813
793.657660   17.072424
796.098840   17.133205
798.547520   17.194157
801.003740   17.255282
803.467520   17.316579
805.938870   17.378048
808.417820   17.439690
810.904400   17.501507
813.398630   17.563498
815.900520   17.625663
818.410120   17.688004
820.927430   17.750520
823.452490   17.813213
825.985310   17.876082
828.525920   17.939129
831.074350   18.002354
833.630620   18.065757
836.194750   18.129340
838.766760   18.193101
841.346690   18.257042
843.934560   18.321165
846.530380   18.385468
849.134190   18.449953
851.746000   18.514619
854.365850   18.579468
856.993760   18.644501
859.629750   18.709718
862.273850   18.775118
864.926080   18.840704
867.586470   18.906475
870.255040   18.972432
872.931820   19.038575
875.616840   19.104905
878.310110   19.171423
881.011670   19.238130
883.721540   19.305025
886.439740   19.372109
889.166300   19.439383
891.901250   19.506847
894.644610   19.574503
897.396410   19.642350
900.156670   19.710389
902.925430   19.778622
905.702700   19.847047
908.488510   19.915666
911.282890   19.984481
914.085870   20.053490
916.897470   20.122694
919.717710   20.192095
922.546640   20.261693
925.384260   20.331489
928.230610   20.401482
931.085710   20.471674
933.949600   20.542066
936.822300   20.612657
939.703830   20.683449
942.594230   20.754442
945.493510   20.825637
948.401720   20.897034
951.318860   20.968633
954.244990   21.040437
957.180110   21.112445
960.124260   21.184658
963.077460   21.257076
966.039750   21.329700
969.011150   21.402531
971.991690   21.475569
974.981400   21.548816
977.980310   21.622271
980.988440   21.695935
984.005820   21.769809
987.032480   21.843894
990.068450   21.918190
993.113760   21.992698
996.168440   22.067418
999.232510   22.142352
1002.306000   22.217499
1005.389000   22.292863
1008.481400   22.368439
1011.583300   22.444229
1014.694800   22.520240
1017.815900   22.596468
1020.946500   22.672910
1024.086800   22.749574
1027.236800   22.826458
1030.396400   22.903558
1033.565800   22.980883
1036.744900   23.058427
1039.933700   23.136189
1043.132400   23.214178
1046.341000   23.292393
1049.559400   23.370829
1052.787600   23.449485
1056.025900   23.528375
1059.274100   23.607487
1062.532200   23.686822
1065.800400   23.766389
1069.078700   23.846185
1072.367000   23.926207
1075.665500   24.006463
1078.974100   24.086947
1082.292800   24.167658
1085.621800   24.248605
1088.961000   24.329784
1092.310500   24.411196
1095.670300   24.492843
1099.040400   24.574723
1102.420900   24.656839
1105.811800   24.739192
1109.213100   24.821781
1112.624900   24.904609
1116.047200   24.987676
1119.480000   25.070980
1122.923400   25.154527
1126.377300   25.238310
1129.841900   25.322338
1133.317100   25.406605
1136.803000   25.491116
1140.299700   25.575874
1143.807100   25.660874
1147.325300   25.746120
1150.854300   25.831611
1154.394200   25.917351
1157.944900   26.003334
1161.506600   26.089569
1165.079200   26.176051
1168.662800   26.262783
1172.257500   26.349770
1175.863200   26.437005
1179.480000   26.524493
1183.107900   26.612233
1186.746900   26.700224
1190.397200   26.788475
1194.058700   26.876979
1197.731400   26.965738
1201.415500   27.054757
1205.110900   27.144034
1208.817600   27.233566
1212.535800   27.323362
1216.265400   27.413417
1220.006400   27.503730
1223.759000   27.594308
1227.523100   27.685148
1231.298800   27.776252
1235.086100   27.867620
1238.885000   27.959252
1242.695700   28.051154
1246.518000   28.143318
1250.352100   28.235752
1254.198100   28.328459
1258.055800   28.421430
1261.925400   28.514672
1265.806900   28.608186
1269.700300   28.701970
1273.605800   28.796033
1277.523200   28.890364
1281.452700   28.984972
1285.394200   29.079852
1289.347900   29.175012
1293.313800   29.270451
1297.291800   29.366163
1301.282100   29.462157
1305.284700   29.558433
1309.299500   29.654984
1313.326800   29.751824
1317.366400   29.848942
1321.418400   29.946342
1325.482900   30.044028
1329.559900   30.142000
1333.649400   30.240256
1337.751500   30.338800
1341.866300   30.437635
1345.993700   30.536757
1350.133700   30.636165
1354.286600   30.735870
1358.452200   30.835864
1362.630600   30.936150
1366.821800   31.036727
1371.026000   31.137603
1375.243100   31.238773
1379.473100   31.340236
1383.716200   31.442000
1387.972300   31.544060
1392.241500   31.646420
1396.523800   31.749078
1400.819300   31.852038
1405.128100   31.955304
1409.450000   32.058866
1413.785300   32.162737
1418.133900   32.266911
1422.495900   32.371392
1426.871300   32.476179
1431.260100   32.581270
1435.662500   32.686675
1440.078400   32.792388
1444.507900   32.898412
1448.951000   33.004747
1453.407700   33.111391
1457.878200   33.218353
1462.362400   33.325628
1466.860400   33.433218
1471.372300   33.541127
1475.898000   33.649351
1480.437700   33.757897
1484.991300   33.866759
1489.558900   33.975942
1494.140600   34.085449
1498.736400   34.195278
1503.346300   34.305430
1507.970300   34.415903
1512.608600   34.526704
1517.261200   34.637834
1521.928100   34.749291
1526.609300   34.861075
1531.305000   34.973193
1536.015000   35.085635
1540.739600   35.198415
1545.478700   35.311525
1550.232400   35.424971
1555.000700   35.538751
1559.783600   35.652864
1564.581300   35.767318
1569.393700   35.882108
1574.221000   35.997242
1579.063000   36.112710
1583.920000   36.228524
1588.791900   36.344675
1593.678800   36.461175
1598.580700   36.578017
1603.497800   36.695209
1608.429900   36.812746
1613.377200   36.930631
1618.339700   37.048862
1623.317500   37.167445
1628.310600   37.286380
1633.319000   37.405663
1638.342900   37.525306
1643.382200   37.645302
1648.437000   37.765652
1653.507400   37.886360
1658.593300   38.007424
1663.694900   38.128848
1668.812200   38.250635
1673.945200   38.372780
1679.094100   38.495294
1684.258700   38.618163
1689.439300   38.741404
1694.635700   38.865002
1699.848200   38.988974
1705.076700   39.113315
1710.321300   39.238022
1715.582000   39.363103
1720.858800   39.488551
1726.152000   39.614378
1731.461400   39.740577
1736.787100   39.867147
1742.129200   39.994098
1747.487700   40.121421
1752.862800   40.249130
1758.254300   40.377216
1763.662500   40.505684
1769.087200   40.634531
1774.528700   40.763768
1779.986900   40.893388
1785.461900   41.023392
1790.953700   41.153784
1796.462400   41.284564
1801.988100   41.415734
1807.530800   41.547300
1813.090500   41.679252
1818.667300   41.811599
1824.261200   41.944339
1829.872400   42.077479
1835.500800   42.211010
1841.146600   42.344945
1846.809700   42.479280
1852.490200   42.614011
1858.188200   42.749148
1863.903700   42.884686
1869.636800   43.020631
1875.387600   43.156986
1881.156000   43.293743
1886.942200   43.430912
1892.746100   43.568484
1898.567900   43.706472
1904.407700   43.844874
1910.265300   43.983683
1916.141100   44.122916
1922.034800   44.262561
1927.946700   44.402621
1933.876800   44.543104
1939.825200   44.684010
1945.791800   44.825332
1951.776800   44.967081
1957.780200   45.109252
1963.802000   45.251848
1969.842400   45.394869
1975.901300   45.538320
1981.978900   45.682202
1988.075200   45.826515
1994.190300   45.971263
2000.324100   46.116439
2006.476800   46.262055
2012.648400   46.408104
2018.839100   46.554595
2025.048700   46.701519
2031.277500   46.848889
2037.525400   46.996698
2043.792600   47.144951
2050.079000   47.293651
2056.384700   47.442791
2062.709900   47.592384
2069.054500   47.742426
2075.418600   47.892917
2081.802300   48.043859
2088.205600   48.195254
2094.628600   48.347102
2101.071400   48.499409
2107.534000   48.652175
2114.016500   48.805399
2120.518900   48.959079
2127.041300   49.113225
2133.583800   49.267833
2140.146400   49.422907
2146.729200   49.578445
2153.332200   49.734450
2159.955600   49.890927
2166.599300   50.047873
2173.263400   50.205291
2179.948100   50.363184
2186.653300   50.521550
2193.379100   50.680391
2200.125600   50.839711
2206.892900   50.999511
2213.681000   51.159795
2220.490000   51.320560
2227.319900   51.481806
2234.170800   51.643541
2241.042800   51.805759
2247.935900   51.968468
2254.850300   52.131672
2261.785900   52.295360
2268.742800   52.459543
2275.721100   52.624220
2282.720900   52.789395
2289.742200   52.955067
2296.785200   53.121243
2303.849700   53.287912
2310.936100   53.455090
2318.044200   53.622768
2325.174100   53.790950
2332.326100   53.959646
2339.500000   54.128848
2346.695900   54.298555
2353.914000   54.468778
2361.154300   54.639516
2368.416900   54.810770
2375.701800   54.982537
2383.009100   55.154825
2390.338900   55.327631
2397.691300   55.500963
2405.066200   55.674813
2412.463900   55.849192
2419.884300   56.024098
2427.327500   56.199528
2434.793600   56.375488
2442.282700   56.551985
2449.794800   56.729009
2457.330000   56.906571
2464.888400   57.084669
2472.470100   57.263307
2480.075000   57.442481
2487.703400   57.622201
2495.355200   57.802462
2503.030600   57.983270
2510.729500   58.164620
2518.452200   58.346523
2526.198600   58.528973
2533.968800   58.711976
2541.763000   58.895537
2549.581100   59.079647
2557.423200   59.264315
2565.289500   59.449543
2573.179900   59.635327
2581.094700   59.821683
2589.033800   60.008596
2596.997300   60.196078
2604.985200   60.384119
2612.997800   60.572738
2621.035000   60.761925
2629.097000   60.951688
2637.183700   61.142024
2645.295300   61.332936
2653.431800   61.524423
2661.593400   61.716496
2669.780100   61.909148
2677.992000   62.102385
2686.229100   62.296205
2694.491500   62.490611
2702.779400   62.685610
2711.092800   62.881200
2719.431700   63.077380
2727.796300   63.274157
2736.186600   63.471525
2744.602700   63.669499
2753.044800   63.868074
2761.512700   64.067243
2770.006700   64.267019
2778.526900   64.467403
2787.073200   64.668391
2795.645900   64.869996
2804.244900   65.072206
2812.870400   65.275034
2821.522300   65.478469
2830.201000   65.682532
2838.906200   65.887206
2847.638300   66.092506
2856.397200   66.298423
2865.183100   66.504971
2873.996000   66.712145
2882.836000   66.919947
2891.703200   67.128381
2900.597700   67.337449
2909.519500   67.547149
2918.468800   67.757488
2927.445600   67.968462
2936.450000   68.180080
2945.482100   68.392342
2954.542000   68.605245
2963.629700   68.818793
2972.745400   69.032993
2981.889200   69.247848
2991.061000   69.463350
3000.261100   69.679509
3009.489500   69.896325
3018.746300   70.113800
3028.031500   70.331933
3037.345300   70.550730
3046.687700   70.770194
3056.058900   70.990324
3065.458900   71.211123
3074.887800   71.432593
3084.345700   71.654737
3093.832700   71.877554
3103.348900   72.101055
3112.894400   72.325234
3122.469200   72.550090
3132.073500   72.775634
3141.707300   73.001864
3151.370800   73.228783
3161.063900   73.456387
3170.786900   73.684685
3180.539800   73.913681
3190.322700   74.143373
3200.135700   74.373764
3209.978800   74.604852
3219.852300   74.836650
3229.756100   75.069150
3239.690300   75.302353
3249.655200   75.536273
3259.650600   75.770900
3269.676900   76.006249
3279.733900   76.242304
3289.821900   76.479086
3299.941000   76.716588
3310.091100   76.954810
3320.272500   77.193758
3330.485200   77.433436
3340.729300   77.673844
3351.004900   77.914980
3361.312100   78.156853
3371.651000   78.399463
3382.021700   78.642810
3392.424300   78.886901
3402.859000   79.131736
3413.325700   79.377315
3423.824600   79.623643
3434.355800   79.870725
3444.919400   80.118554
3455.515400   80.367139
3466.144100   80.616484
3476.805500   80.866591
3487.499600   81.117455
3498.226700   81.369088
3508.986700   81.621483
3519.779900   81.874656
3530.606200   82.128594
3541.465900   82.383310
3552.358900   82.638798
3563.285500   82.895070
3574.245600   83.152118
3585.239500   83.409956
3596.267200   83.668577
3607.328800   83.927989
3618.424400   84.188189
3629.554200   84.449183
3640.718200   84.710975
3651.916500   84.973565
3663.149300   85.236956
3674.416600   85.501150
3685.718600   85.766151
3697.055300   86.031957
3708.427000   86.298580
3719.833600   86.566014
3731.275200   86.834260
3742.752100   87.103330
3754.264300   87.373222
3765.811900   87.643933
3777.395000   87.915473
3789.013700   88.187839
3800.668200   88.461039
3812.358500   88.735074
3824.084800   89.009945
3835.847100   89.285649
3847.645600   89.562200
3859.480400   89.839593
3871.351600   90.117834
3883.259400   90.396928
3895.203700   90.676871
3907.184800   90.957670
3919.202800   91.239328
3931.257700   91.521846
3943.349700   91.805221
3955.478800   92.089463
3967.645300   92.374576
3979.849300   92.660565
3992.090700   92.947420
4004.369800   93.235152
4016.686700   93.523764
4029.041400   93.813255
4041.434200   94.103636
4053.865100   94.394903
4066.334200   94.687056
4078.841700   94.980105
4091.387600   95.274047
4103.972100   95.568887
4116.595400   95.864634
4129.257400   96.161276
4141.958400   96.458827
4154.698500   96.757292
4167.477800   97.056668
4180.296300   97.356951
4193.154300   97.658158
4206.051900   97.960288
4218.989100   98.263340
4231.966100   98.567316
4244.983000   98.872221
4258.040000   99.178063
4271.137100   99.484836
4284.274500   99.792545
4297.452400   100.101203
4310.670700   100.410798
4323.929700   100.721340
4337.229500   101.032834
4350.570200   101.345277
4363.951900   101.658677
4377.374800   101.973036
4390.839000   102.288356
4404.344600   102.604641
4417.891800   102.921896
4431.480600   103.240117
4445.111200   103.559311
4458.783700   103.879482
4472.498300   104.200635
4486.255100   104.522768
4500.054100   104.845885
4513.895700   105.169996
4527.779800   105.495093
4541.706600   105.821186
4555.676200   106.148275
4569.688800   106.476366
4583.744600   106.805465
4597.843500   107.135566
4611.985800   107.466677
4626.171600   107.798802
4640.401100   108.131947
4654.674300   108.466108
4668.991400   108.801294
4683.352600   109.137503
4697.757900   109.474743
4712.207500   109.813013
4726.701600   110.152320
4741.240300   110.492666
4755.823600   110.834048
4770.451900   111.176481
4785.125100   111.519959
4799.843500   111.864493
4814.607100   112.210075
4829.416200   112.556724
4844.270800   112.904427
4859.171100   113.253195
4874.117200   113.603032
4889.109300   113.953939
4904.147500   114.305922
4919.231900   114.658981
4934.362800   115.013123
4949.540200   115.368348
4964.764300   115.724662
4980.035200   116.082064
4995.353100   116.440566
5010.718100   116.800159
5026.130300   117.160857
5041.590000   117.522658
5057.097200   117.885570
5072.652100   118.249590
5088.254900   118.614729
5103.905600   118.980979
5119.604500   119.348357
5135.351700   119.716861
5151.147300   120.086491
5166.991500   120.457253
5182.884400   120.829148
5198.826200   121.202186
5214.817100   121.576368
5230.857100   121.951694
5246.946500   122.328170
5263.085400   122.705803
5279.273900   123.084587
5295.512200   123.464534
5311.800400   123.845643
5328.138700   124.227921
5344.527300   124.611372
5360.966300   124.995995
5377.455900   125.381798
5393.996200   125.768786
5410.587400   126.156958
5427.229600   126.546317
5443.923000   126.936874
5460.667700   127.328621
5477.463900   127.721572
5494.311800   128.115728
5511.211600   128.511092
5528.163300   128.907667
5545.167100   129.305455
5562.223300   129.704470
5579.331900   130.104700
5596.493100   130.506156
5613.707100   130.908846
5630.974100   131.312772
5648.294200   131.717936
5665.667500   132.124337
5683.094300   132.531987
5700.574700   132.940886
5718.108800   133.351035
5735.696900   133.762444
5753.339100   134.175115
5771.035600   134.589052
5788.786500   135.004262
5806.591900   135.420732
5824.452200   135.838490
5842.367400   136.257389
5860.337700   136.677570
5878.363200   137.099037
5896.444300   137.521805
5914.580900   137.945863
5932.773300   138.371224
5951.021700   138.797890
5969.326200   139.225865
5987.687000   139.655152
6006.104200   140.085755
6024.578100   140.517681
6043.108900   140.950935
6061.696600   141.385513
6080.341600   141.821431
6099.043800   142.258680
6117.803600   142.697274
6136.621100   143.137216
6155.496500   143.578506
6174.429900   144.021149
6193.421600   144.465153
6212.471700   144.910517
6231.580400   145.357251
6250.747800   145.805352
6269.974200   146.254827
6289.259800   146.705689
6308.604600   147.157927
6328.009000   147.611555
6347.473100   148.066582
6366.997000   148.522997
6386.581000   148.980815
6406.225200   149.440040
6425.929800   149.900671
6445.695100   150.362721
6465.521100   150.826183
6485.408100   151.291071
6505.356300   151.757386
6525.365900   152.225135
6545.437000   152.694314
6565.569800   153.164936
6585.764600   153.637005
6606.021500   154.110521
6626.340600   154.585485
6646.722300   155.061912
6667.166700   155.539803
6687.674000   156.019164
6708.244300   156.499991
6728.877900   156.982295
6749.575000   157.466078
6770.335700   157.951348
6791.160300   158.438108
6812.048900   158.926359
6833.001800   159.416115
6854.019200   159.907373
6875.101200   160.400140
6896.248000   160.894415
6917.459900   161.390211
6938.737000   161.887527
6960.079600   162.386374
6981.487800   162.886749
7002.961900   163.388662
7024.502000   163.892115
7046.108300   164.397112
7067.781200   164.903661
7089.520700   165.411767
7111.327000   165.921430
7133.200400   166.432661
7155.141200   166.945463
7177.149400   167.459836
7199.225200   167.975789
7221.369000   168.493326
7243.580900   169.012451
7265.861200   169.533179
7288.209900   170.055494
7310.627400   170.579419
7333.113900   171.104955
7355.669500   171.632101
7378.294500   172.160866
7400.989100   172.691255
7423.753500   173.223275
7446.587900   173.756927
7469.492500   174.292217
7492.467600   174.829151
7515.513400   175.367738
7538.630000   175.907973
7561.817800   176.449869
7585.076900   176.993432
7608.407500   177.538664
7631.809900   178.085570
7655.284200   178.634152
7678.830800   179.184421
7702.449800   179.736382
7726.141400   180.290036
7749.906000   180.845395
7773.743600   181.402455
7797.654500   181.961226
7821.639000   182.521714
7845.697200   183.083921
7869.829500   183.647858
7894.035900   184.213525
7918.316900   184.780934
7942.672500   185.350080
7967.103000   185.920979
7991.608700   186.493629
8016.189800   187.068039
8040.846400   187.644211
8065.578900   188.222155
8090.387500   188.801877
8115.272400   189.383376
8140.233800   189.966660
8165.272000   190.551739
8190.387200   191.138613
8215.579700   191.727291
8240.849600   192.317777
8266.197300   192.910076
8291.623000   193.504197
8317.126800   194.100140
8342.709100   194.697917
8368.370100   195.297526
8394.110000   195.898981
8419.929100   196.502283
8445.827600   197.107438
8471.805800   197.714453
8497.863900   198.323330
8524.002100   198.934082
8550.220700   199.546704
8576.520000   200.161213
8602.900100   200.777608
8629.361400   201.395895
8655.904100   202.016083
8682.528500   202.638180
8709.234700   203.262186
8736.023100   203.888109
8762.893800   204.515953
8789.847200   205.145725
8816.883600   205.777440
8844.003000   206.411083
8871.205900   207.046680
8898.492500   207.684234
8925.863000   208.323743
8953.317700   208.965217
8980.856800   209.608657
9008.480700   210.254083
9036.189500   210.901487
9063.983500   211.550877
9091.863000   212.202266
9119.828300   212.855657
9147.879600   213.511056
9176.017200   214.168469
9204.241300   214.827899
9232.552200   215.489354
9260.950300   216.152850
9289.435600   216.818377
9318.008600   217.485949
9346.669500   218.155576
9375.418500   218.827261
9404.256000   219.501009
9433.182100   220.176823
9462.197300   220.854722
9491.301600   221.534694
9520.495500   222.216760
9549.779200   222.900924
9579.153000   223.587190
9608.617100   224.275563
9638.171800   224.966049
9667.817500   225.658664
9697.554300   226.353401
9727.382600   227.050275
9757.302700   227.749292
9787.314700   228.450454
9817.419100   229.153771
9847.616100   229.859251
9877.906000   230.566900
9908.289000   231.276722
9938.765500   231.988726
9969.335700   232.702917
10000.000000   233.419306
