1.000000   4.052959e-24
1.003076   3.910123e-24
1.006161   3.772411e-24
1.009256   3.639651e-24
1.012360   3.511674e-24
1.015474   3.388315e-24
1.018598   3.269419e-24
1.021731   3.154832e-24
1.024873   3.044407e-24
1.028026   2.938001e-24
1.031188   2.835476e-24
1.034360   2.736698e-24
1.037541   2.641540e-24
1.040733   2.549875e-24
1.043934   2.461583e-24
1.047145   2.376549e-24
1.050366   2.294658e-24
1.053596   2.215802e-24
1.056837   2.139876e-24
1.060088   2.066778e-24
1.063348   1.996409e-24
1.066619   1.928674e-24
1.069900   1.863482e-24
1.073191   1.800742e-24
1.076492   1.740371e-24
1.079803   1.682284e-24
1.083124   1.626400e-24
1.086456   1.572644e-24
1.089797   1.520939e-24
1.093149   1.471213e-24
1.096512   1.423396e-24
1.099885   1.377420e-24
1.103268   1.333216e-24
1.106661   1.290716e-24
1.110065   1.249858e-24
1.113479   1.210583e-24
1.116904   1.172834e-24
1.120340   1.136553e-24
1.123786   1.101689e-24
1.127242   1.068189e-24
1.130710   1.036003e-24
1.134188   1.005084e-24
1.137676   9.753842e-25
1.141175   9.468589e-25
1.144686   9.194648e-25
1.148206   8.931599e-25
1.151738   8.679035e-25
1.155281   8.436564e-25
1.158834   8.203807e-25
1.162399   7.980397e-25
1.165974   7.765978e-25
1.169561   7.560208e-25
1.173158   7.362755e-25
1.176766   7.173297e-25
1.180386   6.991523e-25
1.184017   6.817133e-25
1.187658   6.649835e-25
1.191312   6.489347e-25
1.194976   6.335398e-25
1.198651   6.187722e-25
1.202338   6.046072e-25
1.206036   5.910222e-25
1.209746   5.779931e-25
1.213467   5.654966e-25
1.217200   5.535100e-25
1.220943   5.420115e-25
1.224699   5.309800e-25
1.228466   5.203951e-25
1.232244   5.102373e-25
1.236035   5.004875e-25
1.239837   4.911275e-25
1.243650   4.821397e-25
1.247475   4.735071e-25
1.251313   4.652136e-25
1.255161   4.572434e-25
1.259022   4.495814e-25
1.262895   4.422133e-25
1.266779   4.351251e-25
1.270676   4.283035e-25
1.274584   4.217358e-25
1.278504   4.154098e-25
1.282437   4.093138e-25
1.286382   4.034366e-25
1.290338   3.977675e-25
1.294307   3.922962e-25
1.298288   3.870132e-25
1.302282   3.819092e-25
1.306287   3.769757e-25
1.310305   3.722043e-25
1.314336   3.675870e-25
1.318378   3.631159e-25
1.322433   3.587838e-25
1.326501   3.545837e-25
1.330581   3.505089e-25
1.334674   3.465531e-25
1.338779   3.427105e-25
1.342897   3.389754e-25
1.347028   3.353424e-25
1.351171   3.318065e-25
1.355327   3.283628e-25
1.359496   3.250068e-25
1.363677   3.217342e-25
1.367872   3.185410e-25
1.372079   3.154233e-25
1.376299   3.123775e-25
1.380533   3.094001e-25
1.384779   3.064880e-25
1.389038   3.036380e-25
1.393311   3.008473e-25
1.397596   2.981131e-25
1.401895   2.954329e-25
1.406207   2.928043e-25
1.410533   2.902251e-25
1.414871   2.876931e-25
1.419223   2.852062e-25
1.423588   2.827624e-25
1.427967   2.803600e-25
1.432359   2.779973e-25
1.436765   2.756725e-25
1.441185   2.733842e-25
1.445617   2.711309e-25
1.450064   2.689113e-25
1.454524   2.667240e-25
1.458998   2.645680e-25
1.463486   2.624419e-25
1.467987   2.603447e-25
1.472502   2.582755e-25
1.477032   2.562332e-25
1.481575   2.542169e-25
1.486132   2.522258e-25
1.490703   2.502591e-25
1.495288   2.483160e-25
1.499888   2.463957e-25
1.504501   2.444977e-25
1.509129   2.426212e-25
1.513770   2.407657e-25
1.518427   2.389305e-25
1.523097   2.371152e-25
1.527782   2.353191e-25
1.532481   2.335418e-25
1.537195   2.317829e-25
1.541923   2.300418e-25
1.546666   2.283182e-25
1.551423   2.266116e-25
1.556195   2.249216e-25
1.560982   2.232480e-25
1.565783   2.215903e-25
1.570599   2.199482e-25
1.575430   2.183215e-25
1.580276   2.167097e-25
1.585137   2.151127e-25
1.590012   2.135301e-25
1.594903   2.119617e-25
1.599809   2.104072e-25
1.604729   2.088664e-25
1.609665   2.073391e-25
1.614616   2.058251e-25
1.619583   2.043241e-25
1.624564   2.028359e-25
1.629561   2.013604e-25
1.634574   1.998973e-25
1.639601   1.984465e-25
1.644645   1.970078e-25
1.649703   1.955811e-25
1.654777   1.941661e-25
1.659867   1.927628e-25
1.664973   1.913709e-25
1.670094   1.899904e-25
1.675231   1.886210e-25
1.680384   1.872627e-25
1.685552   1.859153e-25
1.690737   1.845787e-25
1.695937   1.832527e-25
1.701154   1.819373e-25
1.706386   1.806324e-25
1.711635   1.793377e-25
1.716900   1.780532e-25
1.722181   1.767789e-25
1.727478   1.755145e-25
1.732791   1.742600e-25
1.738121   1.730153e-25
1.743467   1.717803e-25
1.748830   1.705549e-25
1.754209   1.693389e-25
1.759605   1.681324e-25
1.765017   1.669351e-25
1.770446   1.657471e-25
1.775892   1.645683e-25
1.781354   1.633985e-25
1.786833   1.622376e-25
1.792329   1.610856e-25
1.797842   1.599425e-25
1.803372   1.588081e-25
1.808919   1.576823e-25
1.814483   1.565650e-25
1.820064   1.554563e-25
1.825662   1.543560e-25
1.831278   1.532641e-25
1.836911   1.521804e-25
1.842561   1.511050e-25
1.848228   1.500376e-25
1.853913   1.489784e-25
1.859615   1.479271e-25
1.865335   1.468838e-25
1.871073   1.458483e-25
1.876828   1.448206e-25
1.882601   1.438007e-25
1.888392   1.427884e-25
1.894200   1.417837e-25
1.900026   1.407866e-25
1.905870   1.397970e-25
1.911733   1.388148e-25
1.917613   1.378399e-25
1.923511   1.368724e-25
1.929428   1.359121e-25
1.935362   1.349590e-25
1.941315   1.340130e-25
1.947286   1.330740e-25
1.953276   1.321421e-25
1.959284   1.312172e-25
1.965310   1.302991e-25
1.971355   1.293879e-25
1.977419   1.284835e-25
1.983501   1.275859e-25
1.989602   1.266949e-25
1.995722   1.258105e-25
2.001860   1.249328e-25
2.008018   1.240615e-25
2.014194   1.231968e-25
2.020390   1.223384e-25
2.026604   1.214865e-25
2.032838   1.206409e-25
2.039090   1.198015e-25
2.045362   1.189684e-25
2.051654   1.181415e-25
2.057964   1.173207e-25
2.064294   1.165059e-25
2.070644   1.156973e-25
2.077013   1.148946e-25
2.083401   1.140978e-25
2.089809   1.133070e-25
2.096237   1.125220e-25
2.102685   1.117428e-25
2.109153   1.109693e-25
2.115640   1.102016e-25
2.122148   1.094396e-25
2.128675   1.086832e-25
2.135223   1.079324e-25
2.141790   1.071871e-25
2.148378   1.064473e-25
2.154986   1.057130e-25
2.161615   1.049841e-25
2.168263   1.042605e-25
2.174933   1.035423e-25
2.181622   1.028294e-25
2.188333   1.021218e-25
2.195064   1.014193e-25
2.201815   1.007221e-25
2.208588   1.000299e-25
2.215381   9.934287e-26
2.222196   9.866088e-26
2.229031   9.798389e-26
2.235887   9.731188e-26
2.242764   9.664481e-26
2.249662   9.598265e-26
2.256582   9.532534e-26
2.263523   9.467285e-26
2.270485   9.402516e-26
2.277469   9.338221e-26
2.284474   9.274398e-26
2.291501   9.211042e-26
2.298549   9.148152e-26
2.305619   9.085721e-26
2.312711   9.023748e-26
2.319825   8.962229e-26
2.326960   8.901160e-26
2.334118   8.840537e-26
2.341297   8.780358e-26
2.348498   8.720620e-26
2.355722   8.661317e-26
2.362968   8.602448e-26
2.370236   8.544008e-26
2.377527   8.485996e-26
2.384840   8.428406e-26
2.392175   8.371237e-26
2.399533   8.314485e-26
2.406913   8.258147e-26
2.414317   8.202219e-26
2.421743   8.146699e-26
2.429192   8.091582e-26
2.436664   8.036868e-26
2.444159   7.982551e-26
2.451676   7.928629e-26
2.459217   7.875100e-26
2.466782   7.821959e-26
2.474369   7.769205e-26
2.481980   7.716834e-26
2.489614   7.664843e-26
2.497272   7.613229e-26
2.504953   7.561990e-26
2.512658   7.511123e-26
2.520387   7.460624e-26
2.528139   7.410491e-26
2.535915   7.360721e-26
2.543715   7.311312e-26
2.551539   7.262260e-26
2.559388   7.213563e-26
2.567260   7.165218e-26
2.575156   7.117222e-26
2.583077   7.069573e-26
2.591022   7.022268e-26
2.598992   6.975305e-26
2.606986   6.928681e-26
2.615005   6.882393e-26
2.623048   6.836438e-26
2.631116   6.790815e-26
2.639209   6.745520e-26
2.647327   6.700551e-26
2.655470   6.655906e-26
2.663638   6.611582e-26
2.671831   6.567576e-26
2.680049   6.523887e-26
2.688292   6.480512e-26
2.696561   6.437448e-26
2.704855   6.394693e-26
2.713175   6.352244e-26
2.721521   6.310100e-26
2.729891   6.268257e-26
2.738288   6.226715e-26
2.746711   6.185469e-26
2.755159   6.144519e-26
2.763634   6.103861e-26
2.772134   6.063494e-26
2.780661   6.023416e-26
2.789214   5.983623e-26
2.797793   5.944114e-26
2.806399   5.904887e-26
2.815031   5.865940e-26
2.823689   5.827270e-26
2.832375   5.788875e-26
2.841087   5.750753e-26
2.849826   5.712903e-26
2.858591   5.675322e-26
2.867384   5.638007e-26
2.876203   5.600957e-26
2.885050   5.564171e-26
2.893924   5.527645e-26
2.902826   5.491378e-26
2.911754   5.455368e-26
2.920710   5.419613e-26
2.929694   5.384110e-26
2.938705   5.348859e-26
2.947744   5.313857e-26
2.956811   5.279102e-26
2.965906   5.244592e-26
2.975029   5.210326e-26
2.984180   5.176301e-26
2.993358   5.142516e-26
3.002566   5.108969e-26
3.011801   5.075657e-26
3.021065   5.042580e-26
3.030357   5.009736e-26
3.039678   4.977122e-26
3.049028   4.944737e-26
3.058406   4.912579e-26
3.067813   4.880646e-26
3.077250   4.848937e-26
3.086715   4.817450e-26
3.096209   4.786183e-26
3.105733   4.755135e-26
3.115285   4.724304e-26
3.124868   4.693688e-26
3.134479   4.663285e-26
3.144120   4.633095e-26
3.153791   4.603114e-26
3.163492   4.573343e-26
3.173222   4.543779e-26
3.182983   4.514420e-26
3.192773   4.485265e-26
3.202594   4.456312e-26
3.212444   4.427561e-26
3.222325   4.399008e-26
3.232237   4.370654e-26
3.242179   4.342496e-26
3.252151   4.314533e-26
3.262154   4.286762e-26
3.272188   4.259184e-26
3.282253   4.231797e-26
3.292349   4.204598e-26
3.302476   4.177586e-26
3.312634   4.150761e-26
3.322823   4.124120e-26
3.333043   4.097663e-26
3.343295   4.071388e-26
3.353579   4.045292e-26
3.363894   4.019376e-26
3.374241   3.993638e-26
3.384619   3.968076e-26
3.395030   3.942690e-26
3.405473   3.917477e-26
3.415947   3.892436e-26
3.426454   3.867567e-26
3.436994   3.842867e-26
3.447565   3.818336e-26
3.458169   3.793972e-26
3.468806   3.769774e-26
3.479476   3.745741e-26
3.490178   3.721871e-26
3.500914   3.698163e-26
3.511682   3.674617e-26
3.522483   3.651230e-26
3.533318   3.628002e-26
3.544186   3.604932e-26
3.555087   3.582017e-26
3.566022   3.559258e-26
3.576991   3.536653e-26
3.587993   3.514200e-26
3.599029   3.491899e-26
3.610100   3.469748e-26
3.621204   3.447747e-26
3.632342   3.425894e-26
3.643515   3.404188e-26
3.654721   3.382628e-26
3.665963   3.361212e-26
3.677239   3.339941e-26
3.688550   3.318812e-26
3.699895   3.297826e-26
3.711275   3.276979e-26
3.722691   3.256273e-26
3.734141   3.235704e-26
3.745627   3.215274e-26
3.757148   3.194979e-26
3.768704   3.174821e-26
3.780296   3.154796e-26
3.791924   3.134906e-26
3.803587   3.115147e-26
3.815287   3.095520e-26
3.827022   3.076024e-26
3.838793   3.056657e-26
3.850601   3.037419e-26
3.862445   3.018309e-26
3.874325   2.999325e-26
3.886242   2.980467e-26
3.898195   2.961734e-26
3.910186   2.943125e-26
3.922213   2.924639e-26
3.934277   2.906275e-26
3.946378   2.888032e-26
3.958517   2.869909e-26
3.970693   2.851906e-26
3.982906   2.834022e-26
3.995157   2.816255e-26
4.007446   2.798605e-26
4.019772   2.781072e-26
4.032136   2.763653e-26
4.044538   2.746349e-26
4.056979   2.729158e-26
4.069458   2.712080e-26
4.081975   2.695113e-26
4.094530   2.678258e-26
4.107124   2.661513e-26
4.119757   2.644878e-26
4.132429   2.628351e-26
4.145140   2.611932e-26
4.157890   2.595620e-26
4.170679   2.579415e-26
4.183507   2.563315e-26
4.196375   2.547319e-26
4.209282   2.531428e-26
4.222230   2.515641e-26
4.235217   2.499955e-26
4.248244   2.484372e-26
4.261310   2.468890e-26
4.274418   2.453508e-26
4.287565   2.438226e-26
4.300753   2.423042e-26
4.313982   2.407957e-26
4.327251   2.392970e-26
4.340561   2.378079e-26
4.353912   2.363285e-26
4.367304   2.348586e-26
4.380737   2.333982e-26
4.394211   2.319472e-26
4.407728   2.305056e-26
4.421285   2.290732e-26
4.434884   2.276500e-26
4.448525   2.262361e-26
4.462208   2.248312e-26
4.475934   2.234353e-26
4.489701   2.220484e-26
4.503510   2.206704e-26
4.517363   2.193012e-26
4.531257   2.179408e-26
4.545195   2.165891e-26
4.559175   2.152461e-26
4.573199   2.139116e-26
4.587265   2.125857e-26
4.601375   2.112683e-26
4.615528   2.099593e-26
4.629725   2.086586e-26
4.643965   2.073663e-26
4.658249   2.060821e-26
4.672578   2.048062e-26
4.686950   2.035384e-26
4.701366   2.022787e-26
4.715827   2.010270e-26
4.730332   1.997832e-26
4.744882   1.985474e-26
4.759476   1.973194e-26
4.774116   1.960992e-26
4.788800   1.948868e-26
4.803530   1.936820e-26
4.818305   1.924849e-26
4.833126   1.912954e-26
4.847992   1.901134e-26
4.862903   1.889389e-26
4.877861   1.877718e-26
4.892864   1.866121e-26
4.907914   1.854598e-26
4.923010   1.843147e-26
4.938153   1.831769e-26
4.953342   1.820463e-26
4.968578   1.809228e-26
4.983860   1.798064e-26
4.999190   1.786970e-26
5.014567   1.775946e-26
5.029991   1.764992e-26
5.045462   1.754107e-26
5.060981   1.743290e-26
5.076548   1.732541e-26
5.092163   1.721861e-26
5.107826   1.711247e-26
5.123537   1.700700e-26
5.139296   1.690219e-26
5.155104   1.679804e-26
5.170960   1.669455e-26
5.186865   1.659170e-26
5.202819   1.648950e-26
5.218822   1.638794e-26
5.234875   1.628702e-26
5.250977   1.618673e-26
5.267128   1.608707e-26
5.283329   1.598803e-26
5.299580   1.588962e-26
5.315880   1.579182e-26
5.332231   1.569463e-26
5.348632   1.559805e-26
5.365084   1.550207e-26
5.381586   1.540670e-26
5.398139   1.531192e-26
5.414743   1.521773e-26
5.431398   1.512413e-26
5.448104   1.503112e-26
5.464862   1.493869e-26
5.481671   1.484683e-26
5.498532   1.475554e-26
5.515445   1.466483e-26
5.532409   1.457468e-26
5.549426   1.448509e-26
5.566496   1.439607e-26
5.583617   1.430759e-26
5.600792   1.421967e-26
5.618019   1.413229e-26
5.635299   1.404546e-26
5.652633   1.395917e-26
5.670019   1.387342e-26
5.687459   1.378820e-26
5.704953   1.370351e-26
5.722501   1.361934e-26
5.740102   1.353570e-26
5.757758   1.345258e-26
5.775468   1.336998e-26
5.793233   1.328788e-26
5.811052   1.320630e-26
5.828926   1.312523e-26
5.846855   1.304466e-26
5.864839   1.296458e-26
5.882878   1.288501e-26
5.900973   1.280593e-26
5.919124   1.272734e-26
5.937330   1.264923e-26
5.955592   1.257162e-26
5.973911   1.249448e-26
5.992286   1.241782e-26
6.010717   1.234163e-26
6.029205   1.226592e-26
6.047751   1.219068e-26
6.066352   1.211590e-26
6.085012   1.204158e-26
6.103728   1.196773e-26
6.122503   1.189433e-26
6.141335   1.182139e-26
6.160224   1.174890e-26
6.179172   1.167685e-26
6.198179   1.160526e-26
6.217243   1.153410e-26
6.236367   1.146339e-26
6.255549   1.139311e-26
6.274790   1.132327e-26
6.294090   1.125385e-26
6.313450   1.118487e-26
6.332869   1.111632e-26
6.352348   1.104818e-26
6.371887   1.098047e-26
6.391486   1.091318e-26
6.411146   1.084630e-26
6.430866   1.077984e-26
6.450646   1.071378e-26
6.470487   1.064814e-26
6.490389   1.058290e-26
6.510353   1.051806e-26
6.530378   1.045362e-26
6.550464   1.038958e-26
6.570613   1.032593e-26
6.590823   1.026268e-26
6.611095   1.019982e-26
6.631430   1.013734e-26
6.651827   1.007525e-26
6.672288   1.001355e-26
6.692811   9.952220e-27
6.713397   9.891273e-27
6.734046   9.830700e-27
6.754759   9.770502e-27
6.775536   9.710675e-27
6.796376   9.651216e-27
6.817281   9.592123e-27
6.838250   9.533395e-27
6.859284   9.475029e-27
6.880382   9.417022e-27
6.901545   9.359373e-27
6.922773   9.302079e-27
6.944066   9.245137e-27
6.965426   9.188548e-27
6.986850   9.132306e-27
7.008341   9.076410e-27
7.029897   9.020859e-27
7.051520   8.965650e-27
7.073210   8.910781e-27
7.094966   8.856250e-27
7.116789   8.802054e-27
7.138679   8.748192e-27
7.160637   8.694661e-27
7.182662   8.641461e-27
7.204755   8.588588e-27
7.226916   8.536040e-27
7.249145   8.483815e-27
7.271442   8.431912e-27
7.293808   8.380328e-27
7.316243   8.329062e-27
7.338746   8.278111e-27
7.361319   8.227474e-27
7.383962   8.177148e-27
7.406674   8.127132e-27
7.429456   8.077424e-27
7.452307   8.028022e-27
7.475230   7.978923e-27
7.498222   7.930126e-27
7.521286   7.881630e-27
7.544420   7.833432e-27
7.567626   7.785530e-27
7.590903   7.737923e-27
7.614251   7.690609e-27
7.637672   7.643586e-27
7.661164   7.596852e-27
7.684729   7.550406e-27
7.708366   7.504245e-27
7.732076   7.458368e-27
7.755859   7.412773e-27
7.779714   7.367458e-27
7.803644   7.322422e-27
7.827647   7.277663e-27
7.851723   7.233179e-27
7.875874   7.188969e-27
7.900099   7.145030e-27
7.924399   7.101362e-27
7.948773   7.057962e-27
7.973222   7.014829e-27
7.997747   6.971962e-27
8.022347   6.929357e-27
8.047022   6.887015e-27
8.071774   6.844933e-27
8.096602   6.803110e-27
8.121506   6.761543e-27
8.146486   6.720233e-27
8.171544   6.679176e-27
8.196678   6.638372e-27
8.221890   6.597818e-27
8.247179   6.557514e-27
8.272546   6.517458e-27
8.297992   6.477647e-27
8.323515   6.438082e-27
8.349117   6.398760e-27
8.374798   6.359679e-27
8.400557   6.320839e-27
8.426396   6.282237e-27
8.452315   6.243873e-27
8.478313   6.205744e-27
8.504391   6.167850e-27
8.530549   6.130189e-27
8.556788   6.092759e-27
8.583107   6.055560e-27
8.609508   6.018589e-27
8.635990   5.981845e-27
8.662553   5.945327e-27
8.689197   5.909034e-27
8.715924   5.872964e-27
8.742733   5.837115e-27
8.769624   5.801487e-27
8.796598   5.766078e-27
8.823656   5.730886e-27
8.850796   5.695911e-27
8.878020   5.661151e-27
8.905327   5.626605e-27
8.932719   5.592271e-27
8.960195   5.558148e-27
8.987755   5.524234e-27
9.015400   5.490530e-27
9.043130   5.457032e-27
9.070945   5.423740e-27
9.098846   5.390653e-27
9.126833   5.357770e-27
9.154906   5.325089e-27
9.183065   5.292608e-27
9.211311   5.260327e-27
9.239644   5.228245e-27
9.268063   5.196360e-27
9.296571   5.164671e-27
9.325166   5.133177e-27
9.353848   5.101877e-27
9.382620   5.070768e-27
9.411479   5.039852e-27
9.440428   5.009125e-27
9.469465   4.978587e-27
9.498592   4.948238e-27
9.527808   4.918074e-27
9.557114   4.888097e-27
9.586510   4.858303e-27
9.615997   4.828693e-27
9.645575   4.799265e-27
9.675243   4.770018e-27
9.705003   4.740951e-27
9.734854   4.712062e-27
9.764797   4.683351e-27
9.794832   4.654817e-27
9.824960   4.626459e-27
9.855180   4.598274e-27
9.885493   4.570264e-27
9.915899   4.542425e-27
9.946399   4.514758e-27
9.976993   4.487261e-27
10.007681   4.459933e-27
10.038463   4.432773e-27
10.069340   4.405781e-27
10.100312   4.378954e-27
10.131379   4.352293e-27
10.162542   4.325795e-27
10.193800   4.299461e-27
10.225155   4.273288e-27
10.256606   4.247277e-27
10.288154   4.221426e-27
10.319799   4.195734e-27
10.351541   4.170200e-27
10.383381   4.144823e-27
10.415319   4.119602e-27
10.447355   4.094537e-27
10.479489   4.069626e-27
10.511723   4.044868e-27
10.544055   4.020263e-27
10.576487   3.995809e-27
10.609019   3.971506e-27
10.641651   3.947352e-27
10.674383   3.923347e-27
10.707216   3.899490e-27
10.740150   3.875779e-27
10.773185   3.852215e-27
10.806322   3.828796e-27
10.839560   3.805521e-27
10.872901   3.782390e-27
10.906345   3.759401e-27
10.939891   3.736553e-27
10.973541   3.713846e-27
11.007294   3.691279e-27
11.041151   3.668851e-27
11.075112   3.646562e-27
11.109177   3.624409e-27
11.143347   3.602394e-27
11.177623   3.580513e-27
11.212004   3.558768e-27
11.246490   3.537156e-27
11.281083   3.515678e-27
11.315782   3.494332e-27
11.350587   3.473118e-27
11.385500   3.452034e-27
11.420520   3.431081e-27
11.455648   3.410257e-27
11.490884   3.389560e-27
11.526229   3.368992e-27
11.561682   3.348550e-27
11.597244   3.328235e-27
11.632915   3.308045e-27
11.668696   3.287979e-27
11.704588   3.268037e-27
11.740589   3.248218e-27
11.776702   3.228521e-27
11.812925   3.208945e-27
11.849260   3.189491e-27
11.885707   3.170156e-27
11.922265   3.150941e-27
11.958937   3.131844e-27
11.995721   3.112866e-27
12.032618   3.094004e-27
12.069628   3.075258e-27
12.106753   3.056629e-27
12.143991   3.038114e-27
12.181345   3.019714e-27
12.218813   3.001427e-27
12.256396   2.983253e-27
12.294095   2.965191e-27
12.331910   2.947241e-27
12.369841   2.929402e-27
12.407889   2.911673e-27
12.446054   2.894053e-27
12.484336   2.876542e-27
12.522736   2.859140e-27
12.561254   2.841844e-27
12.599891   2.824656e-27
12.638646   2.807574e-27
12.677521   2.790598e-27
12.716515   2.773726e-27
12.755630   2.756959e-27
12.794864   2.740295e-27
12.834219   2.723734e-27
12.873696   2.707276e-27
12.913293   2.690919e-27
12.953013   2.674664e-27
12.992854   2.658509e-27
13.032818   2.642454e-27
13.072906   2.626498e-27
13.113116   2.610641e-27
13.153450   2.594882e-27
13.193908   2.579221e-27
13.234491   2.563656e-27
13.275198   2.548188e-27
13.316031   2.532815e-27
13.356989   2.517538e-27
13.398073   2.502355e-27
13.439284   2.487267e-27
13.480621   2.472271e-27
13.522086   2.457369e-27
13.563678   2.442558e-27
13.605398   2.427840e-27
13.647246   2.413213e-27
13.689223   2.398676e-27
13.731329   2.384229e-27
13.773565   2.369872e-27
13.815930   2.355604e-27
13.858426   2.341424e-27
13.901052   2.327332e-27
13.943810   2.313328e-27
13.986699   2.299410e-27
14.029720   2.285579e-27
14.072874   2.271833e-27
14.116160   2.258172e-27
14.159579   2.244597e-27
14.203132   2.231105e-27
14.246819   2.217698e-27
14.290640   2.204373e-27
14.334596   2.191131e-27
14.378687   2.177972e-27
14.422914   2.164894e-27
14.467277   2.151897e-27
14.511776   2.138981e-27
14.556412   2.126145e-27
14.601186   2.113389e-27
14.646097   2.100712e-27
14.691146   2.088114e-27
14.736334   2.075594e-27
14.781661   2.063152e-27
14.827127   2.050788e-27
14.872734   2.038500e-27
14.918480   2.026288e-27
14.964367   2.014153e-27
15.010395   2.002093e-27
15.056565   1.990108e-27
15.102877   1.978198e-27
15.149331   1.966361e-27
15.195929   1.954599e-27
15.242669   1.942909e-27
15.289553   1.931293e-27
15.336582   1.919748e-27
15.383755   1.908276e-27
15.431073   1.896875e-27
15.478537   1.885545e-27
15.526147   1.874286e-27
15.573903   1.863096e-27
15.621806   1.851977e-27
15.669857   1.840927e-27
15.718055   1.829946e-27
15.766401   1.819033e-27
15.814897   1.808188e-27
15.863541   1.797411e-27
15.912335   1.786701e-27
15.961279   1.776058e-27
16.010374   1.765482e-27
16.059619   1.754971e-27
16.109016   1.744527e-27
16.158565   1.734147e-27
16.208267   1.723832e-27
16.258121   1.713582e-27
16.308129   1.703396e-27
16.358290   1.693273e-27
16.408606   1.683214e-27
16.459077   1.673217e-27
16.509702   1.663284e-27
16.560484   1.653412e-27
16.611422   1.643602e-27
16.662516   1.633853e-27
16.713768   1.624166e-27
16.765177   1.614539e-27
16.816744   1.604972e-27
16.868470   1.595466e-27
16.920355   1.586019e-27
16.972400   1.576631e-27
17.024604   1.567302e-27
17.076970   1.558031e-27
17.129496   1.548819e-27
17.182184   1.539664e-27
17.235034   1.530567e-27
17.288046   1.521527e-27
17.341222   1.512544e-27
17.394561   1.503617e-27
17.448064   1.494746e-27
17.501732   1.485931e-27
17.555565   1.477171e-27
17.609563   1.468467e-27
17.663728   1.459817e-27
17.718059   1.451221e-27
17.772557   1.442680e-27
17.827223   1.434192e-27
17.882057   1.425758e-27
17.937060   1.417377e-27
17.992231   1.409048e-27
18.047573   1.400772e-27
18.103085   1.392549e-27
18.158767   1.384377e-27
18.214621   1.376256e-27
18.270647   1.368187e-27
18.326845   1.360169e-27
18.383215   1.352201e-27
18.439759   1.344284e-27
18.496478   1.336416e-27
18.553370   1.328598e-27
18.610438   1.320830e-27
18.667681   1.313111e-27
18.725100   1.305440e-27
18.782696   1.297818e-27
18.840468   1.290245e-27
18.898419   1.282719e-27
18.956548   1.275241e-27
19.014856   1.267810e-27
19.073343   1.260426e-27
19.132009   1.253089e-27
19.190857   1.245799e-27
19.249885   1.238555e-27
19.309095   1.231356e-27
19.368487   1.224204e-27
19.428062   1.217097e-27
19.487820   1.210034e-27
19.547762   1.203017e-27
19.607888   1.196045e-27
19.668199   1.189116e-27
19.728695   1.182232e-27
19.789378   1.175392e-27
19.850247   1.168595e-27
19.911304   1.161841e-27
19.972548   1.155130e-27
20.033981   1.148462e-27
20.095603   1.141837e-27
20.157414   1.135254e-27
20.219415   1.128713e-27
20.281607   1.122213e-27
20.343991   1.115755e-27
20.406566   1.109339e-27
20.469333   1.102963e-27
20.532294   1.096628e-27
20.595449   1.090333e-27
20.658797   1.084079e-27
20.722341   1.077865e-27
20.786080   1.071691e-27
20.850015   1.065556e-27
20.914147   1.059460e-27
20.978475   1.053404e-27
21.043002   1.047386e-27
21.107728   1.041407e-27
21.172652   1.035466e-27
21.237776   1.029564e-27
21.303100   1.023699e-27
21.368626   1.017872e-27
21.434353   1.012083e-27
21.500282   1.006331e-27
21.566413   1.000616e-27
21.632749   9.949374e-28
21.699288   9.892957e-28
21.766032   9.836903e-28
21.832981   9.781211e-28
21.900136   9.725878e-28
21.967498   9.670902e-28
22.035067   9.616281e-28
22.102844   9.562014e-28
22.170829   9.508097e-28
22.239023   9.454529e-28
22.307427   9.401308e-28
22.376042   9.348431e-28
22.444867   9.295897e-28
22.513904   9.243703e-28
22.583154   9.191848e-28
22.652617   9.140330e-28
22.722293   9.089146e-28
22.792183   9.038295e-28
22.862289   8.987774e-28
22.932610   8.937581e-28
23.003147   8.887716e-28
23.073902   8.838175e-28
23.144874   8.788957e-28
23.216064   8.740060e-28
23.287474   8.691481e-28
23.359102   8.643220e-28
23.430952   8.595273e-28
23.503022   8.547641e-28
23.575314   8.500319e-28
23.647828   8.453307e-28
23.720566   8.406603e-28
23.793527   8.360205e-28
23.866712   8.314111e-28
23.940123   8.268319e-28
24.013759   8.222828e-28
24.087622   8.177635e-28
24.161712   8.132740e-28
24.236030   8.088139e-28
24.310577   8.043832e-28
24.385353   7.999817e-28
24.460359   7.956092e-28
24.535595   7.912654e-28
24.611063   7.869504e-28
24.686763   7.826638e-28
24.762696   7.784056e-28
24.838863   7.741755e-28
24.915264   7.699734e-28
24.991900   7.657990e-28
25.068771   7.616524e-28
25.145879   7.575332e-28
25.223224   7.534414e-28
25.300807   7.493767e-28
25.378629   7.453390e-28
25.456690   7.413282e-28
25.534991   7.373440e-28
25.613533   7.333864e-28
25.692317   7.294551e-28
25.771343   7.255501e-28
25.850612   7.216711e-28
25.930124   7.178180e-28
26.009882   7.139906e-28
26.089885   7.101889e-28
26.170133   7.064125e-28
26.250629   7.026615e-28
26.331372   6.989356e-28
26.412364   6.952348e-28
26.493604   6.915587e-28
26.575095   6.879074e-28
26.656836   6.842806e-28
26.738829   6.806782e-28
26.821074   6.771001e-28
26.903571   6.735461e-28
26.986323   6.700161e-28
27.069329   6.665099e-28
27.152591   6.630274e-28
27.236108   6.595685e-28
27.319882   6.561330e-28
27.403915   6.527207e-28
27.488205   6.493316e-28
27.572755   6.459655e-28
27.657565   6.426222e-28
27.742636   6.393017e-28
27.827968   6.360037e-28
27.913563   6.327282e-28
27.999421   6.294751e-28
28.085543   6.262441e-28
28.171930   6.230352e-28
28.258583   6.198482e-28
28.345503   6.166830e-28
28.432689   6.135395e-28
28.520144   6.104176e-28
28.607868   6.073170e-28
28.695862   6.042377e-28
28.784126   6.011796e-28
28.872662   5.981425e-28
28.961470   5.951263e-28
29.050552   5.921310e-28
29.139907   5.891562e-28
29.229537   5.862020e-28
29.319443   5.832682e-28
29.409626   5.803547e-28
29.500085   5.774614e-28
29.590824   5.745881e-28
29.681841   5.717348e-28
29.773138   5.689013e-28
29.864716   5.660875e-28
29.956575   5.632932e-28
30.048718   5.605184e-28
30.141143   5.577629e-28
30.233853   5.550267e-28
30.326848   5.523096e-28
30.420129   5.496115e-28
30.513697   5.469323e-28
30.607553   5.442718e-28
30.701697   5.416300e-28
30.796131   5.390067e-28
30.890856   5.364019e-28
30.985872   5.338154e-28
31.081180   5.312471e-28
31.176781   5.286970e-28
31.272677   5.261648e-28
31.368867   5.236505e-28
31.465353   5.211540e-28
31.562136   5.186751e-28
31.659217   5.162139e-28
31.756596   5.137700e-28
31.854275   5.113436e-28
31.952254   5.089344e-28
32.050535   5.065423e-28
32.149118   5.041673e-28
32.248004   5.018092e-28
32.347194   4.994680e-28
32.446689   4.971435e-28
32.546491   4.948356e-28
32.646599   4.925442e-28
32.747015   4.902693e-28
32.847741   4.880108e-28
32.948776   4.857684e-28
33.050121   4.835422e-28
33.151779   4.813320e-28
33.253749   4.791378e-28
33.356033   4.769594e-28
33.458631   4.747967e-28
33.561545   4.726497e-28
33.664776   4.705182e-28
33.768324   4.684022e-28
33.872190   4.663015e-28
33.976376   4.642162e-28
34.080883   4.621460e-28
34.185711   4.600908e-28
34.290861   4.580507e-28
34.396335   4.560254e-28
34.502133   4.540150e-28
34.608257   4.520192e-28
34.714707   4.500381e-28
34.821485   4.480715e-28
34.928590   4.461194e-28
35.036026   4.441816e-28
35.143792   4.422580e-28
35.251889   4.403486e-28
35.360319   4.384534e-28
35.469082   4.365721e-28
35.578180   4.347047e-28
35.687613   4.328511e-28
35.797383   4.310113e-28
35.907491   4.291851e-28
36.017937   4.273724e-28
36.128724   4.255733e-28
36.239850   4.237875e-28
36.351319   4.220151e-28
36.463130   4.202559e-28
36.575286   4.185098e-28
36.687786   4.167768e-28
36.800633   4.150567e-28
36.913826   4.133496e-28
37.027368   4.116552e-28
37.141259   4.099736e-28
37.255500   4.083046e-28
37.370093   4.066482e-28
37.485038   4.050043e-28
37.600336   4.033728e-28
37.715990   4.017536e-28
37.831999   4.001467e-28
37.948365   3.985519e-28
38.065088   3.969692e-28
38.182171   3.953986e-28
38.299614   3.938398e-28
38.417418   3.922930e-28
38.535585   3.907579e-28
38.654115   3.892345e-28
38.773009   3.877228e-28
38.892270   3.862226e-28
39.011897   3.847338e-28
39.131892   3.832565e-28
39.252256   3.817905e-28
39.372990   3.803358e-28
39.494096   3.788923e-28
39.615574   3.774598e-28
39.737426   3.760384e-28
39.859653   3.746280e-28
39.982255   3.732284e-28
40.105235   3.718397e-28
40.228593   3.704617e-28
40.352331   3.690943e-28
40.476449   3.677376e-28
40.600948   3.663914e-28
40.725831   3.650557e-28
40.851098   3.637303e-28
40.976750   3.624153e-28
41.102789   3.611106e-28
41.229215   3.598160e-28
41.356030   3.585315e-28
41.483236   3.572571e-28
41.610832   3.559927e-28
41.738821   3.547381e-28
41.867204   3.534934e-28
41.995982   3.522585e-28
42.125155   3.510333e-28
42.254726   3.498178e-28
42.384696   3.486118e-28
42.515065   3.474153e-28
42.645835   3.462283e-28
42.777008   3.450507e-28
42.908584   3.438823e-28
43.040565   3.427233e-28
43.172951   3.415734e-28
43.305745   3.404326e-28
43.438947   3.393009e-28
43.572559   3.381782e-28
43.706582   3.370645e-28
43.841018   3.359596e-28
43.975866   3.348635e-28
44.111130   3.337762e-28
44.246810   3.326976e-28
44.382906   3.316275e-28
44.519422   3.305661e-28
44.656357   3.295132e-28
44.793714   3.284687e-28
44.931493   3.274325e-28
45.069696   3.264048e-28
45.208324   3.253852e-28
45.347378   3.243739e-28
45.486860   3.233708e-28
45.626772   3.223757e-28
45.767113   3.213886e-28
45.907886   3.204096e-28
46.049092   3.194384e-28
46.190733   3.184751e-28
46.332809   3.175196e-28
46.475322   3.165719e-28
46.618273   3.156318e-28
46.761665   3.146994e-28
46.905497   3.137745e-28
47.049772   3.128572e-28
47.194490   3.119473e-28
47.339654   3.110449e-28
47.485264   3.101498e-28
47.631321   3.092620e-28
47.777829   3.083815e-28
47.924786   3.075081e-28
48.072196   3.066419e-28
48.220060   3.057828e-28
48.368378   3.049308e-28
48.517152   3.040857e-28
48.666384   3.032475e-28
48.816075   3.024162e-28
48.966226   3.015918e-28
49.116839   3.007741e-28
49.267916   2.999632e-28
49.419457   2.991589e-28
49.571464   2.983612e-28
49.723939   2.975702e-28
49.876882   2.967856e-28
50.030297   2.960076e-28
50.184183   2.952359e-28
50.338542   2.944707e-28
50.493376   2.937117e-28
50.648687   2.929591e-28
50.804475   2.922126e-28
50.960742   2.914724e-28
51.117490   2.907383e-28
51.274720   2.900103e-28
51.432434   2.892883e-28
51.590633   2.885723e-28
51.749319   2.878623e-28
51.908492   2.871582e-28
52.068155   2.864599e-28
52.228309   2.857674e-28
52.388956   2.850807e-28
52.550097   2.843998e-28
52.711734   2.837245e-28
52.873868   2.830548e-28
53.036500   2.823907e-28
53.199633   2.817322e-28
53.363268   2.810792e-28
53.527405   2.804316e-28
53.692048   2.797894e-28
53.857197   2.791526e-28
54.022854   2.785212e-28
54.189021   2.778950e-28
54.355699   2.772741e-28
54.522889   2.766583e-28
54.690594   2.760478e-28
54.858814   2.754423e-28
55.027552   2.748419e-28
55.196809   2.742466e-28
55.366587   2.736563e-28
55.536886   2.730709e-28
55.707710   2.724904e-28
55.879059   2.719148e-28
56.050935   2.713441e-28
56.223340   2.707782e-28
56.396275   2.702170e-28
56.569742   2.696605e-28
56.743742   2.691087e-28
56.918278   2.685616e-28
57.093350   2.680191e-28
57.268961   2.674811e-28
57.445113   2.669477e-28
57.621806   2.664188e-28
57.799042   2.658943e-28
57.976824   2.653743e-28
58.155152   2.648586e-28
58.334029   2.643473e-28
58.513456   2.638403e-28
58.693435   2.633376e-28
58.873968   2.628392e-28
59.055056   2.623449e-28
59.236701   2.618548e-28
59.418905   2.613689e-28
59.601669   2.608871e-28
59.784995   2.604093e-28
59.968885   2.599356e-28
60.153341   2.594659e-28
60.338364   2.590002e-28
60.523956   2.585384e-28
60.710119   2.580805e-28
60.896855   2.576265e-28
61.084165   2.571763e-28
61.272051   2.567299e-28
61.460516   2.562874e-28
61.649559   2.558485e-28
61.839185   2.554134e-28
62.029393   2.549820e-28
62.220187   2.545542e-28
62.411567   2.541301e-28
62.603536   2.537095e-28
62.796096   2.532925e-28
62.989248   2.528791e-28
63.182994   2.524691e-28
63.377336   2.520627e-28
63.572275   2.516597e-28
63.767815   2.512600e-28
63.963955   2.508638e-28
64.160699   2.504710e-28
64.358049   2.500815e-28
64.556005   2.496952e-28
64.754570   2.493123e-28
64.953746   2.489326e-28
65.153534   2.485562e-28
65.353937   2.481829e-28
65.554957   2.478128e-28
65.756594   2.474458e-28
65.958852   2.470820e-28
66.161732   2.467212e-28
66.365237   2.463636e-28
66.569367   2.460089e-28
66.774125   2.456573e-28
66.979512   2.453086e-28
67.185532   2.449629e-28
67.392185   2.446202e-28
67.599474   2.442804e-28
67.807400   2.439434e-28
68.015966   2.436093e-28
68.225173   2.432781e-28
68.435024   2.429497e-28
68.645521   2.426241e-28
68.856665   2.423012e-28
69.068458   2.419811e-28
69.280903   2.416637e-28
69.494001   2.413490e-28
69.707755   2.410370e-28
69.922166   2.407277e-28
70.137236   2.404210e-28
70.352969   2.401169e-28
70.569364   2.398154e-28
70.786426   2.395165e-28
71.004155   2.392201e-28
71.222553   2.389262e-28
71.441624   2.386349e-28
71.661368   2.383460e-28
71.881788   2.380596e-28
72.102886   2.377756e-28
72.324665   2.374941e-28
72.547125   2.372150e-28
72.770270   2.369382e-28
72.994101   2.366638e-28
73.218620   2.363918e-28
73.443830   2.361221e-28
73.669733   2.358547e-28
73.896331   2.355896e-28
74.123625   2.353267e-28
74.351619   2.350661e-28
74.580314   2.348078e-28
74.809713   2.345516e-28
75.039817   2.342977e-28
75.270628   2.340459e-28
75.502150   2.337963e-28
75.734384   2.335488e-28
75.967332   2.333035e-28
76.200997   2.330603e-28
76.435380   2.328191e-28
76.670485   2.325801e-28
76.906312   2.323431e-28
77.142865   2.321081e-28
77.380146   2.318752e-28
77.618156   2.316442e-28
77.856898   2.314153e-28
78.096375   2.311883e-28
78.336589   2.309633e-28
78.577541   2.307403e-28
78.819234   2.305192e-28
79.061671   2.303000e-28
79.304853   2.300827e-28
79.548784   2.298673e-28
79.793465   2.296537e-28
80.038898   2.294420e-28
80.285086   2.292322e-28
80.532032   2.290242e-28
80.779737   2.288180e-28
81.028204   2.286136e-28
81.277435   2.284110e-28
81.527433   2.282101e-28
81.778200   2.280110e-28
82.029738   2.278137e-28
82.282050   2.276181e-28
82.535138   2.274242e-28
82.789004   2.272320e-28
83.043651   2.270415e-28
83.299082   2.268527e-28
83.555298   2.266656e-28
83.812302   2.264801e-28
84.070097   2.262963e-28
84.328684   2.261140e-28
84.588067   2.259335e-28
84.848248   2.257545e-28
85.109230   2.255771e-28
85.371013   2.254013e-28
85.633603   2.252270e-28
85.896999   2.250544e-28
86.161206   2.248832e-28
86.426226   2.247137e-28
86.692061   2.245456e-28
86.958713   2.243791e-28
87.226186   2.242140e-28
87.494481   2.240505e-28
87.763602   2.238884e-28
88.033550   2.237278e-28
88.304329   2.235687e-28
88.575940   2.234111e-28
88.848387   2.232548e-28
89.121672   2.231001e-28
89.395798   2.229467e-28
89.670767   2.227947e-28
89.946581   2.226442e-28
90.223244   2.224951e-28
90.500758   2.223473e-28
90.779126   2.222009e-28
91.058349   2.220559e-28
91.338432   2.219122e-28
91.619376   2.217699e-28
91.901184   2.216289e-28
92.183859   2.214893e-28
92.467404   2.213510e-28
92.751820   2.212140e-28
93.037112   2.210783e-28
93.323280   2.209439e-28
93.610330   2.208108e-28
93.898262   2.206790e-28
94.187079   2.205484e-28
94.476786   2.204192e-28
94.767383   2.202911e-28
95.058874   2.201644e-28
95.351261   2.200388e-28
95.644548   2.199145e-28
95.938737   2.197915e-28
96.233831   2.196696e-28
96.529833   2.195490e-28
96.826745   2.194296e-28
97.124570   2.193114e-28
97.423312   2.191943e-28
97.722972   2.190785e-28
98.023554   2.189638e-28
98.325060   2.188503e-28
98.627494   2.187380e-28
98.930858   2.186268e-28
99.235156   2.185168e-28
99.540389   2.184080e-28
99.846561   2.183002e-28
100.153670   2.181936e-28
100.461730   2.180882e-28
100.770740   2.179838e-28
101.080700   2.178806e-28
101.391610   2.177785e-28
101.703470   2.176775e-28
102.016300   2.175776e-28
102.330080   2.174788e-28
102.644840   2.173811e-28
102.960560   2.172844e-28
103.277250   2.171889e-28
103.594920   2.170944e-28
103.913560   2.170010e-28
104.233180   2.169086e-28
104.553790   2.168173e-28
104.875380   2.167271e-28
105.197960   2.166379e-28
105.521540   2.165497e-28
105.846110   2.164626e-28
106.171680   2.163765e-28
106.498240   2.162915e-28
106.825820   2.162074e-28
107.154400   2.161244e-28
107.483990   2.160424e-28
107.814600   2.159615e-28
108.146220   2.158815e-28
108.478860   2.158025e-28
108.812530   2.157246e-28
109.147220   2.156476e-28
109.482940   2.155716e-28
109.819690   2.154966e-28
110.157480   2.154226e-28
110.496310   2.153496e-28
110.836180   2.152775e-28
111.177100   2.152065e-28
111.519060   2.151363e-28
111.862080   2.150672e-28
112.206150   2.149990e-28
112.551280   2.149318e-28
112.897470   2.148656e-28
113.244730   2.148002e-28
113.593060   2.147359e-28
113.942450   2.146725e-28
114.292920   2.146100e-28
114.644470   2.145485e-28
114.997100   2.144879e-28
115.350820   2.144282e-28
115.705620   2.143695e-28
116.061510   2.143117e-28
116.418500   2.142549e-28
116.776590   2.141989e-28
117.135780   2.141439e-28
117.496070   2.140898e-28
117.857470   2.140366e-28
118.219980   2.139844e-28
118.583610   2.139330e-28
118.948360   2.138826e-28
119.314230   2.138330e-28
119.681220   2.137844e-28
120.049340   2.137367e-28
120.418600   2.136898e-28
120.788990   2.136439e-28
121.160520   2.135989e-28
121.533190   2.135547e-28
121.907010   2.135115e-28
122.281980   2.134692e-28
122.658100   2.134277e-28
123.035380   2.133871e-28
123.413820   2.133474e-28
123.793420   2.133086e-28
124.174190   2.132707e-28
124.556130   2.132337e-28
124.939250   2.131975e-28
125.323550   2.131623e-28
125.709020   2.131279e-28
126.095690   2.130944e-28
126.483540   2.130617e-28
126.872590   2.130299e-28
127.262830   2.129991e-28
127.654270   2.129690e-28
128.046920   2.129399e-28
128.440770   2.129116e-28
128.835840   2.128842e-28
129.232120   2.128576e-28
129.629620   2.128320e-28
130.028340   2.128071e-28
130.428290   2.127832e-28
130.829470   2.127601e-28
131.231880   2.127379e-28
131.635530   2.127165e-28
132.040420   2.126960e-28
132.446560   2.126764e-28
132.853950   2.126576e-28
133.262590   2.126397e-28
133.672480   2.126227e-28
134.083640   2.126065e-28
134.496060   2.125911e-28
134.909750   2.125767e-28
135.324720   2.125631e-28
135.740960   2.125503e-28
136.158480   2.125384e-28
136.577280   2.125274e-28
136.997370   2.125172e-28
137.418760   2.125079e-28
137.841440   2.124994e-28
138.265420   2.124918e-28
138.690700   2.124850e-28
139.117300   2.124791e-28
139.545200   2.124741e-28
139.974420   2.124699e-28
140.404960   2.124666e-28
140.836830   2.124641e-28
141.270020   2.124625e-28
141.704550   2.124618e-28
142.140410   2.124619e-28
142.577620   2.124629e-28
143.016170   2.124647e-28
143.456060   2.124674e-28
143.897310   2.124709e-28
144.339920   2.124754e-28
144.783890   2.124806e-28
145.229220   2.124868e-28
145.675930   2.124938e-28
146.124010   2.125016e-28
146.573460   2.125103e-28
147.024300   2.125199e-28
147.476530   2.125304e-28
147.930150   2.125417e-28
148.385160   2.125539e-28
148.841570   2.125670e-28
149.299390   2.125809e-28
149.758610   2.125957e-28
150.219250   2.126113e-28
150.681300   2.126279e-28
151.144770   2.126453e-28
151.609670   2.126635e-28
152.076000   2.126827e-28
152.543770   2.127027e-28
153.012970   2.127236e-28
153.483620   2.127454e-28
153.955710   2.127681e-28
154.429260   2.127916e-28
154.904260   2.128160e-28
155.380720   2.128413e-28
155.858650   2.128675e-28
156.338050   2.128946e-28
156.818920   2.129225e-28
157.301280   2.129513e-28
157.785110   2.129811e-28
158.270440   2.130117e-28
158.757250   2.130432e-28
159.245570   2.130756e-28
159.735390   2.131089e-28
160.226710   2.131431e-28
160.719540   2.131782e-28
161.213890   2.132142e-28
161.709760   2.132511e-28
162.207160   2.132889e-28
162.706090   2.133276e-28
163.206550   2.133672e-28
163.708550   2.134077e-28
164.212090   2.134491e-28
164.717190   2.134915e-28
165.223830   2.135347e-28
165.732040   2.135789e-28
166.241810   2.136239e-28
166.753140   2.136699e-28
167.266050   2.137169e-28
167.780540   2.137647e-28
168.296610   2.138135e-28
168.814260   2.138632e-28
169.333510   2.139138e-28
169.854360   2.139653e-28
170.376810   2.140178e-28
170.900860   2.140712e-28
171.426530   2.141256e-28
171.953810   2.141809e-28
172.482720   2.142371e-28
173.013250   2.142943e-28
173.545410   2.143524e-28
174.079210   2.144115e-28
174.614660   2.144715e-28
175.151750   2.145325e-28
175.690490   2.145944e-28
176.230890   2.146573e-28
176.772950   2.147212e-28
177.316680   2.147860e-28
177.862080   2.148518e-28
178.409160   2.149185e-28
178.957920   2.149862e-28
179.508370   2.150549e-28
180.060510   2.151246e-28
180.614350   2.151952e-28
181.169890   2.152668e-28
181.727150   2.153394e-28
182.286110   2.154130e-28
182.846800   2.154876e-28
183.409210   2.155632e-28
183.973350   2.156397e-28
184.539230   2.157173e-28
185.106840   2.157958e-28
185.676210   2.158754e-28
186.247320   2.159560e-28
186.820190   2.160375e-28
187.394820   2.161201e-28
187.971220   2.162037e-28
188.549390   2.162883e-28
189.129350   2.163739e-28
189.711080   2.164605e-28
190.294600   2.165482e-28
190.879920   2.166369e-28
191.467040   2.167266e-28
192.055970   2.168174e-28
192.646710   2.169092e-28
193.239260   2.170020e-28
193.833640   2.170959e-28
194.429840   2.171908e-28
195.027880   2.172868e-28
195.627760   2.173838e-28
196.229480   2.174819e-28
196.833050   2.175811e-28
197.438490   2.176813e-28
198.045780   2.177825e-28
198.654940   2.178849e-28
199.265970   2.179883e-28
199.878890   2.180928e-28
200.493690   2.181983e-28
201.110380   2.183050e-28
201.728960   2.184127e-28
202.349450   2.185215e-28
202.971850   2.186314e-28
203.596160   2.187424e-28
204.222400   2.188545e-28
204.850560   2.189677e-28
205.480650   2.190820e-28
206.112680   2.191974e-28
206.746650   2.193140e-28
207.382570   2.194316e-28
208.020450   2.195504e-28
208.660290   2.196703e-28
209.302100   2.197913e-28
209.945890   2.199134e-28
210.591650   2.200367e-28
211.239400   2.201611e-28
211.889140   2.202867e-28
212.540880   2.204134e-28
213.194630   2.205413e-28
213.850390   2.206703e-28
214.508160   2.208004e-28
215.167960   2.209318e-28
215.829780   2.210642e-28
216.493640   2.211979e-28
217.159550   2.213327e-28
217.827500   2.214687e-28
218.497500   2.216059e-28
219.169570   2.217443e-28
219.843710   2.218838e-28
220.519910   2.220246e-28
221.198200   2.221665e-28
221.878580   2.223097e-28
222.561040   2.224540e-28
223.245610   2.225996e-28
223.932280   2.227463e-28
224.621070   2.228943e-28
225.311970   2.230435e-28
226.005000   2.231939e-28
226.700160   2.233456e-28
227.397450   2.234985e-28
228.096890   2.236526e-28
228.798490   2.238079e-28
229.502240   2.239645e-28
230.208160   2.241224e-28
230.916240   2.242815e-28
231.626510   2.244419e-28
232.338960   2.246035e-28
233.053600   2.247664e-28
233.770440   2.249305e-28
234.489490   2.250960e-28
235.210740   2.252627e-28
235.934220   2.254307e-28
236.659920   2.255999e-28
237.387850   2.257705e-28
238.118020   2.259424e-28
238.850440   2.261155e-28
239.585110   2.262900e-28
240.322040   2.264658e-28
241.061230   2.266429e-28
241.802700   2.268213e-28
242.546460   2.270010e-28
243.292490   2.271821e-28
244.040830   2.273645e-28
244.791460   2.275482e-28
245.544410   2.277333e-28
246.299670   2.279197e-28
247.057250   2.281075e-28
247.817160   2.282966e-28
248.579410   2.284871e-28
249.344010   2.286790e-28
250.110950   2.288722e-28
250.880260   2.290668e-28
251.651930   2.292627e-28
252.425980   2.294601e-28
253.202400   2.296588e-28
253.981220   2.298589e-28
254.762430   2.300605e-28
255.546040   2.302634e-28
256.332060   2.304677e-28
257.120500   2.306735e-28
257.911370   2.308806e-28
258.704670   2.310892e-28
259.500410   2.312992e-28
260.298590   2.315107e-28
261.099240   2.317235e-28
261.902340   2.319378e-28
262.707920   2.321536e-28
263.515970   2.323708e-28
264.326500   2.325895e-28
265.139540   2.328096e-28
265.955070   2.330312e-28
266.773110   2.332543e-28
267.593660   2.334788e-28
268.416740   2.337048e-28
269.242360   2.339323e-28
270.070510   2.341613e-28
270.901210   2.343918e-28
271.734460   2.346238e-28
272.570280   2.348573e-28
273.408660   2.350923e-28
274.249630   2.353288e-28
275.093180   2.355668e-28
275.939330   2.358064e-28
276.788080   2.360475e-28
277.639440   2.362902e-28
278.493420   2.365343e-28
279.350030   2.367801e-28
280.209270   2.370273e-28
281.071150   2.372762e-28
281.935690   2.375266e-28
282.802880   2.377785e-28
283.672740   2.380321e-28
284.545280   2.382872e-28
285.420500   2.385439e-28
286.298410   2.388022e-28
287.179030   2.390621e-28
288.062350   2.393236e-28
288.948390   2.395866e-28
289.837150   2.398514e-28
290.728650   2.401177e-28
291.622890   2.403856e-28
292.519880   2.406552e-28
293.419630   2.409264e-28
294.322150   2.411992e-28
295.227440   2.414737e-28
296.135520   2.417498e-28
297.046390   2.420276e-28
297.960060   2.423070e-28
298.876540   2.425882e-28
299.795840   2.428709e-28
300.717970   2.431554e-28
301.642940   2.434415e-28
302.570750   2.437294e-28
303.501420   2.440189e-28
304.434940   2.443101e-28
305.371340   2.446030e-28
306.310620   2.448977e-28
307.252790   2.451940e-28
308.197850   2.454921e-28
309.145830   2.457919e-28
310.096720   2.460934e-28
311.050530   2.463967e-28
312.007280   2.467017e-28
312.966970   2.470085e-28
313.929610   2.473170e-28
314.895210   2.476273e-28
315.863780   2.479393e-28
316.835340   2.482531e-28
317.809880   2.485688e-28
318.787410   2.488861e-28
319.767960   2.492053e-28
320.751520   2.495263e-28
321.738110   2.498491e-28
322.727730   2.501737e-28
323.720390   2.505001e-28
324.716110   2.508283e-28
325.714890   2.511583e-28
326.716740   2.514902e-28
327.721680   2.518239e-28
328.729700   2.521595e-28
329.740830   2.524969e-28
330.755060   2.528361e-28
331.772420   2.531773e-28
332.792900   2.535203e-28
333.816530   2.538651e-28
334.843300   2.542119e-28
335.873230   2.545605e-28
336.906330   2.549110e-28
337.942610   2.552634e-28
338.982070   2.556178e-28
340.024730   2.559740e-28
341.070600   2.563322e-28
342.119680   2.566922e-28
343.171990   2.570542e-28
344.227540   2.574182e-28
345.286340   2.577841e-28
346.348390   2.581519e-28
347.413710   2.585216e-28
348.482300   2.588934e-28
349.554180   2.592671e-28
350.629360   2.596428e-28
351.707850   2.600204e-28
352.789650   2.604001e-28
353.874780   2.607817e-28
354.963250   2.611653e-28
356.055070   2.615509e-28
357.150240   2.619386e-28
358.248790   2.623282e-28
359.350710   2.627199e-28
360.456020   2.631136e-28
361.564730   2.635093e-28
362.676850   2.639071e-28
363.792400   2.643069e-28
364.911370   2.647088e-28
366.033790   2.651127e-28
367.159650   2.655187e-28
368.288980   2.659268e-28
369.421790   2.663369e-28
370.558080   2.667492e-28
371.697860   2.671635e-28
372.841150   2.675799e-28
373.987960   2.679985e-28
375.138290   2.684191e-28
376.292160   2.688419e-28
377.449590   2.692667e-28
378.610570   2.696938e-28
379.775120   2.701229e-28
380.943250   2.705542e-28
382.114980   2.709877e-28
383.290310   2.714233e-28
384.469260   2.718610e-28
385.651830   2.723010e-28
386.838040   2.727431e-28
388.027900   2.731874e-28
389.221420   2.736339e-28
390.418610   2.740826e-28
391.619480   2.745335e-28
392.824050   2.749866e-28
394.032320   2.754419e-28
395.244310   2.758995e-28
396.460020   2.763592e-28
397.679480   2.768212e-28
398.902680   2.772855e-28
400.129650   2.777520e-28
401.360390   2.782208e-28
402.594920   2.786918e-28
403.833240   2.791651e-28
405.075380   2.796407e-28
406.321330   2.801185e-28
407.571120   2.805987e-28
408.824750   2.810811e-28
410.082240   2.815659e-28
411.343590   2.820530e-28
412.608830   2.825424e-28
413.877950   2.830341e-28
415.150980   2.835281e-28
416.427930   2.840245e-28
417.708800   2.845232e-28
418.993610   2.850243e-28
420.282380   2.855278e-28
421.575110   2.860336e-28
422.871810   2.865418e-28
424.172510   2.870524e-28
425.477200   2.875653e-28
426.785910   2.880807e-28
428.098640   2.885984e-28
429.415410   2.891186e-28
430.736230   2.896412e-28
432.061110   2.901662e-28
433.390070   2.906937e-28
434.723120   2.912235e-28
436.060270   2.917559e-28
437.401530   2.922907e-28
438.746910   2.928279e-28
440.096430   2.933676e-28
441.450110   2.939098e-28
442.807950   2.944545e-28
444.169960   2.950016e-28
445.536160   2.955513e-28
446.906570   2.961034e-28
448.281190   2.966581e-28
449.660040   2.972152e-28
451.043130   2.977750e-28
452.430470   2.983372e-28
453.822090   2.989020e-28
455.217980   2.994693e-28
456.618160   3.000392e-28
458.022660   3.006116e-28
459.431470   3.011866e-28
460.844620   3.017642e-28
462.262110   3.023444e-28
463.683960   3.029271e-28
465.110190   3.035125e-28
466.540800   3.041005e-28
467.975810   3.046910e-28
469.415240   3.052842e-28
470.859100   3.058801e-28
472.307390   3.064785e-28
473.760140   3.070797e-28
475.217360   3.076834e-28
476.679060   3.082898e-28
478.145260   3.088989e-28
479.615970   3.095107e-28
481.091200   3.101251e-28
482.570960   3.107423e-28
484.055280   3.113621e-28
485.544170   3.119846e-28
487.037630   3.126099e-28
488.535690   3.132379e-28
490.038360   3.138686e-28
491.545650   3.145020e-28
493.057570   3.151382e-28
494.574150   3.157771e-28
496.095390   3.164188e-28
497.621310   3.170632e-28
499.151920   3.177105e-28
500.687240   3.183605e-28
502.227280   3.190133e-28
503.772060   3.196689e-28
505.321590   3.203273e-28
506.875890   3.209885e-28
508.434970   3.216526e-28
509.998840   3.223194e-28
511.567530   3.229892e-28
513.141030   3.236617e-28
514.719380   3.243371e-28
516.302590   3.250154e-28
517.890660   3.256965e-28
519.483620   3.263806e-28
521.081480   3.270675e-28
522.684250   3.277573e-28
524.291950   3.284500e-28
525.904600   3.291456e-28
527.522210   3.298441e-28
529.144790   3.305456e-28
530.772360   3.312500e-28
532.404950   3.319573e-28
534.042550   3.326676e-28
535.685190   3.333808e-28
537.332880   3.340970e-28
538.985640   3.348162e-28
540.643480   3.355384e-28
542.306420   3.362636e-28
543.974480   3.369917e-28
545.647670   3.377229e-28
547.326000   3.384571e-28
549.009500   3.391943e-28
550.698180   3.399346e-28
552.392050   3.406779e-28
554.091120   3.414243e-28
555.795430   3.421737e-28
557.504980   3.429261e-28
559.219780   3.436817e-28
560.939860   3.444403e-28
562.665240   3.452021e-28
564.395910   3.459669e-28
566.131920   3.467349e-28
567.873260   3.475059e-28
569.619950   3.482801e-28
571.372020   3.490575e-28
573.129480   3.498379e-28
574.892350   3.506216e-28
576.660640   3.514084e-28
578.434360   3.521983e-28
580.213540   3.529915e-28
581.998200   3.537878e-28
583.788340   3.545874e-28
585.583990   3.553901e-28
587.385170   3.561961e-28
589.191880   3.570052e-28
591.004150   3.578177e-28
592.821990   3.586333e-28
594.645430   3.594522e-28
596.474480   3.602744e-28
598.309150   3.610998e-28
600.149460   3.619286e-28
601.995430   3.627606e-28
603.847090   3.635959e-28
605.704430   3.644345e-28
607.567500   3.652764e-28
609.436290   3.661216e-28
611.310830   3.669702e-28
613.191130   3.678221e-28
615.077220   3.686774e-28
616.969110   3.695360e-28
618.866820   3.703980e-28
620.770370   3.712634e-28
622.679770   3.721322e-28
624.595040   3.730044e-28
626.516210   3.738799e-28
628.443280   3.747589e-28
630.376290   3.756414e-28
632.315230   3.765272e-28
634.260140   3.774165e-28
636.211040   3.783092e-28
638.167930   3.792055e-28
640.130850   3.801051e-28
642.099800   3.810083e-28
644.074810   3.819150e-28
646.055890   3.828251e-28
648.043070   3.837388e-28
650.036350   3.846560e-28
652.035770   3.855767e-28
654.041340   3.865010e-28
656.053080   3.874288e-28
658.071010   3.883602e-28
660.095140   3.892951e-28
662.125500   3.902336e-28
664.162100   3.911758e-28
666.204970   3.921215e-28
668.254120   3.930708e-28
670.309580   3.940237e-28
672.371360   3.949803e-28
674.439470   3.959405e-28
676.513950   3.969043e-28
678.594810   3.978719e-28
680.682080   3.988430e-28
682.775760   3.998179e-28
684.875880   4.007964e-28
686.982460   4.017787e-28
689.095520   4.027646e-28
691.215080   4.037543e-28
693.341160   4.047477e-28
695.473780   4.057449e-28
697.612960   4.067457e-28
699.758720   4.077504e-28
701.911070   4.087588e-28
704.070050   4.097710e-28
706.235670   4.107870e-28
708.407950   4.118068e-28
710.586910   4.128304e-28
712.772580   4.138579e-28
714.964970   4.148891e-28
717.164100   4.159242e-28
719.369990   4.169632e-28
721.582670   4.180060e-28
723.802160   4.190527e-28
726.028470   4.201033e-28
728.261630   4.211578e-28
730.501660   4.222162e-28
732.748580   4.232785e-28
735.002410   4.243447e-28
737.263170   4.254149e-28
739.530890   4.264890e-28
741.805580   4.275671e-28
744.087270   4.286492e-28
746.375980   4.297352e-28
748.671720   4.308253e-28
750.974530   4.319193e-28
753.284420   4.330174e-28
755.601420   4.341195e-28
757.925540   4.352256e-28
760.256810   4.363358e-28
762.595250   4.374500e-28
764.940890   4.385683e-28
767.293740   4.396907e-28
769.653820   4.408172e-28
772.021170   4.419478e-28
774.395800   4.430825e-28
776.777730   4.442213e-28
779.166990   4.453643e-28
781.563590   4.465114e-28
783.967570   4.476627e-28
786.378950   4.488181e-28
788.797740   4.499778e-28
791.223970   4.511416e-28
793.657660   4.523097e-28
796.098840   4.534820e-28
798.547520   4.546585e-28
801.003740   4.558392e-28
803.467520   4.570242e-28
805.938870   4.582135e-28
808.417820   4.594070e-28
810.904400   4.606049e-28
813.398630   4.618070e-28
815.900520   4.630134e-28
818.410120   4.642242e-28
820.927430   4.654394e-28
823.452490   4.666588e-28
825.985310   4.678827e-28
828.525920   4.691109e-28
831.074350   4.703434e-28
833.630620   4.715804e-28
836.194750   4.728218e-28
838.766760   4.740677e-28
841.346690   4.753179e-28
843.934560   4.765726e-28
846.530380   4.778318e-28
849.134190   4.790954e-28
851.746000   4.803636e-28
854.365850   4.816362e-28
856.993760   4.829133e-28
859.629750   4.841950e-28
862.273850   4.854812e-28
864.926080   4.867719e-28
867.586470   4.880672e-28
870.255040   4.893671e-28
872.931820   4.906715e-28
875.616840   4.919806e-28
878.310110   4.932942e-28
881.011670   4.946125e-28
883.721540   4.959355e-28
886.439740   4.972630e-28
889.166300   4.985953e-28
891.901250   4.999322e-28
894.644610   5.012738e-28
897.396410   5.026201e-28
900.156670   5.039711e-28
902.925430   5.053269e-28
905.702700   5.066874e-28
908.488510   5.080526e-28
911.282890   5.094226e-28
914.085870   5.107974e-28
916.897470   5.121770e-28
919.717710   5.135614e-28
922.546640   5.149506e-28
925.384260   5.163446e-28
928.230610   5.177435e-28
931.085710   5.191473e-28
933.949600   5.205559e-28
936.822300   5.219695e-28
939.703830   5.233879e-28
942.594230   5.248112e-28
945.493510   5.262395e-28
948.401720   5.276727e-28
951.318860   5.291109e-28
954.244990   5.305541e-28
957.180110   5.320022e-28
960.124260   5.334553e-28
963.077460   5.349135e-28
966.039750   5.363767e-28
969.011150   5.378449e-28
971.991690   5.393182e-28
974.981400   5.407965e-28
977.980310   5.422800e-28
980.988440   5.437685e-28
984.005820   5.452621e-28
987.032480   5.467609e-28
990.068450   5.482648e-28
993.113760   5.497739e-28
996.168440   5.512882e-28
999.232510   5.528076e-28
1002.306000   5.543322e-28
1005.389000   5.558621e-28
1008.481400   5.573972e-28
1011.583300   5.589375e-28
1014.694800   5.604831e-28
1017.815900   5.620339e-28
1020.946500   5.635901e-28
1024.086800   5.651515e-28
1027.236800   5.667183e-28
1030.396400   5.682904e-28
1033.565800   5.698679e-28
1036.744900   5.714507e-28
1039.933700   5.730389e-28
1043.132400   5.746325e-28
1046.341000   5.762315e-28
1049.559400   5.778360e-28
1052.787600   5.794458e-28
1056.025900   5.810612e-28
1059.274100   5.826820e-28
1062.532200   5.843083e-28
1065.800400   5.859401e-28
1069.078700   5.875774e-28
1072.367000   5.892202e-28
1075.665500   5.908686e-28
1078.974100   5.925226e-28
1082.292800   5.941822e-28
1085.621800   5.958473e-28
1088.961000   5.975181e-28
1092.310500   5.991945e-28
1095.670300   6.008765e-28
1099.040400   6.025642e-28
1102.420900   6.042576e-28
1105.811800   6.059567e-28
1109.213100   6.076615e-28
1112.624900   6.093720e-28
1116.047200   6.110882e-28
1119.480000   6.128102e-28
1122.923400   6.145380e-28
1126.377300   6.162716e-28
1129.841900   6.180110e-28
1133.317100   6.197562e-28
1136.803000   6.215073e-28
1140.299700   6.232642e-28
1143.807100   6.250270e-28
1147.325300   6.267957e-28
1150.854300   6.285703e-28
1154.394200   6.303508e-28
1157.944900   6.321373e-28
1161.506600   6.339297e-28
1165.079200   6.357281e-28
1168.662800   6.375325e-28
1172.257500   6.393429e-28
1175.863200   6.411594e-28
1179.480000   6.429819e-28
1183.107900   6.448104e-28
1186.746900   6.466450e-28
1190.397200   6.484858e-28
1194.058700   6.503326e-28
1197.731400   6.521856e-28
1201.415500   6.540447e-28
1205.110900   6.559100e-28
1208.817600   6.577815e-28
1212.535800   6.596592e-28
1216.265400   6.615431e-28
1220.006400   6.634333e-28
1223.759000   6.653297e-28
1227.523100   6.672324e-28
1231.298800   6.691414e-28
1235.086100   6.710567e-28
1238.885000   6.729783e-28
1242.695700   6.749063e-28
1246.518000   6.768407e-28
1250.352100   6.787814e-28
1254.198100   6.807286e-28
1258.055800   6.826821e-28
1261.925400   6.846421e-28
1265.806900   6.866086e-28
1269.700300   6.885815e-28
1273.605800   6.905610e-28
1277.523200   6.925469e-28
1281.452700   6.945394e-28
1285.394200   6.965385e-28
1289.347900   6.985441e-28
1293.313800   7.005563e-28
1297.291800   7.025751e-28
1301.282100   7.046006e-28
1305.284700   7.066327e-28
1309.299500   7.086715e-28
1313.326800   7.107169e-28
1317.366400   7.127691e-28
1321.418400   7.148280e-28
1325.482900   7.168937e-28
1329.559900   7.189661e-28
1333.649400   7.210453e-28
1337.751500   7.231313e-28
1341.866300   7.252241e-28
1345.993700   7.273238e-28
1350.133700   7.294303e-28
1354.286600   7.315437e-28
1358.452200   7.336641e-28
1362.630600   7.357913e-28
1366.821800   7.379255e-28
1371.026000   7.400667e-28
1375.243100   7.422148e-28
1379.473100   7.443700e-28
1383.716200   7.465322e-28
1387.972300   7.487014e-28
1392.241500   7.508777e-28
1396.523800   7.530611e-28
1400.819300   7.552516e-28
1405.128100   7.574492e-28
1409.450000   7.596540e-28
1413.785300   7.618660e-28
1418.133900   7.640851e-28
1422.495900   7.663114e-28
1426.871300   7.685450e-28
1431.260100   7.707859e-28
1435.662500   7.730340e-28
1440.078400   7.752894e-28
1444.507900   7.775522e-28
1448.951000   7.798223e-28
1453.407700   7.820997e-28
1457.878200   7.843845e-28
1462.362400   7.866768e-28
1466.860400   7.889764e-28
1471.372300   7.912835e-28
1475.898000   7.935981e-28
1480.437700   7.959202e-28
1484.991300   7.982498e-28
1489.558900   8.005869e-28
1494.140600   8.029316e-28
1498.736400   8.052839e-28
1503.346300   8.076438e-28
1507.970300   8.100113e-28
1512.608600   8.123864e-28
1517.261200   8.147692e-28
1521.928100   8.171597e-28
1526.609300   8.195580e-28
1531.305000   8.219639e-28
1536.015000   8.243776e-28
1540.739600   8.267992e-28
1545.478700   8.292285e-28
1550.232400   8.316656e-28
1555.000700   8.341106e-28
1559.783600   8.365635e-28
1564.581300   8.390243e-28
1569.393700   8.414930e-28
1574.221000   8.439696e-28
1579.063000   8.464542e-28
1583.920000   8.489468e-28
1588.791900   8.514475e-28
1593.678800   8.539561e-28
1598.580700   8.564729e-28
1603.497800   8.589977e-28
1608.429900   8.615306e-28
1613.377200   8.640716e-28
1618.339700   8.666209e-28
1623.317500   8.691783e-28
1628.310600   8.717439e-28
1633.319000   8.743178e-28
1638.342900   8.768999e-28
1643.382200   8.794902e-28
1648.437000   8.820889e-28
1653.507400   8.846960e-28
1658.593300   8.873113e-28
1663.694900   8.899351e-28
1668.812200   8.925672e-28
1673.945200   8.952078e-28
1679.094100   8.978568e-28
1684.258700   9.005143e-28
1689.439300   9.031803e-28
1694.635700   9.058549e-28
1699.848200   9.085380e-28
1705.076700   9.112297e-28
1710.321300   9.139300e-28
1715.582000   9.166389e-28
1720.858800   9.193564e-28
1726.152000   9.220827e-28
1731.461400   9.248176e-28
1736.787100   9.275614e-28
1742.129200   9.303138e-28
1747.487700   9.330751e-28
1752.862800   9.358451e-28
1758.254300   9.386240e-28
1763.662500   9.414118e-28
1769.087200   9.442084e-28
1774.528700   9.470140e-28
1779.986900   9.498284e-28
1785.461900   9.526519e-28
1790.953700   9.554844e-28
1796.462400   9.583258e-28
1801.988100   9.611764e-28
1807.530800   9.640360e-28
1813.090500   9.669047e-28
1818.667300   9.697826e-28
1824.261200   9.726696e-28
1829.872400   9.755658e-28
1835.500800   9.784712e-28
1841.146600   9.813859e-28
1846.809700   9.843098e-28
1852.490200   9.872430e-28
1858.188200   9.901855e-28
1863.903700   9.931374e-28
1869.636800   9.960987e-28
1875.387600   9.990693e-28
1881.156000   1.002049e-27
1886.942200   1.005039e-27
1892.746100   1.008038e-27
1898.567900   1.011047e-27
1904.407700   1.014065e-27
1910.265300   1.017092e-27
1916.141100   1.020130e-27
1922.034800   1.023177e-27
1927.946700   1.026233e-27
1933.876800   1.029300e-27
1939.825200   1.032376e-27
1945.791800   1.035461e-27
1951.776800   1.038557e-27
1957.780200   1.041662e-27
1963.802000   1.044777e-27
1969.842400   1.047902e-27
1975.901300   1.051037e-27
1981.978900   1.054182e-27
1988.075200   1.057337e-27
1994.190300   1.060502e-27
2000.324100   1.063677e-27
2006.476800   1.066861e-27
2012.648400   1.070056e-27
2018.839100   1.073261e-27
2025.048700   1.076477e-27
2031.277500   1.079702e-27
2037.525400   1.082937e-27
2043.792600   1.086183e-27
2050.079000   1.089439e-27
2056.384700   1.092706e-27
2062.709900   1.095982e-27
2069.054500   1.099269e-27
2075.418600   1.102566e-27
2081.802300   1.105874e-27
2088.205600   1.109192e-27
2094.628600   1.112521e-27
2101.071400   1.115860e-27
2107.534000   1.119210e-27
2114.016500   1.122570e-27
2120.518900   1.125941e-27
2127.041300   1.129323e-27
2133.583800   1.132715e-27
2140.146400   1.136118e-27
2146.729200   1.139531e-27
2153.332200   1.142956e-27
2159.955600   1.146391e-27
2166.599300   1.149837e-27
2173.263400   1.153294e-27
2179.948100   1.156761e-27
2186.653300   1.160240e-27
2193.379100   1.163730e-27
2200.125600   1.167230e-27
2206.892900   1.170742e-27
2213.681000   1.174264e-27
2220.490000   1.177798e-27
2227.319900   1.181343e-27
2234.170800   1.184899e-27
2241.042800   1.188466e-27
2247.935900   1.192045e-27
2254.850300   1.195634e-27
2261.785900   1.199235e-27
2268.742800   1.202848e-27
2275.721100   1.206471e-27
2282.720900   1.210106e-27
2289.742200   1.213753e-27
2296.785200   1.217411e-27
2303.849700   1.221080e-27
2310.936100   1.224761e-27
2318.044200   1.228454e-27
2325.174100   1.232158e-27
2332.326100   1.235874e-27
2339.500000   1.239601e-27
2346.695900   1.243340e-27
2353.914000   1.247091e-27
2361.154300   1.250854e-27
2368.416900   1.254628e-27
2375.701800   1.258415e-27
2383.009100   1.262213e-27
2390.338900   1.266023e-27
2397.691300   1.269845e-27
2405.066200   1.273679e-27
2412.463900   1.277525e-27
2419.884300   1.281383e-27
2427.327500   1.285253e-27
2434.793600   1.289136e-27
2442.282700   1.293030e-27
2449.794800   1.296937e-27
2457.330000   1.300856e-27
2464.888400   1.304787e-27
2472.470100   1.308731e-27
2480.075000   1.312687e-27
2487.703400   1.316655e-27
2495.355200   1.320636e-27
2503.030600   1.324629e-27
2510.729500   1.328635e-27
2518.452200   1.332653e-27
2526.198600   1.336684e-27
2533.968800   1.340727e-27
2541.763000   1.344783e-27
2549.581100   1.348852e-27
2557.423200   1.352934e-27
2565.289500   1.357028e-27
2573.179900   1.361135e-27
2581.094700   1.365255e-27
2589.033800   1.369388e-27
2596.997300   1.373534e-27
2604.985200   1.377693e-27
2612.997800   1.381865e-27
2621.035000   1.386050e-27
2629.097000   1.390247e-27
2637.183700   1.394459e-27
2645.295300   1.398683e-27
2653.431800   1.402920e-27
2661.593400   1.407171e-27
2669.780100   1.411435e-27
2677.992000   1.415712e-27
2686.229100   1.420003e-27
2694.491500   1.424307e-27
2702.779400   1.428624e-27
2711.092800   1.432955e-27
2719.431700   1.437300e-27
2727.796300   1.441658e-27
2736.186600   1.446029e-27
2744.602700   1.450415e-27
2753.044800   1.454814e-27
2761.512700   1.459226e-27
2770.006700   1.463653e-27
2778.526900   1.468093e-27
2787.073200   1.472548e-27
2795.645900   1.477016e-27
2804.244900   1.481498e-27
2812.870400   1.485994e-27
2821.522300   1.490504e-27
2830.201000   1.495028e-27
2838.906200   1.499566e-27
2847.638300   1.504119e-27
2856.397200   1.508685e-27
2865.183100   1.513266e-27
2873.996000   1.517861e-27
2882.836000   1.522471e-27
2891.703200   1.527094e-27
2900.597700   1.531733e-27
2909.519500   1.536385e-27
2918.468800   1.541053e-27
2927.445600   1.545734e-27
2936.450000   1.550431e-27
2945.482100   1.555142e-27
2954.542000   1.559867e-27
2963.629700   1.564608e-27
2972.745400   1.569363e-27
2981.889200   1.574133e-27
2991.061000   1.578918e-27
3000.261100   1.583717e-27
3009.489500   1.588532e-27
3018.746300   1.593362e-27
3028.031500   1.598206e-27
3037.345300   1.603066e-27
3046.687700   1.607941e-27
3056.058900   1.612831e-27
3065.458900   1.617737e-27
3074.887800   1.622657e-27
3084.345700   1.627593e-27
3093.832700   1.632544e-27
3103.348900   1.637511e-27
3112.894400   1.642493e-27
3122.469200   1.647491e-27
3132.073500   1.652504e-27
3141.707300   1.657533e-27
3151.370800   1.662577e-27
3161.063900   1.667637e-27
3170.786900   1.672713e-27
3180.539800   1.677805e-27
3190.322700   1.682912e-27
3200.135700   1.688036e-27
3209.978800   1.693175e-27
3219.852300   1.698330e-27
3229.756100   1.703502e-27
3239.690300   1.708689e-27
3249.655200   1.713893e-27
3259.650600   1.719113e-27
3269.676900   1.724348e-27
3279.733900   1.729601e-27
3289.821900   1.734869e-27
3299.941000   1.740154e-27
3310.091100   1.745455e-27
3320.272500   1.750773e-27
3330.485200   1.756108e-27
3340.729300   1.761458e-27
3351.004900   1.766826e-27
3361.312100   1.772210e-27
3371.651000   1.777611e-27
3382.021700   1.783029e-27
3392.424300   1.788463e-27
3402.859000   1.793915e-27
3413.325700   1.799383e-27
3423.824600   1.804869e-27
3434.355800   1.810371e-27
3444.919400   1.815891e-27
3455.515400   1.821427e-27
3466.144100   1.826981e-27
3476.805500   1.832552e-27
3487.499600   1.838140e-27
3498.226700   1.843746e-27
3508.986700   1.849369e-27
3519.779900   1.855010e-27
3530.606200   1.860668e-27
3541.465900   1.866343e-27
3552.358900   1.872037e-27
3563.285500   1.877747e-27
3574.245600   1.883476e-27
3585.239500   1.889222e-27
3596.267200   1.894987e-27
3607.328800   1.900769e-27
3618.424400   1.906569e-27
3629.554200   1.912387e-27
3640.718200   1.918223e-27
3651.916500   1.924077e-27
3663.149300   1.929950e-27
3674.416600   1.935840e-27
3685.718600   1.941749e-27
3697.055300   1.947676e-27
3708.427000   1.953622e-27
3719.833600   1.959586e-27
3731.275200   1.965568e-27
3742.752100   1.971569e-27
3754.264300   1.977589e-27
3765.811900   1.983627e-27
3777.395000   1.989684e-27
3789.013700   1.995760e-27
3800.668200   2.001855e-27
3812.358500   2.007968e-27
3824.084800   2.014100e-27
3835.847100   2.020252e-27
3847.645600   2.026423e-27
3859.480400   2.032612e-27
3871.351600   2.038821e-27
3883.259400   2.045049e-27
3895.203700   2.051297e-27
3907.184800   2.057563e-27
3919.202800   2.063850e-27
3931.257700   2.070155e-27
3943.349700   2.076480e-27
3955.478800   2.082825e-27
3967.645300   2.089190e-27
3979.849300   2.095574e-27
3992.090700   2.101978e-27
4004.369800   2.108401e-27
4016.686700   2.114845e-27
4029.041400   2.121309e-27
4041.434200   2.127792e-27
4053.865100   2.134296e-27
4066.334200   2.140820e-27
4078.841700   2.147364e-27
4091.387600   2.153928e-27
4103.972100   2.160513e-27
4116.595400   2.167118e-27
4129.257400   2.173744e-27
4141.958400   2.180390e-27
4154.698500   2.187056e-27
4167.477800   2.193744e-27
4180.296300   2.200452e-27
4193.154300   2.207180e-27
4206.051900   2.213930e-27
4218.989100   2.220700e-27
4231.966100   2.227492e-27
4244.983000   2.234304e-27
4258.040000   2.241137e-27
4271.137100   2.247992e-27
4284.274500   2.254868e-27
4297.452400   2.261765e-27
4310.670700   2.268684e-27
4323.929700   2.275623e-27
4337.229500   2.282585e-27
4350.570200   2.289568e-27
4363.951900   2.296572e-27
4377.374800   2.303598e-27
4390.839000   2.310646e-27
4404.344600   2.317716e-27
4417.891800   2.324808e-27
4431.480600   2.331921e-27
4445.111200   2.339057e-27
4458.783700   2.346214e-27
4472.498300   2.353394e-27
4486.255100   2.360596e-27
4500.054100   2.367820e-27
4513.895700   2.375067e-27
4527.779800   2.382336e-27
4541.706600   2.389627e-27
4555.676200   2.396941e-27
4569.688800   2.404278e-27
4583.744600   2.411637e-27
4597.843500   2.419019e-27
4611.985800   2.426424e-27
4626.171600   2.433852e-27
4640.401100   2.441303e-27
4654.674300   2.448777e-27
4668.991400   2.456274e-27
4683.352600   2.463794e-27
4697.757900   2.471337e-27
4712.207500   2.478904e-27
4726.701600   2.486494e-27
4741.240300   2.494107e-27
4755.823600   2.501744e-27
4770.451900   2.509405e-27
4785.125100   2.517089e-27
4799.843500   2.524797e-27
4814.607100   2.532529e-27
4829.416200   2.540285e-27
4844.270800   2.548065e-27
4859.171100   2.555869e-27
4874.117200   2.563697e-27
4889.109300   2.571549e-27
4904.147500   2.579425e-27
4919.231900   2.587326e-27
4934.362800   2.595251e-27
4949.540200   2.603201e-27
4964.764300   2.611175e-27
4980.035200   2.619174e-27
4995.353100   2.627197e-27
5010.718100   2.635246e-27
5026.130300   2.643319e-27
5041.590000   2.651417e-27
5057.097200   2.659540e-27
5072.652100   2.667689e-27
5088.254900   2.675862e-27
5103.905600   2.684061e-27
5119.604500   2.692285e-27
5135.351700   2.700534e-27
5151.147300   2.708809e-27
5166.991500   2.717110e-27
5182.884400   2.725436e-27
5198.826200   2.733788e-27
5214.817100   2.742165e-27
5230.857100   2.750569e-27
5246.946500   2.758998e-27
5263.085400   2.767454e-27
5279.273900   2.775935e-27
5295.512200   2.784443e-27
5311.800400   2.792977e-27
5328.138700   2.801538e-27
5344.527300   2.810125e-27
5360.966300   2.818738e-27
5377.455900   2.827378e-27
5393.996200   2.836045e-27
5410.587400   2.844738e-27
5427.229600   2.853458e-27
5443.923000   2.862205e-27
5460.667700   2.870980e-27
5477.463900   2.879781e-27
5494.311800   2.888609e-27
5511.211600   2.897465e-27
5528.163300   2.906348e-27
5545.167100   2.915258e-27
5562.223300   2.924196e-27
5579.331900   2.933162e-27
5596.493100   2.942155e-27
5613.707100   2.951176e-27
5630.974100   2.960225e-27
5648.294200   2.969302e-27
5665.667500   2.978407e-27
5683.094300   2.987540e-27
5700.574700   2.996701e-27
5718.108800   3.005890e-27
5735.696900   3.015108e-27
5753.339100   3.024354e-27
5771.035600   3.033629e-27
5788.786500   3.042932e-27
5806.591900   3.052264e-27
5824.452200   3.061625e-27
5842.367400   3.071018e-27
5860.337700   3.080439e-27
5878.363200   3.089890e-27
5896.444300   3.099370e-27
5914.580900   3.108880e-27
5932.773300   3.118418e-27
5951.021700   3.127986e-27
5969.326200   3.137584e-27
5987.687000   3.147211e-27
6006.104200   3.156868e-27
6024.578100   3.166554e-27
6043.108900   3.176271e-27
6061.696600   3.186017e-27
6080.341600   3.195794e-27
6099.043800   3.205600e-27
6117.803600   3.215437e-27
6136.621100   3.225304e-27
6155.496500   3.235202e-27
6174.429900   3.245130e-27
6193.421600   3.255089e-27
6212.471700   3.265078e-27
6231.580400   3.275098e-27
6250.747800   3.285149e-27
6269.974200   3.295232e-27
6289.259800   3.305345e-27
6308.604600   3.315489e-27
6328.009000   3.325665e-27
6347.473100   3.335872e-27
6366.997000   3.346110e-27
6386.581000   3.356380e-27
6406.225200   3.366682e-27
6425.929800   3.377015e-27
6445.695100   3.387380e-27
6465.521100   3.397778e-27
6485.408100   3.408207e-27
6505.356300   3.418668e-27
6525.365900   3.429162e-27
6545.437000   3.439688e-27
6565.569800   3.450247e-27
6585.764600   3.460838e-27
6606.021500   3.471461e-27
6626.340600   3.482118e-27
6646.722300   3.492807e-27
6667.166700   3.503529e-27
6687.674000   3.514284e-27
6708.244300   3.525073e-27
6728.877900   3.535894e-27
6749.575000   3.546749e-27
6770.335700   3.557638e-27
6791.160300   3.568560e-27
6812.048900   3.579515e-27
6833.001800   3.590505e-27
6854.019200   3.601528e-27
6875.101200   3.612585e-27
6896.248000   3.623676e-27
6917.459900   3.634802e-27
6938.737000   3.645962e-27
6960.079600   3.657156e-27
6981.487800   3.668385e-27
7002.961900   3.679648e-27
7024.502000   3.690946e-27
7046.108300   3.702279e-27
7067.781200   3.713646e-27
7089.520700   3.725049e-27
7111.327000   3.736487e-27
7133.200400   3.747960e-27
7155.141200   3.759468e-27
7177.149400   3.771012e-27
7199.225200   3.782592e-27
7221.369000   3.794207e-27
7243.580900   3.805858e-27
7265.861200   3.817545e-27
7288.209900   3.829268e-27
7310.627400   3.841027e-27
7333.113900   3.852822e-27
7355.669500   3.864653e-27
7378.294500   3.876521e-27
7400.989100   3.888426e-27
7423.753500   3.900367e-27
7446.587900   3.912345e-27
7469.492500   3.924360e-27
7492.467600   3.936412e-27
7515.513400   3.948501e-27
7538.630000   3.960627e-27
7561.817800   3.972791e-27
7585.076900   3.984992e-27
7608.407500   3.997231e-27
7631.809900   4.009507e-27
7655.284200   4.021821e-27
7678.830800   4.034174e-27
7702.449800   4.046564e-27
7726.141400   4.058992e-27
7749.906000   4.071459e-27
7773.743600   4.083964e-27
7797.654500   4.096508e-27
7821.639000   4.109090e-27
7845.697200   4.121711e-27
7869.829500   4.134371e-27
7894.035900   4.147070e-27
7918.316900   4.159808e-27
7942.672500   4.172585e-27
7967.103000   4.185401e-27
7991.608700   4.198257e-27
8016.189800   4.211153e-27
8040.846400   4.224088e-27
8065.578900   4.237064e-27
8090.387500   4.250079e-27
8115.272400   4.263134e-27
8140.233800   4.276230e-27
8165.272000   4.289365e-27
8190.387200   4.302542e-27
8215.579700   4.315758e-27
8240.849600   4.329016e-27
8266.197300   4.342314e-27
8291.623000   4.355654e-27
8317.126800   4.369034e-27
8342.709100   4.382456e-27
8368.370100   4.395919e-27
8394.110000   4.409423e-27
8419.929100   4.422969e-27
8445.827600   4.436557e-27
8471.805800   4.450186e-27
8497.863900   4.463858e-27
8524.002100   4.477572e-27
8550.220700   4.491328e-27
8576.520000   4.505126e-27
8602.900100   4.518967e-27
8629.361400   4.532850e-27
8655.904100   4.546776e-27
8682.528500   4.560745e-27
8709.234700   4.574757e-27
8736.023100   4.588812e-27
8762.893800   4.602911e-27
8789.847200   4.617053e-27
8816.883600   4.631238e-27
8844.003000   4.645467e-27
8871.205900   4.659740e-27
8898.492500   4.674057e-27
8925.863000   4.688418e-27
8953.317700   4.702823e-27
8980.856800   4.717273e-27
9008.480700   4.731767e-27
9036.189500   4.746305e-27
9063.983500   4.760889e-27
9091.863000   4.775517e-27
9119.828300   4.790190e-27
9147.879600   4.804909e-27
9176.017200   4.819673e-27
9204.241300   4.834482e-27
9232.552200   4.849337e-27
9260.950300   4.864238e-27
9289.435600   4.879184e-27
9318.008600   4.894177e-27
9346.669500   4.909215e-27
9375.418500   4.924300e-27
9404.256000   4.939432e-27
9433.182100   4.954610e-27
9462.197300   4.969835e-27
9491.301600   4.985106e-27
9520.495500   5.000425e-27
9549.779200   5.015791e-27
9579.153000   5.031204e-27
9608.617100   5.046665e-27
9638.171800   5.062173e-27
9667.817500   5.077729e-27
9697.554300   5.093333e-27
9727.382600   5.108985e-27
9757.302700   5.124685e-27
9787.314700   5.140433e-27
9817.419100   5.156230e-27
9847.616100   5.172076e-27
9877.906000   5.187970e-27
9908.289000   5.203913e-27
9938.765500   5.219906e-27
9969.335700   5.235947e-27
10000.000000   5.252038e-27
