1.000000   0.000000
1.003076   0.000000
1.006161   0.000000
1.009256   0.000000
1.012360   0.000000
1.015474   0.000000
1.018598   0.000000
1.021731   0.000000
1.024873   0.000000
1.028026   0.000000
1.031188   0.000000
1.034360   0.000000
1.037541   0.000000
1.040733   0.000000
1.043934   0.000000
1.047145   0.000000
1.050366   0.000000
1.053596   0.000000
1.056837   0.000000
1.060088   0.000000
1.063348   0.000000
1.066619   0.000000
1.069900   0.000000
1.073191   0.000000
1.076492   0.000000
1.079803   0.000000
1.083124   0.000000
1.086456   0.000000
1.089797   0.000000
1.093149   0.000000
1.096512   0.000000
1.099885   0.000000
1.103268   0.000000
1.106661   0.000000
1.110065   0.000000
1.113479   0.000000
1.116904   0.000000
1.120340   0.000000
1.123786   0.000000
1.127242   0.000000
1.130710   0.000000
1.134188   0.000000
1.137676   0.000000
1.141175   0.000000
1.144686   0.000000
1.148206   0.000000
1.151738   0.000000
1.155281   0.000000
1.158834   0.000000
1.162399   0.000000
1.165974   0.000000
1.169561   0.000000
1.173158   0.000000
1.176766   0.000000
1.180386   0.000000
1.184017   0.000000
1.187658   0.000000
1.191312   0.000000
1.194976   0.000000
1.198651   0.000000
1.202338   0.000000
1.206036   0.000000
1.209746   0.000000
1.213467   0.000000
1.217200   0.000000
1.220943   0.000000
1.224699   0.000000
1.228466   0.000000
1.232244   0.000000
1.236035   0.000000
1.239837   0.000000
1.243650   0.000000
1.247475   0.000000
1.251313   0.000000
1.255161   0.000000
1.259022   0.000000
1.262895   0.000000
1.266779   0.000000
1.270676   0.000000
1.274584   0.000000
1.278504   0.000000
1.282437   0.000000
1.286382   0.000000
1.290338   0.000000
1.294307   0.000000
1.298288   0.000000
1.302282   0.000000
1.306287   0.000000
1.310305   0.000000
1.314336   0.000000
1.318378   0.000000
1.322433   0.000000
1.326501   0.000000
1.330581   0.000000
1.334674   0.000000
1.338779   0.000000
1.342897   0.000000
1.347028   0.000000
1.351171   0.000000
1.355327   0.000000
1.359496   0.000000
1.363677   0.000000
1.367872   0.000000
1.372079   0.000000
1.376299   0.000000
1.380533   0.000000
1.384779   0.000000
1.389038   0.000000
1.393311   0.000000
1.397596   0.000000
1.401895   0.000000
1.406207   0.000000
1.410533   0.000000
1.414871   0.000000
1.419223   0.000000
1.423588   0.000000
1.427967   0.000000
1.432359   0.000000
1.436765   0.000000
1.441185   0.000000
1.445617   0.000000
1.450064   0.000000
1.454524   0.000000
1.458998   0.000000
1.463486   0.000000
1.467987   0.000000
1.472502   0.000000
1.477032   0.000000
1.481575   0.000000
1.486132   0.000000
1.490703   0.000000
1.495288   0.000000
1.499888   0.000000
1.504501   0.000000
1.509129   0.000000
1.513770   0.000000
1.518427   0.000000
1.523097   0.000000
1.527782   0.000000
1.532481   0.000000
1.537195   0.000000
1.541923   0.000000
1.546666   0.000000
1.551423   0.000000
1.556195   0.000000
1.560982   0.000000
1.565783   0.000000
1.570599   0.000000
1.575430   0.000000
1.580276   0.000000
1.585137   0.000000
1.590012   0.000000
1.594903   0.000000
1.599809   0.000000
1.604729   0.000000
1.609665   0.000000
1.614616   0.000000
1.619583   0.000000
1.624564   0.000000
1.629561   0.000000
1.634574   0.000000
1.639601   0.000000
1.644645   0.000000
1.649703   0.000000
1.654777   0.000000
1.659867   0.000000
1.664973   0.000000
1.670094   0.000000
1.675231   0.000000
1.680384   0.000000
1.685552   0.000000
1.690737   0.000000
1.695937   0.000000
1.701154   0.000000
1.706386   0.000000
1.711635   0.000000
1.716900   0.000000
1.722181   0.000000
1.727478   0.000000
1.732791   0.000000
1.738121   0.000000
1.743467   0.000000
1.748830   0.000000
1.754209   0.000000
1.759605   0.000000
1.765017   0.000000
1.770446   0.000000
1.775892   0.000000
1.781354   0.000000
1.786833   0.000000
1.792329   0.000000
1.797842   0.000000
1.803372   0.000000
1.808919   0.000000
1.814483   0.000000
1.820064   0.000000
1.825662   0.000000
1.831278   0.000000
1.836911   0.000000
1.842561   0.000000
1.848228   0.000000
1.853913   0.000000
1.859615   0.000000
1.865335   0.000000
1.871073   0.000000
1.876828   0.000000
1.882601   0.000000
1.888392   0.000000
1.894200   0.000000
1.900026   0.000000
1.905870   0.000000
1.911733   0.000000
1.917613   0.000000
1.923511   0.000000
1.929428   0.000000
1.935362   0.000000
1.941315   0.000000
1.947286   0.000000
1.953276   0.000000
1.959284   0.000000
1.965310   0.000000
1.971355   0.000000
1.977419   0.000000
1.983501   0.000000
1.989602   0.000000
1.995722   0.000000
2.001860   0.000000
2.008018   0.000000
2.014194   0.000000
2.020390   0.000000
2.026604   0.000000
2.032838   0.000000
2.039090   0.000000
2.045362   0.000000
2.051654   0.000000
2.057964   0.000000
2.064294   0.000000
2.070644   0.000000
2.077013   0.000000
2.083401   0.000000
2.089809   0.000000
2.096237   0.000000
2.102685   0.000000
2.109153   0.000000
2.115640   0.000000
2.122148   0.000000
2.128675   0.000000
2.135223   0.000000
2.141790   0.000000
2.148378   0.000000
2.154986   0.000000
2.161615   0.000000
2.168263   0.000000
2.174933   0.000000
2.181622   0.000000
2.188333   0.000000
2.195064   0.000000
2.201815   0.000000
2.208588   0.000000
2.215381   0.000000
2.222196   0.000000
2.229031   0.000000
2.235887   0.000000
2.242764   0.000000
2.249662   0.000000
2.256582   0.000000
2.263523   0.000000
2.270485   0.000000
2.277469   0.000000
2.284474   0.000000
2.291501   0.000000
2.298549   0.000000
2.305619   0.000000
2.312711   0.000000
2.319825   0.000000
2.326960   0.000000
2.334118   0.000000
2.341297   0.000000
2.348498   0.000000
2.355722   0.000000
2.362968   0.000000
2.370236   0.000000
2.377527   0.000000
2.384840   0.000000
2.392175   0.000000
2.399533   0.000000
2.406913   0.000000
2.414317   0.000000
2.421743   0.000000
2.429192   0.000000
2.436664   0.000000
2.444159   0.000000
2.451676   0.000000
2.459217   0.000000
2.466782   0.000000
2.474369   0.000000
2.481980   0.000000
2.489614   0.000000
2.497272   0.000000
2.504953   0.000000
2.512658   0.000000
2.520387   0.000000
2.528139   0.000000
2.535915   0.000000
2.543715   0.000000
2.551539   0.000000
2.559388   0.000000
2.567260   0.000000
2.575156   0.000000
2.583077   0.000000
2.591022   0.000000
2.598992   0.000000
2.606986   0.000000
2.615005   0.000000
2.623048   0.000000
2.631116   0.000000
2.639209   0.000000
2.647327   0.000000
2.655470   0.000000
2.663638   0.000000
2.671831   0.000000
2.680049   0.000000
2.688292   0.000000
2.696561   0.000000
2.704855   0.000000
2.713175   0.000000
2.721521   0.000000
2.729891   0.000000
2.738288   0.000000
2.746711   0.000000
2.755159   0.000000
2.763634   0.000000
2.772134   0.000000
2.780661   0.000000
2.789214   0.000000
2.797793   0.000000
2.806399   0.000000
2.815031   0.000000
2.823689   0.000000
2.832375   0.000000
2.841087   0.000000
2.849826   0.000000
2.858591   0.000000
2.867384   0.000000
2.876203   0.000000
2.885050   0.000000
2.893924   0.000000
2.902826   0.000000
2.911754   0.000000
2.920710   0.000000
2.929694   0.000000
2.938705   0.000000
2.947744   0.000000
2.956811   0.000000
2.965906   0.000000
2.975029   0.000000
2.984180   0.000000
2.993358   0.000000
3.002566   0.000000
3.011801   0.000000
3.021065   0.000000
3.030357   0.000000
3.039678   0.000000
3.049028   0.000000
3.058406   0.000000
3.067813   0.000000
3.077250   0.000000
3.086715   0.000000
3.096209   0.000000
3.105733   0.000000
3.115285   0.000000
3.124868   0.000000
3.134479   0.000000
3.144120   0.000000
3.153791   0.000000
3.163492   0.000000
3.173222   0.000000
3.182983   0.000000
3.192773   0.000000
3.202594   0.000000
3.212444   0.000000
3.222325   0.000000
3.232237   0.000000
3.242179   0.000000
3.252151   0.000000
3.262154   0.000000
3.272188   0.000000
3.282253   0.000000
3.292349   0.000000
3.302476   0.000000
3.312634   0.000000
3.322823   0.000000
3.333043   0.000000
3.343295   0.000000
3.353579   0.000000
3.363894   0.000000
3.374241   0.000000
3.384619   0.000000
3.395030   0.000000
3.405473   0.000000
3.415947   0.000000
3.426454   0.000000
3.436994   0.000000
3.447565   0.000000
3.458169   0.000000
3.468806   0.000000
3.479476   0.000000
3.490178   0.000000
3.500914   0.000000
3.511682   0.000000
3.522483   0.000000
3.533318   0.000000
3.544186   0.000000
3.555087   0.000000
3.566022   0.000000
3.576991   0.000000
3.587993   0.000000
3.599029   0.000000
3.610100   0.000000
3.621204   0.000000
3.632342   0.000000
3.643515   0.000000
3.654721   0.000000
3.665963   0.000000
3.677239   0.000000
3.688550   0.000000
3.699895   0.000000
3.711275   0.000000
3.722691   0.000000
3.734141   0.000000
3.745627   0.000000
3.757148   0.000000
3.768704   0.000000
3.780296   0.000000
3.791924   0.000000
3.803587   0.000000
3.815287   0.000000
3.827022   0.000000
3.838793   0.000000
3.850601   0.000000
3.862445   0.000000
3.874325   0.000000
3.886242   0.000000
3.898195   0.000000
3.910186   0.000000
3.922213   0.000000
3.934277   0.000000
3.946378   0.000000
3.958517   0.000000
3.970693   0.000000
3.982906   0.000000
3.995157   0.000000
4.007446   0.000000
4.019772   0.000000
4.032136   0.000000
4.044538   0.000000
4.056979   0.000000
4.069458   0.000000
4.081975   0.000000
4.094530   0.000000
4.107124   0.000000
4.119757   0.000000
4.132429   0.000000
4.145140   0.000000
4.157890   0.000000
4.170679   0.000000
4.183507   0.000000
4.196375   0.000000
4.209282   0.000000
4.222230   0.000000
4.235217   0.000000
4.248244   0.000000
4.261310   0.000000
4.274418   0.000000
4.287565   0.000000
4.300753   0.000000
4.313982   0.000000
4.327251   0.000000
4.340561   0.000000
4.353912   0.000000
4.367304   0.000000
4.380737   0.000000
4.394211   0.000001
4.407728   0.000001
4.421285   0.000001
4.434884   0.000001
4.448525   0.000001
4.462208   0.000001
4.475934   0.000001
4.489701   0.000001
4.503510   0.000001
4.517363   0.000001
4.531257   0.000001
4.545195   0.000001
4.559175   0.000001
4.573199   0.000001
4.587265   0.000001
4.601375   0.000001
4.615528   0.000001
4.629725   0.000001
4.643965   0.000001
4.658249   0.000001
4.672578   0.000001
4.686950   0.000001
4.701366   0.000001
4.715827   0.000001
4.730332   0.000001
4.744882   0.000001
4.759476   0.000001
4.774116   0.000001
4.788800   0.000001
4.803530   0.000001
4.818305   0.000001
4.833126   0.000001
4.847992   0.000001
4.862903   0.000001
4.877861   0.000001
4.892864   0.000001
4.907914   0.000001
4.923010   0.000001
4.938153   0.000001
4.953342   0.000001
4.968578   0.000001
4.983860   0.000001
4.999190   0.000001
5.014567   0.000001
5.029991   0.000001
5.045462   0.000001
5.060981   0.000001
5.076548   0.000001
5.092163   0.000001
5.107826   0.000001
5.123537   0.000001
5.139296   0.000001
5.155104   0.000001
5.170960   0.000001
5.186865   0.000001
5.202819   0.000001
5.218822   0.000001
5.234875   0.000001
5.250977   0.000001
5.267128   0.000001
5.283329   0.000001
5.299580   0.000001
5.315880   0.000001
5.332231   0.000001
5.348632   0.000001
5.365084   0.000001
5.381586   0.000002
5.398139   0.000002
5.414743   0.000002
5.431398   0.000002
5.448104   0.000002
5.464862   0.000002
5.481671   0.000002
5.498532   0.000002
5.515445   0.000002
5.532409   0.000002
5.549426   0.000002
5.566496   0.000002
5.583617   0.000002
5.600792   0.000002
5.618019   0.000002
5.635299   0.000002
5.652633   0.000002
5.670019   0.000002
5.687459   0.000002
5.704953   0.000002
5.722501   0.000002
5.740102   0.000002
5.757758   0.000002
5.775468   0.000002
5.793233   0.000002
5.811052   0.000002
5.828926   0.000002
5.846855   0.000002
5.864839   0.000002
5.882878   0.000002
5.900973   0.000002
5.919124   0.000002
5.937330   0.000003
5.955592   0.000003
5.973911   0.000003
5.992286   0.000003
6.010717   0.000003
6.029205   0.000003
6.047751   0.000003
6.066352   0.000003
6.085012   0.000003
6.103728   0.000003
6.122503   0.000003
6.141335   0.000003
6.160224   0.000003
6.179172   0.000003
6.198179   0.000003
6.217243   0.000003
6.236367   0.000003
6.255549   0.000003
6.274790   0.000003
6.294090   0.000003
6.313450   0.000003
6.332869   0.000003
6.352348   0.000004
6.371887   0.000004
6.391486   0.000004
6.411146   0.000004
6.430866   0.000004
6.450646   0.000004
6.470487   0.000004
6.490389   0.000004
6.510353   0.000004
6.530378   0.000004
6.550464   0.000004
6.570613   0.000004
6.590823   0.000004
6.611095   0.000004
6.631430   0.000004
6.651827   0.000004
6.672288   0.000004
6.692811   0.000004
6.713397   0.000004
6.734046   0.000005
6.754759   0.000005
6.775536   0.000005
6.796376   0.000005
6.817281   0.000005
6.838250   0.000005
6.859284   0.000005
6.880382   0.000005
6.901545   0.000005
6.922773   0.000005
6.944066   0.000005
6.965426   0.000005
6.986850   0.000005
7.008341   0.000005
7.029897   0.000005
7.051520   0.000005
7.073210   0.000005
7.094966   0.000006
7.116789   0.000006
7.138679   0.000006
7.160637   0.000006
7.182662   0.000006
7.204755   0.000006
7.226916   0.000006
7.249145   0.000006
7.271442   0.000006
7.293808   0.000006
7.316243   0.000006
7.338746   0.000006
7.361319   0.000006
7.383962   0.000006
7.406674   0.000006
7.429456   0.000006
7.452307   0.000006
7.475230   0.000007
7.498222   0.000007
7.521286   0.000007
7.544420   0.000007
7.567626   0.000007
7.590903   0.000007
7.614251   0.000007
7.637672   0.000007
7.661164   0.000007
7.684729   0.000007
7.708366   0.000007
7.732076   0.000007
7.755859   0.000007
7.779714   0.000007
7.803644   0.000007
7.827647   0.000007
7.851723   0.000007
7.875874   0.000008
7.900099   0.000008
7.924399   0.000008
7.948773   0.000008
7.973222   0.000008
7.997747   0.000008
8.022347   0.000008
8.047022   0.000008
8.071774   0.000008
8.096602   0.000008
8.121506   0.000008
8.146486   0.000008
8.171544   0.000008
8.196678   0.000008
8.221890   0.000008
8.247179   0.000008
8.272546   0.000008
8.297992   0.000009
8.323515   0.000009
8.349117   0.000009
8.374798   0.000009
8.400557   0.000009
8.426396   0.000009
8.452315   0.000009
8.478313   0.000009
8.504391   0.000009
8.530549   0.000009
8.556788   0.000009
8.583107   0.000009
8.609508   0.000009
8.635990   0.000009
8.662553   0.000009
8.689197   0.000009
8.715924   0.000010
8.742733   0.000010
8.769624   0.000010
8.796598   0.000010
8.823656   0.000010
8.850796   0.000010
8.878020   0.000010
8.905327   0.000010
8.932719   0.000010
8.960195   0.000010
8.987755   0.000010
9.015400   0.000010
9.043130   0.000010
9.070945   0.000010
9.098846   0.000010
9.126833   0.000010
9.154906   0.000011
9.183065   0.000011
9.211311   0.000011
9.239644   0.000011
9.268063   0.000011
9.296571   0.000011
9.325166   0.000011
9.353848   0.000011
9.382620   0.000011
9.411479   0.000011
9.440428   0.000011
9.469465   0.000011
9.498592   0.000011
9.527808   0.000011
9.557114   0.000011
9.586510   0.000012
9.615997   0.000012
9.645575   0.000012
9.675243   0.000012
9.705003   0.000012
9.734854   0.000012
9.764797   0.000012
9.794832   0.000012
9.824960   0.000012
9.855180   0.000012
9.885493   0.000012
9.915899   0.000012
9.946399   0.000012
9.976993   0.000012
10.007681   0.000013
10.038463   0.000013
10.069340   0.000013
10.100312   0.000013
10.131379   0.000013
10.162542   0.000013
10.193800   0.000013
10.225155   0.000013
10.256606   0.000013
10.288154   0.000013
10.319799   0.000013
10.351541   0.000013
10.383381   0.000013
10.415319   0.000014
10.447355   0.000014
10.479489   0.000014
10.511723   0.000014
10.544055   0.000014
10.576487   0.000014
10.609019   0.000014
10.641651   0.000014
10.674383   0.000014
10.707216   0.000014
10.740150   0.000014
10.773185   0.000014
10.806322   0.000015
10.839560   0.000015
10.872901   0.000015
10.906345   0.000015
10.939891   0.000015
10.973541   0.000015
11.007294   0.000015
11.041151   0.000015
11.075112   0.000015
11.109177   0.000015
11.143347   0.000015
11.177623   0.000016
11.212004   0.000016
11.246490   0.000016
11.281083   0.000016
11.315782   0.000016
11.350587   0.000016
11.385500   0.000016
11.420520   0.000016
11.455648   0.000016
11.490884   0.000016
11.526229   0.000016
11.561682   0.000017
11.597244   0.000017
11.632915   0.000017
11.668696   0.000017
11.704588   0.000017
11.740589   0.000017
11.776702   0.000017
11.812925   0.000017
11.849260   0.000017
11.885707   0.000018
11.922265   0.000018
11.958937   0.000018
11.995721   0.000018
12.032618   0.000018
12.069628   0.000018
12.106753   0.000018
12.143991   0.000018
12.181345   0.000018
12.218813   0.000019
12.256396   0.000019
12.294095   0.000019
12.331910   0.000019
12.369841   0.000019
12.407889   0.000019
12.446054   0.000019
12.484336   0.000019
12.522736   0.000019
12.561254   0.000020
12.599891   0.000020
12.638646   0.000020
12.677521   0.000020
12.716515   0.000020
12.755630   0.000020
12.794864   0.000020
12.834219   0.000020
12.873696   0.000021
12.913293   0.000021
12.953013   0.000021
12.992854   0.000021
13.032818   0.000021
13.072906   0.000021
13.113116   0.000021
13.153450   0.000022
13.193908   0.000022
13.234491   0.000022
13.275198   0.000022
13.316031   0.000022
13.356989   0.000022
13.398073   0.000022
13.439284   0.000023
13.480621   0.000023
13.522086   0.000023
13.563678   0.000023
13.605398   0.000023
13.647246   0.000023
13.689223   0.000024
13.731329   0.000024
13.773565   0.000024
13.815930   0.000024
13.858426   0.000024
13.901052   0.000024
13.943810   0.000025
13.986699   0.000025
14.029720   0.000025
14.072874   0.000025
14.116160   0.000025
14.159579   0.000025
14.203132   0.000026
14.246819   0.000026
14.290640   0.000026
14.334596   0.000026
14.378687   0.000026
14.422914   0.000026
14.467277   0.000027
14.511776   0.000027
14.556412   0.000027
14.601186   0.000027
14.646097   0.000027
14.691146   0.000027
14.736334   0.000027
14.781661   0.000027
14.827127   0.000025
14.872734   0.000018
14.918480   0.000014
14.964367   0.000015
15.010395   0.000020
15.056565   0.000027
15.102877   0.000028
15.149331   0.000029
15.195929   0.000030
15.242669   0.000030
15.289553   0.000030
15.336582   0.000030
15.383755   0.000031
15.431073   0.000031
15.478537   0.000031
15.526147   0.000031
15.573903   0.000032
15.621806   0.000032
15.669857   0.000032
15.718055   0.000032
15.766401   0.000033
15.814897   0.000033
15.863541   0.000033
15.912335   0.000033
15.961279   0.000034
16.010374   0.000034
16.059619   0.000034
16.109016   0.000035
16.158565   0.000035
16.208267   0.000035
16.258121   0.000035
16.308129   0.000036
16.358290   0.000036
16.408606   0.000036
16.459077   0.000036
16.509702   0.000037
16.560484   0.000037
16.611422   0.000037
16.662516   0.000038
16.713768   0.000038
16.765177   0.000038
16.816744   0.000039
16.868470   0.000039
16.920355   0.000039
16.972400   0.000039
17.024604   0.000040
17.076970   0.000040
17.129496   0.000040
17.182184   0.000041
17.235034   0.000041
17.288046   0.000041
17.341222   0.000042
17.394561   0.000042
17.448064   0.000042
17.501732   0.000043
17.555565   0.000043
17.609563   0.000044
17.663728   0.000044
17.718059   0.000044
17.772557   0.000045
17.827223   0.000045
17.882057   0.000045
17.937060   0.000046
17.992231   0.000046
18.047573   0.000047
18.103085   0.000047
18.158767   0.000047
18.214621   0.000048
18.270647   0.000048
18.326845   0.000049
18.383215   0.000049
18.439759   0.000049
18.496478   0.000050
18.553370   0.000050
18.610438   0.000051
18.667681   0.000051
18.725100   0.000051
18.782696   0.000052
18.840468   0.000052
18.898419   0.000053
18.956548   0.000053
19.014856   0.000054
19.073343   0.000054
19.132009   0.000055
19.190857   0.000055
19.249885   0.000056
19.309095   0.000056
19.368487   0.000057
19.428062   0.000057
19.487820   0.000058
19.547762   0.000058
19.607888   0.000059
19.668199   0.000059
19.728695   0.000060
19.789378   0.000060
19.850247   0.000061
19.911304   0.000061
19.972548   0.000062
20.033981   0.000062
20.095603   0.000063
20.157414   0.000063
20.219415   0.000064
20.281607   0.000064
20.343991   0.000065
20.406566   0.000065
20.469333   0.000066
20.532294   0.000066
20.595449   0.000066
20.658797   0.000067
20.722341   0.000067
20.786080   0.000067
20.850015   0.000067
20.914147   0.000065
20.978475   0.000063
21.043002   0.000055
21.107728   0.000039
21.172652   0.000033
21.237776   0.000034
21.303100   0.000045
21.368626   0.000066
21.434353   0.000072
21.500282   0.000074
21.566413   0.000075
21.632749   0.000076
21.699288   0.000077
21.766032   0.000078
21.832981   0.000079
21.900136   0.000080
21.967498   0.000080
22.035067   0.000081
22.102844   0.000082
22.170829   0.000083
22.239023   0.000083
22.307427   0.000084
22.376042   0.000085
22.444867   0.000086
22.513904   0.000086
22.583154   0.000087
22.652617   0.000088
22.722293   0.000088
22.792183   0.000089
22.862289   0.000090
22.932610   0.000091
23.003147   0.000091
23.073902   0.000092
23.144874   0.000093
23.216064   0.000093
23.287474   0.000094
23.359102   0.000095
23.430952   0.000096
23.503022   0.000096
23.575314   0.000097
23.647828   0.000098
23.720566   0.000098
23.793527   0.000099
23.866712   0.000100
23.940123   0.000101
24.013759   0.000101
24.087622   0.000102
24.161712   0.000103
24.236030   0.000103
24.310577   0.000104
24.385353   0.000105
24.460359   0.000105
24.535595   0.000106
24.611063   0.000107
24.686763   0.000107
24.762696   0.000108
24.838863   0.000109
24.915264   0.000109
24.991900   0.000110
25.068771   0.000111
25.145879   0.000111
25.223224   0.000112
25.300807   0.000113
25.378629   0.000113
25.456690   0.000114
25.534991   0.000115
25.613533   0.000115
25.692317   0.000116
25.771343   0.000116
25.850612   0.000117
25.930124   0.000118
26.009882   0.000118
26.089885   0.000119
26.170133   0.000119
26.250629   0.000120
26.331372   0.000120
26.412364   0.000121
26.493604   0.000122
26.575095   0.000122
26.656836   0.000123
26.738829   0.000123
26.821074   0.000124
26.903571   0.000124
26.986323   0.000125
27.069329   0.000125
27.152591   0.000126
27.236108   0.000127
27.319882   0.000127
27.403915   0.000128
27.488205   0.000128
27.572755   0.000129
27.657565   0.000129
27.742636   0.000130
27.827968   0.000130
27.913563   0.000131
27.999421   0.000131
28.085543   0.000132
28.171930   0.000132
28.258583   0.000133
28.345503   0.000133
28.432689   0.000134
28.520144   0.000135
28.607868   0.000135
28.695862   0.000136
28.784126   0.000136
28.872662   0.000137
28.961470   0.000137
29.050552   0.000138
29.139907   0.000139
29.229537   0.000139
29.319443   0.000140
29.409626   0.000140
29.500085   0.000141
29.590824   0.000141
29.681841   0.000142
29.773138   0.000143
29.864716   0.000143
29.956575   0.000144
30.048718   0.000145
30.141143   0.000145
30.233853   0.000146
30.326848   0.000147
30.420129   0.000147
30.513697   0.000148
30.607553   0.000149
30.701697   0.000150
30.796131   0.000150
30.890856   0.000151
30.985872   0.000152
31.081180   0.000153
31.176781   0.000153
31.272677   0.000154
31.368867   0.000155
31.465353   0.000156
31.562136   0.000157
31.659217   0.000158
31.756596   0.000158
31.854275   0.000159
31.952254   0.000160
32.050535   0.000161
32.149118   0.000162
32.248004   0.000163
32.347194   0.000164
32.446689   0.000165
32.546491   0.000166
32.646599   0.000167
32.747015   0.000169
32.847741   0.000170
32.948776   0.000171
33.050121   0.000172
33.151779   0.000173
33.253749   0.000174
33.356033   0.000176
33.458631   0.000177
33.561545   0.000178
33.664776   0.000179
33.768324   0.000181
33.872190   0.000182
33.976376   0.000183
34.080883   0.000185
34.185711   0.000186
34.290861   0.000188
34.396335   0.000189
34.502133   0.000191
34.608257   0.000192
34.714707   0.000194
34.821485   0.000195
34.928590   0.000197
35.036026   0.000198
35.143792   0.000200
35.251889   0.000202
35.360319   0.000204
35.469082   0.000205
35.578180   0.000207
35.687613   0.000209
35.797383   0.000211
35.907491   0.000213
36.017937   0.000214
36.128724   0.000216
36.239850   0.000218
36.351319   0.000220
36.463130   0.000222
36.575286   0.000224
36.687786   0.000226
36.800633   0.000228
36.913826   0.000231
37.027368   0.000233
37.141259   0.000235
37.255500   0.000237
37.370093   0.000239
37.485038   0.000242
37.600336   0.000244
37.715990   0.000246
37.831999   0.000249
37.948365   0.000251
38.065088   0.000253
38.182171   0.000256
38.299614   0.000258
38.417418   0.000261
38.535585   0.000263
38.654115   0.000266
38.773009   0.000269
38.892270   0.000271
39.011897   0.000274
39.131892   0.000277
39.252256   0.000279
39.372990   0.000282
39.494096   0.000285
39.615574   0.000288
39.737426   0.000291
39.859653   0.000294
39.982255   0.000297
40.105235   0.000300
40.228593   0.000303
40.352331   0.000306
40.476449   0.000309
40.600948   0.000312
40.725831   0.000315
40.851098   0.000318
40.976750   0.000321
41.102789   0.000325
41.229215   0.000328
41.356030   0.000331
41.483236   0.000334
41.610832   0.000338
41.738821   0.000341
41.867204   0.000345
41.995982   0.000348
42.125155   0.000352
42.254726   0.000355
42.384696   0.000359
42.515065   0.000362
42.645835   0.000366
42.777008   0.000370
42.908584   0.000374
43.040565   0.000377
43.172951   0.000381
43.305745   0.000385
43.438947   0.000389
43.572559   0.000393
43.706582   0.000397
43.841018   0.000401
43.975866   0.000405
44.111130   0.000409
44.246810   0.000413
44.382906   0.000417
44.519422   0.000421
44.656357   0.000425
44.793714   0.000429
44.931493   0.000434
45.069696   0.000438
45.208324   0.000442
45.347378   0.000447
45.486860   0.000451
45.626772   0.000455
45.767113   0.000460
45.907886   0.000465
46.049092   0.000469
46.190733   0.000474
46.332809   0.000478
46.475322   0.000483
46.618273   0.000488
46.761665   0.000493
46.905497   0.000497
47.049772   0.000502
47.194490   0.000507
47.339654   0.000512
47.485264   0.000517
47.631321   0.000522
47.777829   0.000527
47.924786   0.000532
48.072196   0.000537
48.220060   0.000542
48.368378   0.000548
48.517152   0.000553
48.666384   0.000558
48.816075   0.000564
48.966226   0.000569
49.116839   0.000574
49.267916   0.000580
49.419457   0.000585
49.571464   0.000591
49.723939   0.000596
49.876882   0.000602
50.030297   0.000608
50.184183   0.000613
50.338542   0.000619
50.493376   0.000625
50.648687   0.000631
50.804475   0.000637
50.960742   0.000642
51.117490   0.000648
51.274720   0.000654
51.432434   0.000660
51.590633   0.000667
51.749319   0.000673
51.908492   0.000679
52.068155   0.000685
52.228309   0.000691
52.388956   0.000698
52.550097   0.000704
52.711734   0.000710
52.873868   0.000717
53.036500   0.000723
53.199633   0.000730
53.363268   0.000737
53.527405   0.000743
53.692048   0.000750
53.857197   0.000757
54.022854   0.000763
54.189021   0.000770
54.355699   0.000777
54.522889   0.000784
54.690594   0.000791
54.858814   0.000798
55.027552   0.000805
55.196809   0.000812
55.366587   0.000819
55.536886   0.000827
55.707710   0.000834
55.879059   0.000841
56.050935   0.000849
56.223340   0.000856
56.396275   0.000864
56.569742   0.000871
56.743742   0.000879
56.918278   0.000886
57.093350   0.000894
57.268961   0.000902
57.445113   0.000910
57.621806   0.000917
57.799042   0.000925
57.976824   0.000933
58.155152   0.000941
58.334029   0.000949
58.513456   0.000958
58.693435   0.000966
58.873968   0.000974
59.055056   0.000982
59.236701   0.000991
59.418905   0.000999
59.601669   0.001008
59.784995   0.001016
59.968885   0.001025
60.153341   0.001033
60.338364   0.001042
60.523956   0.001051
60.710119   0.001060
60.896855   0.001068
61.084165   0.001077
61.272051   0.001086
61.460516   0.001095
61.649559   0.001105
61.839185   0.001114
62.029393   0.001123
62.220187   0.001132
62.411567   0.001142
62.603536   0.001151
62.796096   0.001161
62.989248   0.001170
63.182994   0.001180
63.377336   0.001190
63.572275   0.001199
63.767815   0.001209
63.963955   0.001219
64.160699   0.001229
64.358049   0.001239
64.556005   0.001249
64.754570   0.001259
64.953746   0.001270
65.153534   0.001280
65.353937   0.001290
65.554957   0.001301
65.756594   0.001311
65.958852   0.001322
66.161732   0.001333
66.365237   0.001343
66.569367   0.001354
66.774125   0.001365
66.979512   0.001376
67.185532   0.001387
67.392185   0.001398
67.599474   0.001409
67.807400   0.001421
68.015966   0.001432
68.225173   0.001443
68.435024   0.001455
68.645521   0.001467
68.856665   0.001478
69.068458   0.001490
69.280903   0.001502
69.494001   0.001514
69.707755   0.001526
69.922166   0.001538
70.137236   0.001550
70.352969   0.001562
70.569364   0.001574
70.786426   0.001587
71.004155   0.001599
71.222553   0.001612
71.441624   0.001624
71.661368   0.001637
71.881788   0.001650
72.102886   0.001663
72.324665   0.001676
72.547125   0.001689
72.770270   0.001702
72.994101   0.001715
73.218620   0.001729
73.443830   0.001742
73.669733   0.001756
73.896331   0.001769
74.123625   0.001783
74.351619   0.001797
74.580314   0.001811
74.809713   0.001825
75.039817   0.001839
75.270628   0.001853
75.502150   0.001867
75.734384   0.001882
75.967332   0.001896
76.200997   0.001911
76.435380   0.001926
76.670485   0.001940
76.906312   0.001955
77.142865   0.001970
77.380146   0.001985
77.618156   0.002001
77.856898   0.002016
78.096375   0.002031
78.336589   0.002047
78.577541   0.002062
78.819234   0.002078
79.061671   0.002094
79.304853   0.002110
79.548784   0.002126
79.793465   0.002142
80.038898   0.002158
80.285086   0.002175
80.532032   0.002191
80.779737   0.002208
81.028204   0.002225
81.277435   0.002242
81.527433   0.002259
81.778200   0.002276
82.029738   0.002293
82.282050   0.002310
82.535138   0.002328
82.789004   0.002345
83.043651   0.002363
83.299082   0.002381
83.555298   0.002398
83.812302   0.002417
84.070097   0.002435
84.328684   0.002453
84.588067   0.002471
84.848248   0.002490
85.109230   0.002509
85.371013   0.002527
85.633603   0.002546
85.896999   0.002565
86.161206   0.002585
86.426226   0.002604
86.692061   0.002623
86.958713   0.002643
87.226186   0.002663
87.494481   0.002682
87.763602   0.002702
88.033550   0.002723
88.304329   0.002743
88.575940   0.002763
88.848387   0.002784
89.121672   0.002805
89.395798   0.002825
89.670767   0.002846
89.946581   0.002867
90.223244   0.002889
90.500758   0.002910
90.779126   0.002932
91.058349   0.002953
91.338432   0.002975
91.619376   0.002997
91.901184   0.003019
92.183859   0.003042
92.467404   0.003064
92.751820   0.003087
93.037112   0.003110
93.323280   0.003133
93.610330   0.003156
93.898262   0.003179
94.187079   0.003202
94.476786   0.003226
94.767383   0.003250
95.058874   0.003274
95.351261   0.003298
95.644548   0.003322
95.938737   0.003346
96.233831   0.003371
96.529833   0.003396
96.826745   0.003420
97.124570   0.003445
97.423312   0.003471
97.722972   0.003496
98.023554   0.003522
98.325060   0.003548
98.627494   0.003573
98.930858   0.003600
99.235156   0.003626
99.540389   0.003652
99.846561   0.003679
100.153670   0.003706
100.461730   0.003733
100.770740   0.003760
101.080700   0.003788
101.391610   0.003815
101.703470   0.003843
102.016300   0.003871
102.330080   0.003899
102.644840   0.003927
102.960560   0.003956
103.277250   0.003985
103.594920   0.004014
103.913560   0.004043
104.233180   0.004072
104.553790   0.004102
104.875380   0.004131
105.197960   0.004161
105.521540   0.004192
105.846110   0.004222
106.171680   0.004253
106.498240   0.004283
106.825820   0.004314
107.154400   0.004345
107.483990   0.004377
107.814600   0.004409
108.146220   0.004440
108.478860   0.004472
108.812530   0.004505
109.147220   0.004537
109.482940   0.004570
109.819690   0.004603
110.157480   0.004636
110.496310   0.004670
110.836180   0.004703
111.177100   0.004737
111.519060   0.004771
111.862080   0.004805
112.206150   0.004840
112.551280   0.004875
112.897470   0.004910
113.244730   0.004945
113.593060   0.004981
113.942450   0.005016
114.292920   0.005052
114.644470   0.005089
114.997100   0.005125
115.350820   0.005162
115.705620   0.005199
116.061510   0.005236
116.418500   0.005273
116.776590   0.005311
117.135780   0.005349
117.496070   0.005387
117.857470   0.005426
118.219980   0.005465
118.583610   0.005504
118.948360   0.005543
119.314230   0.005583
119.681220   0.005623
120.049340   0.005663
120.418600   0.005703
120.788990   0.005744
121.160520   0.005785
121.533190   0.005826
121.907010   0.005867
122.281980   0.005909
122.658100   0.005951
123.035380   0.005993
123.413820   0.006036
123.793420   0.006079
124.174190   0.006122
124.556130   0.006166
124.939250   0.006209
125.323550   0.006253
125.709020   0.006298
126.095690   0.006343
126.483540   0.006387
126.872590   0.006433
127.262830   0.006478
127.654270   0.006524
128.046920   0.006570
128.440770   0.006617
128.835840   0.006664
129.232120   0.006711
129.629620   0.006758
130.028340   0.006806
130.428290   0.006854
130.829470   0.006903
131.231880   0.006951
131.635530   0.007000
132.040420   0.007050
132.446560   0.007099
132.853950   0.007149
133.262590   0.007200
133.672480   0.007251
134.083640   0.007302
134.496060   0.007353
134.909750   0.007405
135.324720   0.007457
135.740960   0.007509
136.158480   0.007562
136.577280   0.007615
136.997370   0.007669
137.418760   0.007722
137.841440   0.007777
138.265420   0.007831
138.690700   0.007886
139.117300   0.007941
139.545200   0.007997
139.974420   0.008053
140.404960   0.008109
140.836830   0.008166
141.270020   0.008223
141.704550   0.008281
142.140410   0.008339
142.577620   0.008397
143.016170   0.008456
143.456060   0.008515
143.897310   0.008574
144.339920   0.008634
144.783890   0.008694
145.229220   0.008755
145.675930   0.008816
146.124010   0.008877
146.573460   0.008939
147.024300   0.009001
147.476530   0.009064
147.930150   0.009127
148.385160   0.009190
148.841570   0.009254
149.299390   0.009318
149.758610   0.009383
150.219250   0.009448
150.681300   0.009514
151.144770   0.009580
151.609670   0.009646
152.076000   0.009713
152.543770   0.009780
153.012970   0.009848
153.483620   0.009916
153.955710   0.009985
154.429260   0.010054
154.904260   0.010123
155.380720   0.010193
155.858650   0.010264
156.338050   0.010335
156.818920   0.010406
157.301280   0.010478
157.785110   0.010550
158.270440   0.010623
158.757250   0.010696
159.245570   0.010770
159.735390   0.010844
160.226710   0.010918
160.719540   0.010994
161.213890   0.011069
161.709760   0.011145
162.207160   0.011222
162.706090   0.011299
163.206550   0.011376
163.708550   0.011454
164.212090   0.011533
164.717190   0.011612
165.223830   0.011691
165.732040   0.011772
166.241810   0.011852
166.753140   0.011933
167.266050   0.012015
167.780540   0.012097
168.296610   0.012180
168.814260   0.012263
169.333510   0.012346
169.854360   0.012431
170.376810   0.012515
170.900860   0.012601
171.426530   0.012687
171.953810   0.012773
172.482720   0.012860
173.013250   0.012947
173.545410   0.013035
174.079210   0.013124
174.614660   0.013213
175.151750   0.013303
175.690490   0.013393
176.230890   0.013484
176.772950   0.013576
177.316680   0.013668
177.862080   0.013760
178.409160   0.013853
178.957920   0.013947
179.508370   0.014041
180.060510   0.014136
180.614350   0.014232
181.169890   0.014328
181.727150   0.014425
182.286110   0.014522
182.846800   0.014620
183.409210   0.014718
183.973350   0.014818
184.539230   0.014917
185.106840   0.015018
185.676210   0.015119
186.247320   0.015220
186.820190   0.015323
187.394820   0.015425
187.971220   0.015529
188.549390   0.015633
189.129350   0.015738
189.711080   0.015843
190.294600   0.015950
190.879920   0.016056
191.467040   0.016164
192.055970   0.016272
192.646710   0.016380
193.239260   0.016490
193.833640   0.016600
194.429840   0.016711
195.027880   0.016822
195.627760   0.016934
196.229480   0.017047
196.833050   0.017160
197.438490   0.017275
198.045780   0.017389
198.654940   0.017505
199.265970   0.017621
199.878890   0.017738
200.493690   0.017856
201.110380   0.017974
201.728960   0.018093
202.349450   0.018213
202.971850   0.018334
203.596160   0.018455
204.222400   0.018577
204.850560   0.018699
205.480650   0.018823
206.112680   0.018947
206.746650   0.019072
207.382570   0.019198
208.020450   0.019324
208.660290   0.019451
209.302100   0.019579
209.945890   0.019708
210.591650   0.019837
211.239400   0.019967
211.889140   0.020098
212.540880   0.020230
213.194630   0.020363
213.850390   0.020496
214.508160   0.020630
215.167960   0.020765
215.829780   0.020901
216.493640   0.021037
217.159550   0.021174
217.827500   0.021313
218.497500   0.021451
219.169570   0.021591
219.843710   0.021732
220.519910   0.021873
221.198200   0.022015
221.878580   0.022158
222.561040   0.022302
223.245610   0.022447
223.932280   0.022592
224.621070   0.022738
225.311970   0.022886
226.005000   0.023034
226.700160   0.023182
227.397450   0.023332
228.096890   0.023483
228.798490   0.023634
229.502240   0.023787
230.208160   0.023940
230.916240   0.024094
231.626510   0.024249
232.338960   0.024405
233.053600   0.024561
233.770440   0.024719
234.489490   0.024877
235.210740   0.025037
235.934220   0.025197
236.659920   0.025358
237.387850   0.025520
238.118020   0.025683
238.850440   0.025847
239.585110   0.026012
240.322040   0.026178
241.061230   0.026345
241.802700   0.026512
242.546460   0.026681
243.292490   0.026850
244.040830   0.027021
244.791460   0.027192
245.544410   0.027365
246.299670   0.027538
247.057250   0.027712
247.817160   0.027887
248.579410   0.028064
249.344010   0.028241
250.110950   0.028419
250.880260   0.028598
251.651930   0.028778
252.425980   0.028959
253.202400   0.029141
253.981220   0.029324
254.762430   0.029508
255.546040   0.029693
256.332060   0.029880
257.120500   0.030067
257.911370   0.030255
258.704670   0.030444
259.500410   0.030634
260.298590   0.030825
261.099240   0.031017
261.902340   0.031210
262.707920   0.031404
263.515970   0.031600
264.326500   0.031796
265.139540   0.031993
265.955070   0.032192
266.773110   0.032391
267.593660   0.032592
268.416740   0.032793
269.242360   0.032996
270.070510   0.033199
270.901210   0.033404
271.734460   0.033610
272.570280   0.033817
273.408660   0.034025
274.249630   0.034234
275.093180   0.034444
275.939330   0.034655
276.788080   0.034868
277.639440   0.035081
278.493420   0.035296
279.350030   0.035511
280.209270   0.035728
281.071150   0.035946
281.935690   0.036165
282.802880   0.036385
283.672740   0.036606
284.545280   0.036829
285.420500   0.037052
286.298410   0.037277
287.179030   0.037503
288.062350   0.037729
288.948390   0.037957
289.837150   0.038187
290.728650   0.038417
291.622890   0.038649
292.519880   0.038881
293.419630   0.039115
294.322150   0.039350
295.227440   0.039586
296.135520   0.039824
297.046390   0.040062
297.960060   0.040302
298.876540   0.040543
299.795840   0.040785
300.717970   0.041028
301.642940   0.041272
302.570750   0.041518
303.501420   0.041765
304.434940   0.042013
305.371340   0.042262
306.310620   0.042513
307.252790   0.042764
308.197850   0.043017
309.145830   0.043271
310.096720   0.043527
311.050530   0.043783
312.007280   0.044041
312.966970   0.044300
313.929610   0.044560
314.895210   0.044822
315.863780   0.045085
316.835340   0.045349
317.809880   0.045614
318.787410   0.045880
319.767960   0.046148
320.751520   0.046417
321.738110   0.046687
322.727730   0.046959
323.720390   0.047232
324.716110   0.047506
325.714890   0.047781
326.716740   0.048058
327.721680   0.048336
328.729700   0.048615
329.740830   0.048895
330.755060   0.049177
331.772420   0.049460
332.792900   0.049744
333.816530   0.050030
334.843300   0.050317
335.873230   0.050605
336.906330   0.050894
337.942610   0.051185
338.982070   0.051477
340.024730   0.051771
341.070600   0.052066
342.119680   0.052362
343.171990   0.052659
344.227540   0.052958
345.286340   0.053258
346.348390   0.053559
347.413710   0.053862
348.482300   0.054166
349.554180   0.054471
350.629360   0.054778
351.707850   0.055086
352.789650   0.055395
353.874780   0.055706
354.963250   0.056018
356.055070   0.056331
357.150240   0.056646
358.248790   0.056962
359.350710   0.057280
360.456020   0.057598
361.564730   0.057919
362.676850   0.058240
363.792400   0.058563
364.911370   0.058887
366.033790   0.059213
367.159650   0.059540
368.288980   0.059868
369.421790   0.060198
370.558080   0.060529
371.697860   0.060861
372.841150   0.061195
373.987960   0.061530
375.138290   0.061866
376.292160   0.062204
377.449590   0.062543
378.610570   0.062884
379.775120   0.063225
380.943250   0.063569
382.114980   0.063913
383.290310   0.064259
384.469260   0.064606
385.651830   0.064954
386.838040   0.065304
388.027900   0.065655
389.221420   0.066007
390.418610   0.066361
391.619480   0.066715
392.824050   0.067071
394.032320   0.067428
395.244310   0.067786
396.460020   0.068145
397.679480   0.068504
398.902680   0.068865
400.129650   0.069225
401.360390   0.069587
402.594920   0.069947
403.833240   0.070308
405.075380   0.070667
406.321330   0.071024
407.571120   0.071376
408.824750   0.071723
410.082240   0.072059
411.343590   0.072378
412.608830   0.072665
413.877950   0.072893
415.150980   0.072996
416.427930   0.072783
417.708800   0.071527
418.993610   0.064427
420.282380   0.004357
421.575110   0.066437
422.871810   0.073393
424.172510   0.075274
425.477200   0.076216
426.785910   0.076870
428.098640   0.077409
429.415410   0.077895
430.736230   0.078351
432.061110   0.078792
433.390070   0.079224
434.723120   0.079650
436.060270   0.080073
437.401530   0.080494
438.746910   0.080914
440.096430   0.081334
441.450110   0.081754
442.807950   0.082174
444.169960   0.082595
445.536160   0.083017
446.906570   0.083439
448.281190   0.083863
449.660040   0.084288
451.043130   0.084715
452.430470   0.085142
453.822090   0.085571
455.217980   0.086001
456.618160   0.086433
458.022660   0.086866
459.431470   0.087300
460.844620   0.087736
462.262110   0.088173
463.683960   0.088612
465.110190   0.089052
466.540800   0.089493
467.975810   0.089937
469.415240   0.090381
470.859100   0.090827
472.307390   0.091275
473.760140   0.091724
475.217360   0.092174
476.679060   0.092626
478.145260   0.093080
479.615970   0.093535
481.091200   0.093992
482.570960   0.094450
484.055280   0.094910
485.544170   0.095371
487.037630   0.095834
488.535690   0.096298
490.038360   0.096764
491.545650   0.097231
493.057570   0.097700
494.574150   0.098171
496.095390   0.098642
497.621310   0.099116
499.151920   0.099591
500.687240   0.100068
502.227280   0.100546
503.772060   0.101026
505.321590   0.101507
506.875890   0.101990
508.434970   0.102474
509.998840   0.102960
511.567530   0.103448
513.141030   0.103937
514.719380   0.104428
516.302590   0.104920
517.890660   0.105414
519.483620   0.105909
521.081480   0.106406
522.684250   0.106905
524.291950   0.107405
525.904600   0.107907
527.522210   0.108410
529.144790   0.108915
530.772360   0.109422
532.404950   0.109930
534.042550   0.110439
535.685190   0.110951
537.332880   0.111463
538.985640   0.111978
540.643480   0.112494
542.306420   0.113012
543.974480   0.113531
545.647670   0.114052
547.326000   0.114574
549.009500   0.115098
550.698180   0.115624
552.392050   0.116151
554.091120   0.116680
555.795430   0.117210
557.504980   0.117743
559.219780   0.118276
560.939860   0.118812
562.665240   0.119349
564.395910   0.119887
566.131920   0.120427
567.873260   0.120969
569.619950   0.121513
571.372020   0.122058
573.129480   0.122604
574.892350   0.123153
576.660640   0.123703
578.434360   0.124254
580.213540   0.124808
581.998200   0.125362
583.788340   0.125919
585.583990   0.126477
587.385170   0.127037
589.191880   0.127598
591.004150   0.128162
592.821990   0.128726
594.645430   0.129293
596.474480   0.129861
598.309150   0.130431
600.149460   0.131002
601.995430   0.131575
603.847090   0.132150
605.704430   0.132726
607.567500   0.133304
609.436290   0.133884
611.310830   0.134466
613.191130   0.135049
615.077220   0.135634
616.969110   0.136220
618.866820   0.136808
620.770370   0.137398
622.679770   0.137990
624.595040   0.138583
626.516210   0.139178
628.443280   0.139774
630.376290   0.140373
632.315230   0.140973
634.260140   0.141574
636.211040   0.142178
638.167930   0.142783
640.130850   0.143390
642.099800   0.143998
644.074810   0.144609
646.055890   0.145221
648.043070   0.145834
650.036350   0.146450
652.035770   0.147067
654.041340   0.147686
656.053080   0.148307
658.071010   0.148929
660.095140   0.149553
662.125500   0.150179
664.162100   0.150807
666.204970   0.151436
668.254120   0.152067
670.309580   0.152700
672.371360   0.153335
674.439470   0.153971
676.513950   0.154609
678.594810   0.155249
680.682080   0.155891
682.775760   0.156534
684.875880   0.157180
686.982460   0.157827
689.095520   0.158475
691.215080   0.159126
693.341160   0.159778
695.473780   0.160433
697.612960   0.161089
699.758720   0.161746
701.911070   0.162406
704.070050   0.163067
706.235670   0.163730
708.407950   0.164396
710.586910   0.165062
712.772580   0.165731
714.964970   0.166401
717.164100   0.167074
719.369990   0.167748
721.582670   0.168424
723.802160   0.169102
726.028470   0.169781
728.261630   0.170463
730.501660   0.171146
732.748580   0.171831
735.002410   0.172519
737.263170   0.173208
739.530890   0.173898
741.805580   0.174591
744.087270   0.175286
746.375980   0.175982
748.671720   0.176680
750.974530   0.177380
753.284420   0.178083
755.601420   0.178787
757.925540   0.179492
760.256810   0.180200
762.595250   0.180910
764.940890   0.181622
767.293740   0.182335
769.653820   0.183050
772.021170   0.183768
774.395800   0.184487
776.777730   0.185208
779.166990   0.185931
781.563590   0.186657
783.967570   0.187384
786.378950   0.188113
788.797740   0.188844
791.223970   0.189576
793.657660   0.190311
796.098840   0.191048
798.547520   0.191787
801.003740   0.192528
803.467520   0.193270
805.938870   0.194015
808.417820   0.194761
810.904400   0.195510
813.398630   0.196260
815.900520   0.197013
818.410120   0.197767
820.927430   0.198522
823.452490   0.199280
825.985310   0.200038
828.525920   0.200797
831.074350   0.201554
833.630620   0.202302
836.194750   0.203009
838.766760   0.203250
841.346690   0.202268
843.934560   0.205280
846.530380   0.206160
849.134190   0.206965
851.746000   0.207756
854.365850   0.208545
856.993760   0.209333
859.629750   0.210123
862.273850   0.210914
864.926080   0.211706
867.586470   0.212501
870.255040   0.213298
872.931820   0.214097
875.616840   0.214897
878.310110   0.215700
881.011670   0.216505
883.721540   0.217312
886.439740   0.218122
889.166300   0.218933
891.901250   0.219747
894.644610   0.220562
897.396410   0.221380
900.156670   0.222200
902.925430   0.223023
905.702700   0.223847
908.488510   0.224674
911.282890   0.225503
914.085870   0.226334
916.897470   0.227167
919.717710   0.228003
922.546640   0.228840
925.384260   0.229680
928.230610   0.230523
931.085710   0.231367
933.949600   0.232214
936.822300   0.233063
939.703830   0.233914
942.594230   0.234768
945.493510   0.235624
948.401720   0.236482
951.318860   0.237343
954.244990   0.238206
957.180110   0.239071
960.124260   0.239938
963.077460   0.240808
966.039750   0.241680
969.011150   0.242555
971.991690   0.243431
974.981400   0.244311
977.980310   0.245192
980.988440   0.246076
984.005820   0.246962
987.032480   0.247851
990.068450   0.248742
993.113760   0.249636
996.168440   0.250532
999.232510   0.251430
1002.306000   0.252331
1005.389000   0.253234
1008.481400   0.254139
1011.583300   0.255048
1014.694800   0.255958
1017.815900   0.256871
1020.946500   0.257786
1024.086800   0.258704
1027.236800   0.259625
1030.396400   0.260548
1033.565800   0.261473
1036.744900   0.262401
1039.933700   0.263331
1043.132400   0.264264
1046.341000   0.265200
1049.559400   0.266138
1052.787600   0.267078
1056.025900   0.268021
1059.274100   0.268967
1062.532200   0.269915
1065.800400   0.270866
1069.078700   0.271819
1072.367000   0.272775
1075.665500   0.273734
1078.974100   0.274695
1082.292800   0.275658
1085.621800   0.276625
1088.961000   0.277594
1092.310500   0.278566
1095.670300   0.279540
1099.040400   0.280517
1102.420900   0.281496
1105.811800   0.282479
1109.213100   0.283464
1112.624900   0.284451
1116.047200   0.285442
1119.480000   0.286435
1122.923400   0.287431
1126.377300   0.288429
1129.841900   0.289430
1133.317100   0.290434
1136.803000   0.291441
1140.299700   0.292451
1143.807100   0.293463
1147.325300   0.294478
1150.854300   0.295496
1154.394200   0.296516
1157.944900   0.297540
1161.506600   0.298566
1165.079200   0.299595
1168.662800   0.300627
1172.257500   0.301662
1175.863200   0.302699
1179.480000   0.303740
1183.107900   0.304783
1186.746900   0.305829
1190.397200   0.306878
1194.058700   0.307930
1197.731400   0.308985
1201.415500   0.310043
1205.110900   0.311104
1208.817600   0.312167
1212.535800   0.313234
1216.265400   0.314303
1220.006400   0.315376
1223.759000   0.316451
1227.523100   0.317529
1231.298800   0.318611
1235.086100   0.319695
1238.885000   0.320782
1242.695700   0.321872
1246.518000   0.322965
1250.352100   0.324060
1254.198100   0.325155
1258.055800   0.326218
1261.925400   0.327144
1265.806900   0.328467
1269.700300   0.329588
1273.605800   0.330705
1277.523200   0.331823
1281.452700   0.332945
1285.394200   0.334069
1289.347900   0.335197
1293.313800   0.336328
1297.291800   0.337461
1301.282100   0.338598
1305.284700   0.339738
1309.299500   0.340881
1313.326800   0.342028
1317.366400   0.343178
1321.418400   0.344330
1325.482900   0.345487
1329.559900   0.346646
1333.649400   0.347808
1337.751500   0.348974
1341.866300   0.350143
1345.993700   0.351316
1350.133700   0.352491
1354.286600   0.353670
1358.452200   0.354853
1362.630600   0.356038
1366.821800   0.357227
1371.026000   0.358419
1375.243100   0.359615
1379.473100   0.360814
1383.716200   0.362016
1387.972300   0.363222
1392.241500   0.364431
1396.523800   0.365644
1400.819300   0.366860
1405.128100   0.368079
1409.450000   0.369302
1413.785300   0.370529
1418.133900   0.371758
1422.495900   0.372992
1426.871300   0.374228
1431.260100   0.375469
1435.662500   0.376712
1440.078400   0.377960
1444.507900   0.379211
1448.951000   0.380465
1453.407700   0.381723
1457.878200   0.382984
1462.362400   0.384249
1466.860400   0.385518
1471.372300   0.386790
1475.898000   0.388066
1480.437700   0.389345
1484.991300   0.390629
1489.558900   0.391915
1494.140600   0.393206
1498.736400   0.394500
1503.346300   0.395797
1507.970300   0.397099
1512.608600   0.398404
1517.261200   0.399713
1521.928100   0.401025
1526.609300   0.402342
1531.305000   0.403662
1536.015000   0.404986
1540.739600   0.406313
1545.478700   0.407645
1550.232400   0.408980
1555.000700   0.410319
1559.783600   0.411661
1564.581300   0.413007
1569.393700   0.414356
1574.221000   0.415710
1579.063000   0.417067
1583.920000   0.418428
1588.791900   0.419794
1593.678800   0.421163
1598.580700   0.422536
1603.497800   0.423913
1608.429900   0.425294
1613.377200   0.426679
1618.339700   0.428067
1623.317500   0.429460
1628.310600   0.430857
1633.319000   0.432258
1638.342900   0.433663
1643.382200   0.435072
1648.437000   0.436485
1653.507400   0.437902
1658.593300   0.439323
1663.694900   0.440749
1668.812200   0.442178
1673.945200   0.443610
1679.094100   0.445022
1684.258700   0.446483
1689.439300   0.447936
1694.635700   0.449387
1699.848200   0.450842
1705.076700   0.452301
1710.321300   0.453764
1715.582000   0.455231
1720.858800   0.456702
1726.152000   0.458178
1731.461400   0.459658
1736.787100   0.461142
1742.129200   0.462631
1747.487700   0.464123
1752.862800   0.465621
1758.254300   0.467122
1763.662500   0.468628
1769.087200   0.470138
1774.528700   0.471653
1779.986900   0.473172
1785.461900   0.474695
1790.953700   0.476223
1796.462400   0.477756
1801.988100   0.479292
1807.530800   0.480834
1813.090500   0.482380
1818.667300   0.483930
1824.261200   0.485485
1829.872400   0.487044
1835.500800   0.488608
1841.146600   0.490176
1846.809700   0.491749
1852.490200   0.493327
1858.188200   0.494909
1863.903700   0.496496
1869.636800   0.498087
1875.387600   0.499684
1881.156000   0.501284
1886.942200   0.502890
1892.746100   0.504500
1898.567900   0.506115
1904.407700   0.507735
1910.265300   0.509359
1916.141100   0.510988
1922.034800   0.512622
1927.946700   0.514261
1933.876800   0.515904
1939.825200   0.517552
1945.791800   0.519202
1951.776800   0.520854
1957.780200   0.522512
1963.802000   0.524174
1969.842400   0.525842
1975.901300   0.527514
1981.978900   0.529191
1988.075200   0.530874
1994.190300   0.532561
2000.324100   0.534253
2006.476800   0.535950
2012.648400   0.537652
2018.839100   0.539359
2025.048700   0.541072
2031.277500   0.542789
2037.525400   0.544511
2043.792600   0.546239
2050.079000   0.547971
2056.384700   0.549709
2062.709900   0.551452
2069.054500   0.553200
2075.418600   0.554953
2081.802300   0.556712
2088.205600   0.558475
2094.628600   0.560243
2101.071400   0.559534
2107.534000   0.563797
2114.016500   0.565582
2120.518900   0.567372
2127.041300   0.569167
2133.583800   0.570968
2140.146400   0.572774
2146.729200   0.574585
2153.332200   0.576402
2159.955600   0.578224
2166.599300   0.580052
2173.263400   0.581884
2179.948100   0.583723
2186.653300   0.585567
2193.379100   0.587416
2200.125600   0.589271
2206.892900   0.591131
2213.681000   0.592997
2220.490000   0.594868
2227.319900   0.596745
2234.170800   0.598628
2241.042800   0.600516
2247.935900   0.602410
2254.850300   0.604309
2261.785900   0.606215
2268.742800   0.608125
2275.721100   0.610042
2282.720900   0.611964
2289.742200   0.613892
2296.785200   0.615826
2303.849700   0.617765
2310.936100   0.619710
2318.044200   0.621661
2325.174100   0.623618
2332.326100   0.625581
2339.500000   0.627549
2346.695900   0.629524
2353.914000   0.631504
2361.154300   0.633490
2368.416900   0.635482
2375.701800   0.637480
2383.009100   0.639484
2390.338900   0.641494
2397.691300   0.643510
2405.066200   0.645533
2412.463900   0.647561
2419.884300   0.649595
2427.327500   0.651635
2434.793600   0.653681
2442.282700   0.655734
2449.794800   0.657792
2457.330000   0.659857
2464.888400   0.661928
2472.470100   0.664005
2480.075000   0.666089
2487.703400   0.668178
2495.355200   0.670274
2503.030600   0.672376
2510.729500   0.674484
2518.452200   0.676597
2526.198600   0.678720
2533.968800   0.680848
2541.763000   0.682982
2549.581100   0.685122
2557.423200   0.687268
2565.289500   0.689421
2573.179900   0.691581
2581.094700   0.693747
2589.033800   0.695919
2596.997300   0.698098
2604.985200   0.700283
2612.997800   0.702475
2621.035000   0.704674
2629.097000   0.706879
2637.183700   0.709091
2645.295300   0.711310
2653.431800   0.713535
2661.593400   0.715766
2669.780100   0.718005
2677.992000   0.720250
2686.229100   0.722502
2694.491500   0.724761
2702.779400   0.727026
2711.092800   0.729298
2719.431700   0.731577
2727.796300   0.733863
2736.186600   0.736156
2744.602700   0.738456
2753.044800   0.740762
2761.512700   0.743076
2770.006700   0.745396
2778.526900   0.747724
2787.073200   0.750058
2795.645900   0.752400
2804.244900   0.754748
2812.870400   0.757104
2821.522300   0.759466
2830.201000   0.761836
2838.906200   0.764213
2847.638300   0.766597
2856.397200   0.768988
2865.183100   0.771386
2873.996000   0.773792
2882.836000   0.776205
2891.703200   0.778625
2900.597700   0.781052
2909.519500   0.783487
2918.468800   0.785929
2927.445600   0.788378
2936.450000   0.790834
2945.482100   0.793298
2954.542000   0.795770
2963.629700   0.798249
2972.745400   0.800736
2981.889200   0.803229
2991.061000   0.805731
3000.261100   0.808240
3009.489500   0.810756
3018.746300   0.813280
3028.031500   0.815812
3037.345300   0.818351
3046.687700   0.820898
3056.058900   0.823453
3065.458900   0.826015
3074.887800   0.828585
3084.345700   0.831163
3093.832700   0.833748
3103.348900   0.836341
3112.894400   0.838942
3122.469200   0.841551
3132.073500   0.844168
3141.707300   0.846793
3151.370800   0.849425
3161.063900   0.852066
3170.786900   0.854714
3180.539800   0.857371
3190.322700   0.860035
3200.135700   0.862708
3209.978800   0.865388
3219.852300   0.868077
3229.756100   0.870774
3239.690300   0.873479
3249.655200   0.876192
3259.650600   0.878913
3269.676900   0.881642
3279.733900   0.884380
3289.821900   0.887126
3299.941000   0.889880
3310.091100   0.892643
3320.272500   0.895413
3330.485200   0.898193
3340.729300   0.900980
3351.004900   0.903776
3361.312100   0.906568
3371.651000   0.909393
3382.021700   0.912215
3392.424300   0.915045
3402.859000   0.917883
3413.325700   0.920730
3423.824600   0.923585
3434.355800   0.926450
3444.919400   0.929322
3455.515400   0.932204
3466.144100   0.935094
3476.805500   0.937993
3487.499600   0.940900
3498.226700   0.943817
3508.986700   0.946742
3519.779900   0.949676
3530.606200   0.952619
3541.465900   0.955571
3552.358900   0.958531
3563.285500   0.961501
3574.245600   0.964479
3585.239500   0.967467
3596.267200   0.970464
3607.328800   0.973469
3618.424400   0.976484
3629.554200   0.979508
3640.718200   0.982541
3651.916500   0.985583
3663.149300   0.988634
3674.416600   0.991694
3685.718600   0.994764
3697.055300   0.997843
3708.427000   1.000931
3719.833600   1.004029
3731.275200   1.007136
3742.752100   1.010252
3754.264300   1.013378
3765.811900   1.016513
3777.395000   1.019657
3789.013700   1.022811
3800.668200   1.025975
3812.358500   1.029148
3824.084800   1.032331
3835.847100   1.035523
3847.645600   1.038725
3859.480400   1.041937
3871.351600   1.045158
3883.259400   1.048389
3895.203700   1.051630
3907.184800   1.054881
3919.202800   1.058141
3931.257700   1.061411
3943.349700   1.064691
3955.478800   1.067981
3967.645300   1.071281
3979.849300   1.074591
3992.090700   1.077911
4004.369800   1.081241
4016.686700   1.084581
4029.041400   1.087931
4041.434200   1.091291
4053.865100   1.094661
4066.334200   1.098042
4078.841700   1.101432
4091.387600   1.104833
4103.972100   1.108244
4116.595400   1.111666
4129.257400   1.115098
4141.958400   1.118540
4154.698500   1.121992
4167.477800   1.125455
4180.296300   1.128928
4193.154300   1.132412
4206.051900   1.135907
4218.989100   1.139412
4231.966100   1.142927
4244.983000   1.146453
4258.040000   1.149990
4271.137100   1.153537
4284.274500   1.157095
4297.452400   1.160664
4310.670700   1.164244
4323.929700   1.167834
4337.229500   1.171435
4350.570200   1.175047
4363.951900   1.178670
4377.374800   1.182304
4390.839000   1.185949
4404.344600   1.189605
4417.891800   1.193271
4431.480600   1.196949
4445.111200   1.200638
4458.783700   1.204338
4472.498300   1.208050
4486.255100   1.211772
4500.054100   1.215506
4513.895700   1.219251
4527.779800   1.223007
4541.706600   1.226774
4555.676200   1.230553
4569.688800   1.234343
4583.744600   1.238145
4597.843500   1.241958
4611.985800   1.245783
4626.171600   1.249619
4640.401100   1.253466
4654.674300   1.257326
4668.991400   1.261197
4683.352600   1.265079
4697.757900   1.268973
4712.207500   1.272879
4726.701600   1.276797
4741.240300   1.280727
4755.823600   1.284668
4770.451900   1.288621
4785.125100   1.292586
4799.843500   1.296563
4814.607100   1.300552
4829.416200   1.304553
4844.270800   1.308566
4859.171100   1.312592
4874.117200   1.316629
4889.109300   1.320678
4904.147500   1.324740
4919.231900   1.328813
4934.362800   1.332899
4949.540200   1.336998
4964.764300   1.341108
4980.035200   1.345231
4995.353100   1.349367
5010.718100   1.353515
5026.130300   1.357675
5041.590000   1.361847
5057.097200   1.366033
5072.652100   1.370231
5088.254900   1.374442
5103.905600   1.378665
5119.604500   1.382901
5135.351700   1.387149
5151.147300   1.391411
5166.991500   1.395685
5182.884400   1.399972
5198.826200   1.404271
5214.817100   1.408584
5230.857100   1.412910
5246.946500   1.417249
5263.085400   1.421600
5279.273900   1.425965
5295.512200   1.430343
5311.800400   1.434734
5328.138700   1.439138
5344.527300   1.443555
5360.966300   1.447986
5377.455900   1.452430
5393.996200   1.456887
5410.587400   1.461358
5427.229600   1.465842
5443.923000   1.470339
5460.667700   1.474850
5477.463900   1.479374
5494.311800   1.483912
5511.211600   1.488464
5528.163300   1.493029
5545.167100   1.497608
5562.223300   1.502200
5579.331900   1.506806
5596.493100   1.511426
5613.707100   1.516060
5630.974100   1.520708
5648.294200   1.525370
5665.667500   1.530045
5683.094300   1.534735
5700.574700   1.539438
5718.108800   1.544156
5735.696900   1.548888
5753.339100   1.553634
5771.035600   1.558394
5788.786500   1.563168
5806.591900   1.567957
5824.452200   1.572759
5842.367400   1.577576
5860.337700   1.582408
5878.363200   1.587254
5896.444300   1.592114
5914.580900   1.596989
5932.773300   1.601878
5951.021700   1.606782
5969.326200   1.611701
5987.687000   1.616634
6006.104200   1.621582
6024.578100   1.626544
6043.108900   1.631522
6061.696600   1.636514
6080.341600   1.641521
6099.043800   1.646543
6117.803600   1.651580
6136.621100   1.656632
6155.496500   1.661699
6174.429900   1.666781
6193.421600   1.671878
6212.471700   1.676991
6231.580400   1.682118
6250.747800   1.687261
6269.974200   1.692419
6289.259800   1.697592
6308.604600   1.702781
6328.009000   1.707985
6347.473100   1.713204
6366.997000   1.718439
6386.581000   1.723690
6406.225200   1.728956
6425.929800   1.734238
6445.695100   1.739535
6465.521100   1.744848
6485.408100   1.750177
6505.356300   1.755521
6525.365900   1.760882
6545.437000   1.766258
6565.569800   1.771650
6585.764600   1.777058
6606.021500   1.782482
6626.340600   1.787922
6646.722300   1.793378
6667.166700   1.798850
6687.674000   1.804339
6708.244300   1.809843
6728.877900   1.815364
6749.575000   1.820901
6770.335700   1.826455
6791.160300   1.832024
6812.048900   1.837610
6833.001800   1.843213
6854.019200   1.848832
6875.101200   1.854468
6896.248000   1.860120
6917.459900   1.865789
6938.737000   1.871474
6960.079600   1.877177
6981.487800   1.882895
7002.961900   1.888631
7024.502000   1.894384
7046.108300   1.900153
7067.781200   1.905939
7089.520700   1.911743
7111.327000   1.917563
7133.200400   1.923400
7155.141200   1.929255
7177.149400   1.935126
7199.225200   1.941015
7221.369000   1.946920
7243.580900   1.952844
7265.861200   1.958784
7288.209900   1.964742
7310.627400   1.970717
7333.113900   1.976709
7355.669500   1.982719
7378.294500   1.988747
7400.989100   1.994792
7423.753500   2.000854
7446.587900   2.006934
7469.492500   2.013032
7492.467600   2.019148
7515.513400   2.025281
7538.630000   2.031432
7561.817800   2.037601
7585.076900   2.043788
7608.407500   2.049992
7631.809900   2.056215
7655.284200   2.062455
7678.830800   2.068714
7702.449800   2.074991
7726.141400   2.081285
7749.906000   2.087598
7773.743600   2.093929
7797.654500   2.100278
7821.639000   2.106646
7845.697200   2.113032
7869.829500   2.119436
7894.035900   2.125858
7918.316900   2.132299
7942.672500   2.138759
7967.103000   2.145237
7991.608700   2.151733
8016.189800   2.158248
8040.846400   2.164782
8065.578900   2.171334
8090.387500   2.177905
8115.272400   2.184494
8140.233800   2.191102
8165.272000   2.197729
8190.387200   2.204375
8215.579700   2.211040
8240.849600   2.217724
8266.197300   2.224426
8291.623000   2.231148
8317.126800   2.237888
8342.709100   2.244647
8368.370100   2.251426
8394.110000   2.258223
8419.929100   2.265040
8445.827600   2.271876
8471.805800   2.278731
8497.863900   2.285605
8524.002100   2.292498
8550.220700   2.299411
8576.520000   2.306343
8602.900100   2.313294
8629.361400   2.320264
8655.904100   2.327254
8682.528500   2.334263
8709.234700   2.341292
8736.023100   2.348340
8762.893800   2.355407
8789.847200   2.362494
8816.883600   2.369601
8844.003000   2.376727
8871.205900   2.383872
8898.492500   2.391037
8925.863000   2.398222
8953.317700   2.405426
8980.856800   2.412650
9008.480700   2.419894
9036.189500   2.427157
9063.983500   2.434439
9091.863000   2.441742
9119.828300   2.449064
9147.879600   2.456406
9176.017200   2.463767
9204.241300   2.471148
9232.552200   2.478549
9260.950300   2.485969
9289.435600   2.493409
9318.008600   2.500869
9346.669500   2.508349
9375.418500   2.515848
9404.256000   2.523367
9433.182100   2.530905
9462.197300   2.538464
9491.301600   2.546042
9520.495500   2.553639
9549.779200   2.561256
9579.153000   2.568893
9608.617100   2.576549
9638.171800   2.584225
9667.817500   2.591921
9697.554300   2.599636
9727.382600   2.607370
9757.302700   2.615124
9787.314700   2.622898
9817.419100   2.630691
9847.616100   2.638503
9877.906000   2.646334
9908.289000   2.654185
9938.765500   2.662055
9969.335700   2.669944
10000.000000   2.677852
