1.000000   0.000000
1.003076   0.000000
1.006161   0.000000
1.009256   0.000000
1.012360   0.000000
1.015474   0.000000
1.018598   0.000000
1.021731   0.000000
1.024873   0.000000
1.028026   0.000000
1.031188   0.000000
1.034360   0.000000
1.037541   0.000000
1.040733   0.000000
1.043934   0.000000
1.047145   0.000000
1.050366   0.000000
1.053596   0.000000
1.056837   0.000000
1.060088   0.000000
1.063348   0.000000
1.066619   0.000000
1.069900   0.000000
1.073191   0.000000
1.076492   0.000000
1.079803   0.000000
1.083124   0.000000
1.086456   0.000000
1.089797   0.000000
1.093149   0.000000
1.096512   0.000000
1.099885   0.000000
1.103268   0.000000
1.106661   0.000000
1.110065   0.000000
1.113479   0.000000
1.116904   0.000000
1.120340   0.000000
1.123786   0.000000
1.127242   0.000000
1.130710   0.000000
1.134188   0.000000
1.137676   0.000000
1.141175   0.000000
1.144686   0.000000
1.148206   0.000000
1.151738   0.000000
1.155281   0.000000
1.158834   0.000000
1.162399   0.000000
1.165974   0.000000
1.169561   0.000000
1.173158   0.000000
1.176766   0.000000
1.180386   0.000000
1.184017   0.000000
1.187658   0.000000
1.191312   0.000000
1.194976   0.000000
1.198651   0.000000
1.202338   0.000000
1.206036   0.000000
1.209746   0.000000
1.213467   0.000000
1.217200   0.000000
1.220943   0.000000
1.224699   0.000000
1.228466   0.000000
1.232244   0.000000
1.236035   0.000000
1.239837   0.000000
1.243650   0.000000
1.247475   0.000000
1.251313   0.000000
1.255161   0.000000
1.259022   0.000000
1.262895   0.000000
1.266779   0.000000
1.270676   0.000000
1.274584   0.000000
1.278504   0.000000
1.282437   0.000000
1.286382   0.000000
1.290338   0.000000
1.294307   0.000000
1.298288   0.000000
1.302282   0.000000
1.306287   0.000000
1.310305   0.000000
1.314336   0.000000
1.318378   0.000000
1.322433   0.000000
1.326501   0.000000
1.330581   0.000000
1.334674   0.000000
1.338779   0.000000
1.342897   0.000000
1.347028   0.000000
1.351171   0.000000
1.355327   0.000000
1.359496   0.000000
1.363677   0.000000
1.367872   0.000000
1.372079   0.000000
1.376299   0.000000
1.380533   0.000000
1.384779   0.000000
1.389038   0.000000
1.393311   0.000000
1.397596   0.000000
1.401895   0.000000
1.406207   0.000000
1.410533   0.000000
1.414871   0.000000
1.419223   0.000000
1.423588   0.000000
1.427967   0.000000
1.432359   0.000000
1.436765   0.000000
1.441185   0.000000
1.445617   0.000000
1.450064   0.000000
1.454524   0.000000
1.458998   0.000000
1.463486   0.000000
1.467987   0.000000
1.472502   0.000000
1.477032   0.000000
1.481575   0.000000
1.486132   0.000000
1.490703   0.000000
1.495288   0.000000
1.499888   0.000000
1.504501   0.000000
1.509129   0.000001
1.513770   0.000001
1.518427   0.000001
1.523097   0.000001
1.527782   0.000001
1.532481   0.000001
1.537195   0.000001
1.541923   0.000001
1.546666   0.000001
1.551423   0.000001
1.556195   0.000001
1.560982   0.000002
1.565783   0.000002
1.570599   0.000002
1.575430   0.000002
1.580276   0.000002
1.585137   0.000002
1.590012   0.000003
1.594903   0.000003
1.599809   0.000003
1.604729   0.000003
1.609665   0.000004
1.614616   0.000004
1.619583   0.000004
1.624564   0.000005
1.629561   0.000005
1.634574   0.000006
1.639601   0.000006
1.644645   0.000007
1.649703   0.000007
1.654777   0.000008
1.659867   0.000008
1.664973   0.000009
1.670094   0.000010
1.675231   0.000010
1.680384   0.000011
1.685552   0.000012
1.690737   0.000012
1.695937   0.000013
1.701154   0.000014
1.706386   0.000014
1.711635   0.000015
1.716900   0.000016
1.722181   0.000016
1.727478   0.000017
1.732791   0.000018
1.738121   0.000019
1.743467   0.000019
1.748830   0.000020
1.754209   0.000021
1.759605   0.000022
1.765017   0.000022
1.770446   0.000023
1.775892   0.000024
1.781354   0.000024
1.786833   0.000025
1.792329   0.000026
1.797842   0.000027
1.803372   0.000027
1.808919   0.000028
1.814483   0.000029
1.820064   0.000029
1.825662   0.000030
1.831278   0.000031
1.836911   0.000031
1.842561   0.000032
1.848228   0.000033
1.853913   0.000033
1.859615   0.000034
1.865335   0.000035
1.871073   0.000035
1.876828   0.000036
1.882601   0.000037
1.888392   0.000038
1.894200   0.000038
1.900026   0.000039
1.905870   0.000040
1.911733   0.000041
1.917613   0.000041
1.923511   0.000042
1.929428   0.000043
1.935362   0.000044
1.941315   0.000045
1.947286   0.000046
1.953276   0.000046
1.959284   0.000047
1.965310   0.000048
1.971355   0.000049
1.977419   0.000050
1.983501   0.000051
1.989602   0.000052
1.995722   0.000053
2.001860   0.000054
2.008018   0.000055
2.014194   0.000056
2.020390   0.000057
2.026604   0.000058
2.032838   0.000059
2.039090   0.000060
2.045362   0.000062
2.051654   0.000063
2.057964   0.000064
2.064294   0.000065
2.070644   0.000066
2.077013   0.000067
2.083401   0.000069
2.089809   0.000070
2.096237   0.000071
2.102685   0.000073
2.109153   0.000074
2.115640   0.000075
2.122148   0.000077
2.128675   0.000078
2.135223   0.000080
2.141790   0.000081
2.148378   0.000083
2.154986   0.000084
2.161615   0.000086
2.168263   0.000087
2.174933   0.000089
2.181622   0.000091
2.188333   0.000092
2.195064   0.000094
2.201815   0.000096
2.208588   0.000097
2.215381   0.000099
2.222196   0.000101
2.229031   0.000103
2.235887   0.000105
2.242764   0.000107
2.249662   0.000109
2.256582   0.000111
2.263523   0.000113
2.270485   0.000115
2.277469   0.000117
2.284474   0.000119
2.291501   0.000121
2.298549   0.000124
2.305619   0.000126
2.312711   0.000128
2.319825   0.000131
2.326960   0.000133
2.334118   0.000135
2.341297   0.000138
2.348498   0.000141
2.355722   0.000143
2.362968   0.000146
2.370236   0.000148
2.377527   0.000151
2.384840   0.000154
2.392175   0.000157
2.399533   0.000160
2.406913   0.000163
2.414317   0.000165
2.421743   0.000169
2.429192   0.000172
2.436664   0.000175
2.444159   0.000178
2.451676   0.000181
2.459217   0.000185
2.466782   0.000188
2.474369   0.000191
2.481980   0.000195
2.489614   0.000198
2.497272   0.000202
2.504953   0.000206
2.512658   0.000210
2.520387   0.000213
2.528139   0.000217
2.535915   0.000221
2.543715   0.000225
2.551539   0.000229
2.559388   0.000234
2.567260   0.000238
2.575156   0.000242
2.583077   0.000247
2.591022   0.000251
2.598992   0.000256
2.606986   0.000260
2.615005   0.000265
2.623048   0.000270
2.631116   0.000275
2.639209   0.000280
2.647327   0.000285
2.655470   0.000290
2.663638   0.000295
2.671831   0.000301
2.680049   0.000306
2.688292   0.000312
2.696561   0.000317
2.704855   0.000323
2.713175   0.000329
2.721521   0.000335
2.729891   0.000341
2.738288   0.000347
2.746711   0.000353
2.755159   0.000360
2.763634   0.000366
2.772134   0.000373
2.780661   0.000380
2.789214   0.000386
2.797793   0.000393
2.806399   0.000401
2.815031   0.000408
2.823689   0.000415
2.832375   0.000423
2.841087   0.000430
2.849826   0.000438
2.858591   0.000446
2.867384   0.000454
2.876203   0.000462
2.885050   0.000470
2.893924   0.000479
2.902826   0.000488
2.911754   0.000496
2.920710   0.000505
2.929694   0.000514
2.938705   0.000524
2.947744   0.000533
2.956811   0.000542
2.965906   0.000552
2.975029   0.000562
2.984180   0.000572
2.993358   0.000582
3.002566   0.000593
3.011801   0.000603
3.021065   0.000614
3.030357   0.000625
3.039678   0.000636
3.049028   0.000648
3.058406   0.000659
3.067813   0.000671
3.077250   0.000683
3.086715   0.000695
3.096209   0.000708
3.105733   0.000720
3.115285   0.000733
3.124868   0.000746
3.134479   0.000760
3.144120   0.000773
3.153791   0.000787
3.163492   0.000801
3.173222   0.000815
3.182983   0.000830
3.192773   0.000844
3.202594   0.000859
3.212444   0.000875
3.222325   0.000890
3.232237   0.000906
3.242179   0.000922
3.252151   0.000938
3.262154   0.000955
3.272188   0.000972
3.282253   0.000989
3.292349   0.001007
3.302476   0.001024
3.312634   0.001042
3.322823   0.001061
3.333043   0.001080
3.343295   0.001099
3.353579   0.001118
3.363894   0.001138
3.374241   0.001158
3.384619   0.001178
3.395030   0.001199
3.405473   0.001220
3.415947   0.001242
3.426454   0.001263
3.436994   0.001286
3.447565   0.001308
3.458169   0.001331
3.468806   0.001355
3.479476   0.001378
3.490178   0.001403
3.500914   0.001427
3.511682   0.001452
3.522483   0.001478
3.533318   0.001504
3.544186   0.001530
3.555087   0.001557
3.566022   0.001584
3.576991   0.001612
3.587993   0.001640
3.599029   0.001668
3.610100   0.001698
3.621204   0.001727
3.632342   0.001757
3.643515   0.001788
3.654721   0.001819
3.665963   0.001851
3.677239   0.001883
3.688550   0.001916
3.699895   0.001949
3.711275   0.001983
3.722691   0.002018
3.734141   0.002053
3.745627   0.002088
3.757148   0.002124
3.768704   0.002161
3.780296   0.002199
3.791924   0.002237
3.803587   0.002276
3.815287   0.002315
3.827022   0.002355
3.838793   0.002396
3.850601   0.002437
3.862445   0.002480
3.874325   0.002522
3.886242   0.002566
3.898195   0.002610
3.910186   0.002655
3.922213   0.002701
3.934277   0.002748
3.946378   0.002795
3.958517   0.002843
3.970693   0.002892
3.982906   0.002942
3.995157   0.002993
4.007446   0.003044
4.019772   0.003096
4.032136   0.003150
4.044538   0.003204
4.056979   0.003259
4.069458   0.003315
4.081975   0.003371
4.094530   0.003429
4.107124   0.003488
4.119757   0.003548
4.132429   0.003608
4.145140   0.003670
4.157890   0.003733
4.170679   0.003797
4.183507   0.003862
4.196375   0.003928
4.209282   0.003995
4.222230   0.004063
4.235217   0.004132
4.248244   0.004203
4.261310   0.004274
4.274418   0.004347
4.287565   0.004421
4.300753   0.004496
4.313982   0.004573
4.327251   0.004651
4.340561   0.004730
4.353912   0.004810
4.367304   0.004892
4.380737   0.004975
4.394211   0.005059
4.407728   0.005145
4.421285   0.005232
4.434884   0.005321
4.448525   0.005411
4.462208   0.005502
4.475934   0.005596
4.489701   0.005690
4.503510   0.005786
4.517363   0.005884
4.531257   0.005984
4.545195   0.006085
4.559175   0.006187
4.573199   0.006292
4.587265   0.006398
4.601375   0.006506
4.615528   0.006615
4.629725   0.006727
4.643965   0.006840
4.658249   0.006955
4.672578   0.007072
4.686950   0.007191
4.701366   0.007312
4.715827   0.007434
4.730332   0.007559
4.744882   0.007686
4.759476   0.007815
4.774116   0.007946
4.788800   0.008079
4.803530   0.008214
4.818305   0.008352
4.833126   0.008491
4.847992   0.008633
4.862903   0.008778
4.877861   0.008924
4.892864   0.009073
4.907914   0.009225
4.923010   0.009379
4.938153   0.009535
4.953342   0.009694
4.968578   0.009855
4.983860   0.010019
4.999190   0.010186
5.014567   0.010356
5.029991   0.010528
5.045462   0.010703
5.060981   0.010880
5.076548   0.011061
5.092163   0.011244
5.107826   0.011431
5.123537   0.011620
5.139296   0.011812
5.155104   0.012008
5.170960   0.012206
5.186865   0.012408
5.202819   0.012613
5.218822   0.012821
5.234875   0.013033
5.250977   0.013247
5.267128   0.013466
5.283329   0.013687
5.299580   0.013912
5.315880   0.014141
5.332231   0.014373
5.348632   0.014609
5.365084   0.014849
5.381586   0.015092
5.398139   0.015339
5.414743   0.015590
5.431398   0.015845
5.448104   0.016104
5.464862   0.016366
5.481671   0.016633
5.498532   0.016904
5.515445   0.017179
5.532409   0.017458
5.549426   0.017742
5.566496   0.018030
5.583617   0.018322
5.600792   0.018618
5.618019   0.018919
5.635299   0.019225
5.652633   0.019535
5.670019   0.019850
5.687459   0.020169
5.704953   0.020493
5.722501   0.020822
5.740102   0.021156
5.757758   0.021494
5.775468   0.021837
5.793233   0.022186
5.811052   0.022539
5.828926   0.022897
5.846855   0.023261
5.864839   0.023629
5.882878   0.024003
5.900973   0.024381
5.919124   0.024765
5.937330   0.025155
5.955592   0.025549
5.973911   0.025949
5.992286   0.026354
6.010717   0.026764
6.029205   0.027179
6.047751   0.027600
6.066352   0.028026
6.085012   0.028458
6.103728   0.028895
6.122503   0.029337
6.141335   0.029784
6.160224   0.030237
6.179172   0.030695
6.198179   0.031158
6.217243   0.031627
6.236367   0.032100
6.255549   0.032579
6.274790   0.033062
6.294090   0.033551
6.313450   0.034045
6.332869   0.034543
6.352348   0.035046
6.371887   0.035554
6.391486   0.036066
6.411146   0.036583
6.430866   0.037105
6.450646   0.037630
6.470487   0.038160
6.490389   0.038694
6.510353   0.039232
6.530378   0.039773
6.550464   0.040318
6.570613   0.040867
6.590823   0.041419
6.611095   0.041975
6.631430   0.042533
6.651827   0.043095
6.672288   0.043659
6.692811   0.044226
6.713397   0.044796
6.734046   0.045368
6.754759   0.045942
6.775536   0.046518
6.796376   0.047096
6.817281   0.047676
6.838250   0.048258
6.859284   0.048841
6.880382   0.049426
6.901545   0.050011
6.922773   0.050598
6.944066   0.051186
6.965426   0.051775
6.986850   0.052365
7.008341   0.052955
7.029897   0.053546
7.051520   0.054137
7.073210   0.054729
7.094966   0.055322
7.116789   0.055914
7.138679   0.056507
7.160637   0.057100
7.182662   0.057693
7.204755   0.058286
7.226916   0.058879
7.249145   0.059472
7.271442   0.060066
7.293808   0.060659
7.316243   0.061252
7.338746   0.061844
7.361319   0.062437
7.383962   0.063030
7.406674   0.063622
7.429456   0.064214
7.452307   0.064807
7.475230   0.065399
7.498222   0.065991
7.521286   0.066582
7.544420   0.067174
7.567626   0.067765
7.590903   0.068357
7.614251   0.068948
7.637672   0.069540
7.661164   0.070131
7.684729   0.070722
7.708366   0.071313
7.732076   0.071904
7.755859   0.072495
7.779714   0.073087
7.803644   0.073678
7.827647   0.074269
7.851723   0.074861
7.875874   0.075452
7.900099   0.076044
7.924399   0.076636
7.948773   0.077228
7.973222   0.077820
7.997747   0.078413
8.022347   0.079006
8.047022   0.079599
8.071774   0.080193
8.096602   0.080788
8.121506   0.081383
8.146486   0.081978
8.171544   0.082575
8.196678   0.083172
8.221890   0.083770
8.247179   0.084370
8.272546   0.084970
8.297992   0.085571
8.323515   0.086174
8.349117   0.086777
8.374798   0.087382
8.400557   0.087988
8.426396   0.088595
8.452315   0.089203
8.478313   0.089812
8.504391   0.090423
8.530549   0.091035
8.556788   0.091648
8.583107   0.092262
8.609508   0.092877
8.635990   0.093493
8.662553   0.094111
8.689197   0.094730
8.715924   0.095350
8.742733   0.095972
8.769624   0.096595
8.796598   0.097219
8.823656   0.097845
8.850796   0.098472
8.878020   0.099101
8.905327   0.099732
8.932719   0.100364
8.960195   0.100997
8.987755   0.101633
9.015400   0.102270
9.043130   0.102909
9.070945   0.103550
9.098846   0.104193
9.126833   0.104838
9.154906   0.105485
9.183065   0.106135
9.211311   0.106786
9.239644   0.107440
9.268063   0.108096
9.296571   0.108754
9.325166   0.109415
9.353848   0.110078
9.382620   0.110744
9.411479   0.111412
9.440428   0.112083
9.469465   0.112757
9.498592   0.113433
9.527808   0.114113
9.557114   0.114795
9.586510   0.115481
9.615997   0.116169
9.645575   0.116860
9.675243   0.117555
9.705003   0.118253
9.734854   0.118954
9.764797   0.119658
9.794832   0.120366
9.824960   0.121078
9.855180   0.121793
9.885493   0.122511
9.915899   0.123234
9.946399   0.123960
9.976993   0.124690
10.007681   0.125423
10.038463   0.126161
10.069340   0.126903
10.100312   0.127649
10.131379   0.128399
10.162542   0.129153
10.193800   0.129912
10.225155   0.130674
10.256606   0.131442
10.288154   0.132214
10.319799   0.132990
10.351541   0.133772
10.383381   0.134557
10.415319   0.135348
10.447355   0.136144
10.479489   0.136944
10.511723   0.137750
10.544055   0.138561
10.576487   0.139377
10.609019   0.140198
10.641651   0.141024
10.674383   0.141856
10.707216   0.142693
10.740150   0.143536
10.773185   0.144385
10.806322   0.145239
10.839560   0.146099
10.872901   0.146965
10.906345   0.147837
10.939891   0.148715
10.973541   0.149599
11.007294   0.150489
11.041151   0.151386
11.075112   0.152289
11.109177   0.153198
11.143347   0.154114
11.177623   0.155037
11.212004   0.155966
11.246490   0.156902
11.281083   0.157845
11.315782   0.158794
11.350587   0.159751
11.385500   0.160715
11.420520   0.161686
11.455648   0.162665
11.490884   0.163651
11.526229   0.164644
11.561682   0.165645
11.597244   0.166654
11.632915   0.167670
11.668696   0.168694
11.704588   0.169727
11.740589   0.170767
11.776702   0.171815
11.812925   0.172872
11.849260   0.173937
11.885707   0.175010
11.922265   0.176092
11.958937   0.177183
11.995721   0.178282
12.032618   0.179391
12.069628   0.180508
12.106753   0.181634
12.143991   0.182769
12.181345   0.183914
12.218813   0.185068
12.256396   0.186231
12.294095   0.187404
12.331910   0.188587
12.369841   0.189780
12.407889   0.190982
12.446054   0.192195
12.484336   0.193417
12.522736   0.194650
12.561254   0.195894
12.599891   0.197147
12.638646   0.198412
12.677521   0.199687
12.716515   0.200973
12.755630   0.202270
12.794864   0.203578
12.834219   0.204897
12.873696   0.206227
12.913293   0.207569
12.953013   0.208923
12.992854   0.210288
13.032818   0.211665
13.072906   0.213054
13.113116   0.214455
13.153450   0.215869
13.193908   0.217294
13.234491   0.218732
13.275198   0.220183
13.316031   0.221646
13.356989   0.223122
13.398073   0.224611
13.439284   0.226112
13.480621   0.227628
13.522086   0.229156
13.563678   0.230698
13.605398   0.232253
13.647246   0.233821
13.689223   0.235403
13.731329   0.236999
13.773565   0.238608
13.815930   0.240231
13.858426   0.241867
13.901052   0.243517
13.943810   0.245180
13.986699   0.246856
14.029720   0.248545
14.072874   0.250247
14.116160   0.251960
14.159579   0.253684
14.203132   0.255418
14.246819   0.257160
14.290640   0.258909
14.334596   0.260661
14.378687   0.262412
14.422914   0.264156
14.467277   0.265883
14.511776   0.267578
14.556412   0.269223
14.601186   0.270774
14.646097   0.272159
14.691146   0.273290
14.736334   0.273872
14.781661   0.273120
14.827127   0.253121
14.872734   0.178797
14.918480   0.138177
14.964367   0.146288
15.010395   0.200711
15.056565   0.269554
15.102877   0.284507
15.149331   0.291101
15.195929   0.295507
15.242669   0.298887
15.289553   0.301849
15.336582   0.304577
15.383755   0.307185
15.431073   0.309729
15.478537   0.312232
15.526147   0.314717
15.573903   0.317197
15.621806   0.319677
15.669857   0.322166
15.718055   0.324667
15.766401   0.327182
15.814897   0.329714
15.863541   0.332266
15.912335   0.334838
15.961279   0.337432
16.010374   0.340048
16.059619   0.342688
16.109016   0.345352
16.158565   0.348041
16.208267   0.350755
16.258121   0.353496
16.308129   0.356263
16.358290   0.359057
16.408606   0.361879
16.459077   0.364728
16.509702   0.367606
16.560484   0.370512
16.611422   0.373448
16.662516   0.376414
16.713768   0.379409
16.765177   0.382434
16.816744   0.385491
16.868470   0.388578
16.920355   0.391697
16.972400   0.394847
17.024604   0.398030
17.076970   0.401246
17.129496   0.404494
17.182184   0.407776
17.235034   0.411091
17.288046   0.414441
17.341222   0.417825
17.394561   0.421243
17.448064   0.424697
17.501732   0.428187
17.555565   0.431712
17.609563   0.435274
17.663728   0.438872
17.718059   0.442508
17.772557   0.446180
17.827223   0.449891
17.882057   0.453639
17.937060   0.457426
17.992231   0.461252
18.047573   0.465117
18.103085   0.469022
18.158767   0.472966
18.214621   0.476951
18.270647   0.480976
18.326845   0.485041
18.383215   0.489148
18.439759   0.493296
18.496478   0.497486
18.553370   0.501718
18.610438   0.505992
18.667681   0.510308
18.725100   0.514667
18.782696   0.519068
18.840468   0.523513
18.898419   0.528000
18.956548   0.532531
19.014856   0.537104
19.073343   0.541721
19.132009   0.546380
19.190857   0.551083
19.249885   0.555828
19.309095   0.560615
19.368487   0.565444
19.428062   0.570314
19.487820   0.575224
19.547762   0.580173
19.607888   0.585161
19.668199   0.590184
19.728695   0.595243
19.789378   0.600332
19.850247   0.605450
19.911304   0.610593
19.972548   0.615755
20.033981   0.620928
20.095603   0.626106
20.157414   0.631274
20.219415   0.636418
20.281607   0.641516
20.343991   0.646538
20.406566   0.651438
20.469333   0.656159
20.532294   0.660603
20.595449   0.664607
20.658797   0.667960
20.722341   0.670238
20.786080   0.670527
20.850015   0.666996
20.914147   0.654555
20.978475   0.627741
21.043002   0.547928
21.107728   0.394904
21.172652   0.326435
21.237776   0.338021
21.303100   0.451377
21.368626   0.661165
21.434353   0.716707
21.500282   0.736540
21.566413   0.750320
21.632749   0.761613
21.699288   0.771441
21.766032   0.780310
21.832981   0.788622
21.900136   0.796573
21.967498   0.804272
22.035067   0.811807
22.102844   0.819230
22.170829   0.826574
22.239023   0.833864
22.307427   0.841117
22.376042   0.848346
22.444867   0.855557
22.513904   0.862759
22.583154   0.869955
22.652617   0.877147
22.722293   0.884337
22.792183   0.891526
22.862289   0.898715
22.932610   0.905903
23.003147   0.913090
23.073902   0.920274
23.144874   0.927456
23.216064   0.934632
23.287474   0.941802
23.359102   0.948965
23.430952   0.956117
23.503022   0.963258
23.575314   0.970386
23.647828   0.977499
23.720566   0.984594
23.793527   0.991669
23.866712   0.998724
23.940123   1.005755
24.013759   1.012760
24.087622   1.019738
24.161712   1.026687
24.236030   1.033605
24.310577   1.040489
24.385353   1.047339
24.460359   1.054153
24.535595   1.060928
24.611063   1.067664
24.686763   1.074359
24.762696   1.081012
24.838863   1.087622
24.915264   1.094187
24.991900   1.100707
25.068771   1.107180
25.145879   1.113606
25.223224   1.119986
25.300807   1.126317
25.378629   1.132600
25.456690   1.138835
25.534991   1.145021
25.613533   1.151159
25.692317   1.157250
25.771343   1.163293
25.850612   1.169289
25.930124   1.175239
26.009882   1.181143
26.089885   1.187003
26.170133   1.192820
26.250629   1.198594
26.331372   1.204327
26.412364   1.210021
26.493604   1.215677
26.575095   1.221297
26.656836   1.226882
26.738829   1.232435
26.821074   1.237957
26.903571   1.243450
26.986323   1.248917
27.069329   1.254360
27.152591   1.259781
27.236108   1.265183
27.319882   1.270568
27.403915   1.275939
27.488205   1.281298
27.572755   1.286648
27.657565   1.291993
27.742636   1.297334
27.827968   1.302675
27.913563   1.308020
27.999421   1.313371
28.085543   1.318731
28.171930   1.324104
28.258583   1.329493
28.345503   1.334902
28.432689   1.340333
28.520144   1.345792
28.607868   1.351280
28.695862   1.356803
28.784126   1.362363
28.872662   1.367964
28.961470   1.373611
29.050552   1.379307
29.139907   1.385057
29.229537   1.390863
29.319443   1.396732
29.409626   1.402665
29.500085   1.408669
29.590824   1.414746
29.681841   1.420901
29.773138   1.427139
29.864716   1.433463
29.956575   1.439878
30.048718   1.446389
30.141143   1.453000
30.233853   1.459714
30.326848   1.466538
30.420129   1.473474
30.513697   1.480527
30.607553   1.487703
30.701697   1.495004
30.796131   1.502436
30.890856   1.510003
30.985872   1.517709
31.081180   1.525559
31.176781   1.533557
31.272677   1.541707
31.368867   1.550014
31.465353   1.558481
31.562136   1.567113
31.659217   1.575914
31.756596   1.584888
31.854275   1.594039
31.952254   1.603372
32.050535   1.612889
32.149118   1.622596
32.248004   1.632495
32.347194   1.642590
32.446689   1.652886
32.546491   1.663386
32.646599   1.674094
32.747015   1.685012
32.847741   1.696145
32.948776   1.707496
33.050121   1.719067
33.151779   1.730863
33.253749   1.742887
33.356033   1.755142
33.458631   1.767630
33.561545   1.780354
33.664776   1.793319
33.768324   1.806526
33.872190   1.819978
33.976376   1.833678
34.080883   1.847628
34.185711   1.861832
34.290861   1.876291
34.396335   1.891008
34.502133   1.905985
34.608257   1.921225
34.714707   1.936731
34.821485   1.952503
34.928590   1.968545
35.036026   1.984858
35.143792   2.001444
35.251889   2.018306
35.360319   2.035445
35.469082   2.052864
35.578180   2.070563
35.687613   2.088545
35.797383   2.106812
35.907491   2.125365
36.017937   2.144206
36.128724   2.163336
36.239850   2.182757
36.351319   2.202471
36.463130   2.222479
36.575286   2.242783
36.687786   2.263383
36.800633   2.284282
36.913826   2.305481
37.027368   2.326981
37.141259   2.348783
37.255500   2.370889
37.370093   2.393300
37.485038   2.416018
37.600336   2.439042
37.715990   2.462376
37.831999   2.486019
37.948365   2.509973
38.065088   2.534239
38.182171   2.558819
38.299614   2.583713
38.417418   2.608923
38.535585   2.634449
38.654115   2.660293
38.773009   2.686456
38.892270   2.712939
39.011897   2.739743
39.131892   2.766868
39.252256   2.794317
39.372990   2.822090
39.494096   2.850187
39.615574   2.878611
39.737426   2.907363
39.859653   2.936442
39.982255   2.965850
40.105235   2.995589
40.228593   3.025659
40.352331   3.056061
40.476449   3.086797
40.600948   3.117866
40.725831   3.149271
40.851098   3.181012
40.976750   3.213091
41.102789   3.245507
41.229215   3.278264
41.356030   3.311360
41.483236   3.344798
41.610832   3.378578
41.738821   3.412702
41.867204   3.447170
41.995982   3.481984
42.125155   3.517144
42.254726   3.552652
42.384696   3.588509
42.515065   3.624716
42.645835   3.661273
42.777008   3.698182
42.908584   3.735444
43.040565   3.773060
43.172951   3.811032
43.305745   3.849359
43.438947   3.888044
43.572559   3.927087
43.706582   3.966490
43.841018   4.006253
43.975866   4.046378
44.111130   4.086865
44.246810   4.127716
44.382906   4.168931
44.519422   4.210511
44.656357   4.252455
44.793714   4.294764
44.931493   4.337436
45.069696   4.380461
45.208324   4.423788
45.347378   4.467058
45.486860   4.510449
45.626772   4.554883
45.767113   4.600108
45.907886   4.645794
46.049092   4.691832
46.190733   4.738290
46.332809   4.784999
46.475322   4.831931
46.618273   4.879205
46.761665   4.926855
46.905497   4.974888
47.049772   5.023308
47.194490   5.072119
47.339654   5.121322
47.485264   5.170919
47.631321   5.220912
47.777829   5.271304
47.924786   5.322095
48.072196   5.373287
48.220060   5.424883
48.368378   5.476883
48.517152   5.529290
48.666384   5.582104
48.816075   5.635329
48.966226   5.688964
49.116839   5.743014
49.267916   5.797478
49.419457   5.852359
49.571464   5.907658
49.723939   5.963378
49.876882   6.019520
50.030297   6.076087
50.184183   6.133079
50.338542   6.190500
50.493376   6.248350
50.648687   6.306632
50.804475   6.365348
50.960742   6.424500
51.117490   6.484090
51.274720   6.544119
51.432434   6.604591
51.590633   6.665507
51.749319   6.726869
51.908492   6.788679
52.068155   6.850940
52.228309   6.913654
52.388956   6.976823
52.550097   7.040450
52.711734   7.104536
52.873868   7.169084
53.036500   7.234097
53.199633   7.299576
53.363268   7.365524
53.527405   7.431944
53.692048   7.498838
53.857197   7.566209
54.022854   7.634059
54.189021   7.702390
54.355699   7.771206
54.522889   7.840508
54.690594   7.910301
54.858814   7.980585
55.027552   8.051364
55.196809   8.122641
55.366587   8.194419
55.536886   8.266699
55.707710   8.339486
55.879059   8.412782
56.050935   8.486590
56.223340   8.560912
56.396275   8.635752
56.569742   8.711113
56.743742   8.786998
56.918278   8.863410
57.093350   8.940352
57.268961   9.017827
57.445113   9.095838
57.621806   9.174389
57.799042   9.253483
57.976824   9.333122
58.155152   9.413311
58.334029   9.494053
58.513456   9.575350
58.693435   9.657208
58.873968   9.739628
59.055056   9.822614
59.236701   9.906171
59.418905   9.990301
59.601669   10.075008
59.784995   10.160295
59.968885   10.246167
60.153341   10.332627
60.338364   10.419679
60.523956   10.507326
60.710119   10.595573
60.896855   10.684423
61.084165   10.773880
61.272051   10.863948
61.460516   10.954631
61.649559   11.045932
61.839185   11.137858
62.029393   11.230409
62.220187   11.323592
62.411567   11.417410
62.603536   11.511868
62.796096   11.606970
62.989248   11.702719
63.182994   11.799121
63.377336   11.896179
63.572275   11.993898
63.767815   12.092282
63.963955   12.191336
64.160699   12.291065
64.358049   12.391472
64.556005   12.492563
64.754570   12.594342
64.953746   12.696813
65.153534   12.799982
65.353937   12.903852
65.554957   13.008430
65.756594   13.113719
65.958852   13.219725
66.161732   13.326452
66.365237   13.433905
66.569367   13.542090
66.774125   13.651011
66.979512   13.760673
67.185532   13.871081
67.392185   13.982241
67.599474   14.094158
67.807400   14.206837
68.015966   14.320283
68.225173   14.434501
68.435024   14.549497
68.645521   14.665277
68.856665   14.781845
69.068458   14.899207
69.280903   15.017369
69.494001   15.136337
69.707755   15.256115
69.922166   15.376709
70.137236   15.498125
70.352969   15.620369
70.569364   15.743447
70.786426   15.867364
71.004155   15.992127
71.222553   16.117740
71.441624   16.244211
71.661368   16.371545
71.881788   16.499748
72.102886   16.628826
72.324665   16.758786
72.547125   16.889633
72.770270   17.021374
72.994101   17.154015
73.218620   17.287562
73.443830   17.422022
73.669733   17.557401
73.896331   17.693706
74.123625   17.830942
74.351619   17.969117
74.580314   18.108238
74.809713   18.248310
75.039817   18.389340
75.270628   18.531335
75.502150   18.674303
75.734384   18.818249
75.967332   18.963181
76.200997   19.109105
76.435380   19.256029
76.670485   19.403960
76.906312   19.552904
77.142865   19.702868
77.380146   19.853862
77.618156   20.005889
77.856898   20.158959
78.096375   20.313079
78.336589   20.468256
78.577541   20.624497
78.819234   20.781810
79.061671   20.940203
79.304853   21.099681
79.548784   21.260256
79.793465   21.421933
80.038898   21.584718
80.285086   21.748623
80.532032   21.913653
80.779737   22.079815
81.028204   22.247120
81.277435   22.415574
81.527433   22.585185
81.778200   22.755962
82.029738   22.927911
82.282050   23.101044
82.535138   23.275366
82.789004   23.450886
83.043651   23.627613
83.299082   23.805556
83.555298   23.984722
83.812302   24.165120
84.070097   24.346759
84.328684   24.529647
84.588067   24.713793
84.848248   24.899206
85.109230   25.085895
85.371013   25.273868
85.633603   25.463135
85.896999   25.653703
86.161206   25.845584
86.426226   26.038784
86.692061   26.233315
86.958713   26.429184
87.226186   26.626402
87.494481   26.824976
87.763602   27.024919
88.033550   27.226236
88.304329   27.428940
88.575940   27.633039
88.848387   27.838543
89.121672   28.045462
89.395798   28.253806
89.670767   28.463584
89.946581   28.674806
90.223244   28.887482
90.500758   29.101622
90.779126   29.317237
91.058349   29.534335
91.338432   29.752928
91.619376   29.973026
91.901184   30.194639
92.183859   30.417778
92.467404   30.642452
92.751820   30.868673
93.037112   31.096451
93.323280   31.325796
93.610330   31.556721
93.898262   31.789234
94.187079   32.023346
94.476786   32.259071
94.767383   32.496417
95.058874   32.735395
95.351261   32.976018
95.644548   33.218297
95.938737   33.462241
96.233831   33.707864
96.529833   33.955176
96.826745   34.204188
97.124570   34.454913
97.423312   34.707362
97.722972   34.961546
98.023554   35.217478
98.325060   35.475167
98.627494   35.734629
98.930858   35.995873
99.235156   36.258913
99.540389   36.523760
99.846561   36.790425
100.153670   37.058919
100.461730   37.329261
100.770740   37.601461
101.080700   37.875530
101.391610   38.151477
101.703470   38.429313
102.016300   38.709064
102.330080   38.990726
102.644840   39.274330
102.960560   39.559874
103.277250   39.847375
103.594920   40.136851
103.913560   40.428308
104.233180   40.721760
104.553790   41.017231
104.875380   41.314720
105.197960   41.614248
105.521540   41.915833
105.846110   42.219479
106.171680   42.525205
106.498240   42.833015
106.825820   43.142943
107.154400   43.454987
107.483990   43.769163
107.814600   44.085494
108.146220   44.403982
108.478860   44.724646
108.812530   45.047509
109.147220   45.372571
109.482940   45.699854
109.819690   46.029370
110.157480   46.361140
110.496310   46.695175
110.836180   47.031488
111.177100   47.370099
111.519060   47.711012
111.862080   48.054257
112.206150   48.399836
112.551280   48.747774
112.897470   49.098079
113.244730   49.450776
113.593060   49.805875
113.942450   50.163382
114.292920   50.523327
114.644470   50.885723
114.997100   51.250582
115.350820   51.617926
115.705620   51.987760
116.061510   52.360107
116.418500   52.734988
116.776590   53.112416
117.135780   53.492406
117.496070   53.874969
117.857470   54.260129
118.219980   54.647901
118.583610   55.038307
118.948360   55.431360
119.314230   55.827074
119.681220   56.225464
120.049340   56.626551
120.418600   57.030362
120.788990   57.436899
121.160520   57.846187
121.533190   58.258239
121.907010   58.673080
122.281980   59.090723
122.658100   59.511184
123.035380   59.934488
123.413820   60.360648
123.793420   60.789678
124.174190   61.221603
124.556130   61.656440
124.939250   62.094212
125.323550   62.534936
125.709020   62.978612
126.095690   63.425291
126.483540   63.874966
126.872590   64.327671
127.262830   64.783412
127.654270   65.242217
128.046920   65.704109
128.440770   66.169093
128.835840   66.637208
129.232120   67.108456
129.629620   67.582866
130.028340   68.060453
130.428290   68.541243
130.829470   69.025254
131.231880   69.512498
131.635530   70.003007
132.040420   70.496793
132.446560   70.993883
132.853950   71.494298
133.262590   71.998050
133.672480   72.505157
134.083640   73.015659
134.496060   73.529559
134.909750   74.046885
135.324720   74.567669
135.740960   75.091912
136.158480   75.619644
136.577280   76.150882
136.997370   76.685654
137.418760   77.223990
137.841440   77.765894
138.265420   78.311397
138.690700   78.860515
139.117300   79.413288
139.545200   79.969711
139.974420   80.529827
140.404960   81.093650
140.836830   81.661211
141.270020   82.232519
141.704550   82.807611
142.140410   83.386496
142.577620   83.969215
143.016170   84.555775
143.456060   85.146194
143.897310   85.740516
144.339920   86.338756
144.783890   86.940932
145.229220   87.547069
145.675930   88.157203
146.124010   88.771342
146.573460   89.389510
147.024300   90.011747
147.476530   90.638069
147.930150   91.268499
148.385160   91.903056
148.841570   92.541768
149.299390   93.184673
149.758610   93.831772
150.219250   94.483113
150.681300   95.138703
151.144770   95.798574
151.609670   96.462755
152.076000   97.131273
152.543770   97.804151
153.012970   98.481405
153.483620   99.163076
153.955710   99.849173
154.429260   100.539741
154.904260   101.234786
155.380720   101.934347
155.858650   102.638451
156.338050   103.347122
156.818920   104.060377
157.301280   104.778271
157.785110   105.500789
158.270440   106.227997
158.757250   106.959887
159.245570   107.696522
159.735390   108.437907
160.226710   109.184068
160.719540   109.935034
161.213890   110.690842
161.709760   111.451515
162.207160   112.217086
162.706090   112.987576
163.206550   113.763008
163.708550   114.543418
164.212090   115.328826
164.717190   116.119281
165.223830   116.914779
165.732040   117.715386
166.241810   118.521102
166.753140   119.331956
167.266050   120.147997
167.780540   120.969248
168.296610   121.795726
168.814260   122.627459
169.333510   123.464498
169.854360   124.306863
170.376810   125.154573
170.900860   126.007658
171.426530   126.866168
171.953810   127.730106
172.482720   128.599527
173.013250   129.474441
173.545410   130.354885
174.079210   131.240896
174.614660   132.132509
175.151750   133.029737
175.690490   133.932614
176.230890   134.841181
176.772950   135.755463
177.316680   136.675494
177.862080   137.601297
178.409160   138.532915
178.957920   139.470369
179.508370   140.413698
180.060510   141.362923
180.614350   142.318088
181.169890   143.279213
181.727150   144.246355
182.286110   145.219505
182.846800   146.198738
183.409210   147.184057
183.973350   148.175498
184.539230   149.173111
185.106840   150.176897
185.676210   151.186933
186.247320   152.203204
186.820190   153.225775
187.394820   154.254662
187.971220   155.289909
188.549390   156.331539
189.129350   157.379611
189.711080   158.434118
190.294600   159.495114
190.879920   160.562636
191.467040   161.636719
192.055970   162.717396
192.646710   163.804694
193.239260   164.898633
193.833640   165.999282
194.429840   167.106635
195.027880   168.220764
195.627760   169.341683
196.229480   170.469424
196.833050   171.604020
197.438490   172.745542
198.045780   173.893972
198.654940   175.049365
199.265970   176.211758
199.878890   177.381201
200.493690   178.557710
201.110380   179.741318
201.728960   180.932055
202.349450   182.129975
202.971850   183.335113
203.596160   184.547487
204.222400   185.767163
204.850560   186.994140
205.480650   188.228468
206.112680   189.470186
206.746650   190.719316
207.382570   191.975907
208.020450   193.240006
208.660290   194.511622
209.302100   195.790818
209.945890   197.077621
210.591650   198.372046
211.239400   199.674152
211.889140   200.983965
212.540880   202.301525
213.194630   203.626884
213.850390   204.960058
214.508160   206.301078
215.167960   207.650006
215.829780   209.006840
216.493640   210.371655
217.159550   211.744484
217.827500   213.125341
218.497500   214.514258
219.169570   215.911310
219.843710   217.316524
220.519910   218.729893
221.198200   220.151511
221.878580   221.581392
222.561040   223.019549
223.245610   224.466063
223.932280   225.920941
224.621070   227.384244
225.311970   228.855978
226.005000   230.336204
226.700160   231.824957
227.397450   233.322241
228.096890   234.828140
228.798490   236.342687
229.502240   237.865895
230.208160   239.397826
230.916240   240.938471
231.626510   242.487935
232.338960   244.046208
233.053600   245.613340
233.770440   247.189369
234.489490   248.774344
235.210740   250.368272
235.934220   251.971234
236.659920   253.583229
237.387850   255.204313
238.118020   256.834518
238.850440   258.473892
239.585110   260.122463
240.322040   261.780279
241.061230   263.447341
241.802700   265.123745
242.546460   266.809506
243.292490   268.504624
244.040830   270.209204
244.791460   271.923221
245.544410   273.646759
246.299670   275.379831
247.057250   277.122476
247.817160   278.874726
248.579410   280.636639
249.344010   282.408262
250.110950   284.189582
250.880260   285.980693
251.651930   287.781589
252.425980   289.592350
253.202400   291.412962
253.981220   293.243518
254.762430   295.084022
255.546040   296.934504
256.332060   298.795021
257.120500   300.665613
257.911370   302.546310
258.704670   304.437156
259.500410   306.338180
260.298590   308.249399
261.099240   310.170908
261.902340   312.102683
262.707920   314.044813
263.515970   315.997288
264.326500   317.960145
265.139540   319.933502
265.955070   321.917296
266.773110   323.911618
267.593660   325.916472
268.416740   327.931932
269.242360   329.958045
270.070510   331.994790
270.901210   334.042241
271.734460   336.100420
272.570280   338.169390
273.408660   340.249150
274.249630   342.339775
275.093180   344.441265
275.939330   346.553693
276.788080   348.677069
277.639440   350.811432
278.493420   352.956828
279.350030   355.113296
280.209270   357.280845
281.071150   359.459534
281.935690   361.649404
282.802880   363.850473
283.672740   366.062779
284.545280   368.286383
285.420500   370.521292
286.298410   372.767544
287.179030   375.025200
288.062350   377.294255
288.948390   379.574781
289.837150   381.866776
290.728650   384.170312
291.622890   386.485399
292.519880   388.812082
293.419630   391.150396
294.322150   393.500375
295.227440   395.862040
296.135520   398.235449
297.046390   400.620624
297.960060   403.017585
298.876540   405.426377
299.795840   407.847034
300.717970   410.279615
301.642940   412.724126
302.570750   415.180599
303.501420   417.649081
304.434940   420.129561
305.371340   422.622141
306.310620   425.126811
307.252790   427.643617
308.197850   430.172574
309.145830   432.713757
310.096720   435.267142
311.050530   437.832785
312.007280   440.410746
312.966970   443.001014
313.929610   445.603631
314.895210   448.218629
315.863780   450.846051
316.835340   453.485956
317.809880   456.138314
318.787410   458.803171
319.767960   461.480597
320.751520   464.170579
321.738110   466.873188
322.727730   469.588409
323.720390   472.316270
324.716110   475.056856
325.714890   477.810153
326.716740   480.576201
327.721680   483.355043
328.729700   486.146660
329.740830   488.951140
330.755060   491.768464
331.772420   494.598717
332.792900   497.441850
333.816530   500.297981
334.843300   503.167042
335.873230   506.049136
336.906330   508.944256
337.942610   511.852442
338.982070   514.773689
340.024730   517.708051
341.070600   520.655551
342.119680   523.616214
343.171990   526.590046
344.227540   529.577117
345.286340   532.577435
346.348390   535.590975
347.413710   538.617822
348.482300   541.657950
349.554180   544.711411
350.629360   547.778244
351.707850   550.858452
352.789650   553.952041
353.874780   557.059046
354.963250   560.179487
356.055070   563.313382
357.150240   566.460737
358.248790   569.621615
359.350710   572.795956
360.456020   575.983842
361.564730   579.185239
362.676850   582.400199
363.792400   585.628753
364.911370   588.870854
366.033790   592.126546
367.159650   595.395779
368.288980   598.678632
369.421790   601.975102
370.558080   605.285152
371.697860   608.608777
372.841150   611.946002
373.987960   615.296804
375.138290   618.661141
376.292160   622.039000
377.449590   625.430424
378.610570   628.835279
379.775120   632.253549
380.943250   635.685202
382.114980   639.130161
383.290310   642.588338
384.469260   646.059652
385.651830   649.543954
386.838040   653.041097
388.027900   656.550920
389.221420   660.073179
390.418610   663.607604
391.619480   667.153842
392.824050   670.711524
394.032320   674.280049
395.244310   677.858809
396.460020   681.446876
397.679480   685.043264
398.902680   688.646423
400.129650   692.254544
401.360390   695.865021
402.594920   699.474426
403.833240   703.077827
405.075380   706.668329
406.321330   710.235579
407.571120   713.764100
408.824750   717.229203
410.082240   720.590107
411.343590   723.775221
412.608830   726.649429
413.877950   728.931920
415.150980   729.958769
416.427930   727.834368
417.708800   715.270801
418.993610   644.273518
420.282380   43.566265
421.575110   664.372042
422.871810   733.933156
424.172510   752.741030
425.477200   762.157431
426.785910   768.700341
428.098640   774.093437
429.415410   778.945271
430.736230   783.513940
432.061110   787.923772
433.390070   792.240607
434.723120   796.501896
436.060270   800.730165
437.401530   804.939679
438.746910   809.139754
440.096430   813.336736
441.450110   817.535128
442.807950   821.737989
444.169960   825.947638
445.536160   830.165802
446.906570   834.393827
448.281190   838.632672
449.660040   842.883094
451.043130   847.145755
452.430470   851.421081
453.822090   855.709583
455.217980   860.011479
456.618160   864.327031
458.022660   868.656593
459.431470   873.000198
460.844620   877.358080
462.262110   881.730364
463.683960   886.117151
465.110190   890.518594
466.540800   894.934697
467.975810   899.365589
469.415240   903.811352
470.859100   908.272053
472.307390   912.747672
473.760140   917.238331
475.217360   921.744046
476.679060   926.264889
478.145260   930.800866
479.615970   935.352048
481.091200   939.918401
482.570960   944.499998
484.055280   949.096883
485.544170   953.709102
487.037630   958.336583
488.535690   962.979477
490.038360   967.637749
491.545650   972.311394
493.057570   977.000457
494.574150   981.705010
496.095390   986.424978
497.621310   991.160477
499.151920   995.911442
500.687240   1000.677962
502.227280   1005.460000
503.772060   1010.257616
505.321590   1015.070801
506.875890   1019.899616
508.434970   1024.744052
509.998840   1029.604101
511.567530   1034.479833
513.141030   1039.371161
514.719380   1044.278251
516.302590   1049.201068
517.890660   1054.139533
519.483620   1059.093803
521.081480   1064.063812
522.684250   1069.049578
524.291950   1074.051134
525.904600   1079.068538
527.522210   1084.101752
529.144790   1089.150766
530.772360   1094.215669
532.404950   1099.296503
534.042550   1104.393177
535.685190   1109.505761
537.332880   1114.634276
538.985640   1119.778750
540.643480   1124.939174
542.306420   1130.115548
543.974480   1135.307963
545.647670   1140.516407
547.326000   1145.740839
549.009500   1150.981361
550.698180   1156.237931
552.392050   1161.510599
554.091120   1166.799322
555.795430   1172.104215
557.504980   1177.425255
559.219780   1182.762398
560.939860   1188.115747
562.665240   1193.485334
564.395910   1198.871060
566.131920   1204.273115
567.873260   1209.691339
569.619950   1215.125824
571.372020   1220.576643
573.129480   1226.043752
574.892350   1231.527211
576.660640   1237.027010
578.434360   1242.543134
580.213540   1248.075657
581.998200   1253.624640
583.788340   1259.189995
585.583990   1264.771829
587.385170   1270.370137
589.191880   1275.984929
591.004150   1281.616213
592.821990   1287.264008
594.645430   1292.928387
596.474480   1298.609370
598.309150   1304.306911
600.149460   1310.021072
601.995430   1315.751850
603.847090   1321.499353
605.704430   1327.263445
607.567500   1333.044356
609.436290   1338.841916
611.310830   1344.656267
613.191130   1350.487361
615.077220   1356.335273
616.969110   1362.200022
618.866820   1368.081606
620.770370   1373.980053
622.679770   1379.895419
624.595040   1385.827665
626.516210   1391.776900
628.443280   1397.743067
630.376290   1403.726284
632.315230   1409.726448
634.260140   1415.743679
636.211040   1421.778042
638.167930   1427.829409
640.130850   1433.898005
642.099800   1439.983701
644.074810   1446.086573
646.055890   1452.206641
648.043070   1458.343982
650.036350   1464.498501
652.035770   1470.670390
654.041340   1476.859564
656.053080   1483.066090
658.071010   1489.289999
660.095140   1495.531312
662.125500   1501.790035
664.162100   1508.066225
666.204970   1514.359923
668.254120   1520.671116
670.309580   1526.999916
672.371360   1533.346274
674.439470   1539.710175
676.513950   1546.091779
678.594810   1552.491071
680.682080   1558.908094
682.775760   1565.342825
684.875880   1571.795304
686.982460   1578.265600
689.095520   1584.753709
691.215080   1591.259737
693.341160   1597.783642
695.473780   1604.325494
697.612960   1610.885325
699.758720   1617.463132
701.911070   1624.058974
704.070050   1630.672902
706.235670   1637.304941
708.407950   1643.955124
710.586910   1650.623446
712.772580   1657.310061
714.964970   1664.014919
717.164100   1670.738016
719.369990   1677.479423
721.582670   1684.239219
723.802160   1691.017439
726.028470   1697.814069
728.261630   1704.629190
730.501660   1711.462799
732.748580   1718.314966
735.002410   1725.185726
737.263170   1732.075113
739.530890   1738.983171
741.805580   1745.909924
744.087270   1752.855416
746.375980   1759.819721
748.671720   1766.802824
750.974530   1773.804818
753.284420   1780.825689
755.601420   1787.865559
757.925540   1794.924376
760.256810   1802.002185
762.595250   1809.099097
764.940890   1816.215158
767.293740   1823.350354
769.653820   1830.504683
772.021170   1837.678314
774.395800   1844.871235
776.777730   1852.083404
779.166990   1859.314944
781.563590   1866.565842
783.967570   1873.836230
786.378950   1881.126065
788.797740   1888.435416
791.223970   1895.764246
793.657660   1903.112632
796.098840   1910.480579
798.547520   1917.868075
801.003740   1925.275212
803.467520   1932.701906
805.938870   1940.148107
808.417820   1947.613736
810.904400   1955.098719
813.398630   1962.602808
815.900520   1970.125547
818.410120   1977.666510
820.927430   1985.224460
823.452490   1992.797583
825.985310   2000.381890
828.525920   2007.969095
831.074350   2015.537787
833.630620   2023.020082
836.194750   2030.091449
838.766760   2032.496724
841.346690   2022.683212
843.934560   2052.798504
846.530380   2061.600225
849.134190   2069.647801
851.746000   2077.561810
854.365850   2085.446348
856.993760   2093.330733
859.629750   2101.225694
862.273850   2109.136013
864.926080   2117.064098
867.586470   2125.011222
870.255040   2132.978161
872.931820   2140.965453
875.616840   2148.973475
878.310110   2157.002340
881.011670   2165.052349
883.721540   2173.123627
886.439740   2181.216211
889.166300   2189.330275
891.901250   2197.465949
894.644610   2205.623233
897.396410   2213.802299
900.156670   2222.003148
902.925430   2230.225959
905.702700   2238.470643
908.488510   2246.737371
911.282890   2255.026237
914.085870   2263.337247
916.897470   2271.670483
919.717710   2280.025989
922.546640   2288.403955
925.384260   2296.804280
928.230610   2305.227108
931.085710   2313.672479
933.949600   2322.140536
936.822300   2330.631278
939.703830   2339.144749
942.594230   2347.681089
945.493510   2356.240251
948.401720   2364.822467
951.318860   2373.427640
954.244990   2382.056012
957.180110   2390.707483
960.124260   2399.382197
963.077460   2408.080197
966.039750   2416.801583
969.011150   2425.546442
971.991690   2434.314782
974.981400   2443.106696
977.980310   2451.922322
980.988440   2460.761660
984.005820   2469.624762
987.032480   2478.511722
990.068450   2487.422591
993.113760   2496.357507
996.168440   2505.316521
999.232510   2514.299679
1002.306000   2523.307031
1005.389000   2532.338931
1008.481400   2541.394813
1011.583300   2550.475081
1014.694800   2559.580140
1017.815900   2568.709978
1020.946500   2577.863947
1024.086800   2587.043045
1027.236800   2596.247173
1030.396400   2605.475726
1033.565800   2614.729659
1036.744900   2624.008412
1039.933700   2633.311885
1043.132400   2642.641034
1046.341000   2651.995761
1049.559400   2661.375504
1052.787600   2670.780163
1056.025900   2680.211205
1059.274100   2689.667560
1062.532200   2699.149084
1065.800400   2708.656781
1069.078700   2718.190553
1072.367000   2727.749792
1075.665500   2737.335506
1078.974100   2746.947040
1082.292800   2756.584295
1085.621800   2766.248280
1088.961000   2775.938386
1092.310500   2785.655069
1095.670300   2795.398183
1099.040400   2805.167719
1102.420900   2814.964043
1105.811800   2824.787100
1109.213100   2834.636882
1112.624900   2844.513710
1116.047200   2854.417573
1119.480000   2864.348374
1122.923400   2874.306524
1126.377300   2884.291457
1129.841900   2894.304097
1133.317100   2904.343879
1136.803000   2914.411169
1140.299700   2924.506472
1143.807100   2934.629176
1147.325300   2944.779740
1150.854300   2954.957972
1154.394200   2965.164425
1157.944900   2975.398438
1161.506600   2985.660941
1165.079200   2995.951411
1168.662800   3006.270172
1172.257500   3016.617775
1175.863200   3026.993516
1179.480000   3037.397900
1183.107900   3047.830784
1186.746900   3058.292112
1190.397200   3068.782817
1194.058700   3079.302329
1197.731400   3089.850504
1201.415500   3100.428364
1205.110900   3111.035204
1208.817600   3121.670969
1212.535800   3132.336639
1216.265400   3143.031552
1220.006400   3153.755563
1223.759000   3164.509697
1227.523100   3175.293199
1231.298800   3186.106443
1235.086100   3196.949142
1238.885000   3207.820966
1242.695700   3218.722157
1246.518000   3229.649913
1250.352100   3240.599846
1254.198100   3251.547321
1258.055800   3262.175448
1261.925400   3271.435430
1265.806900   3284.670598
1269.700300   3295.875293
1273.605800   3307.045782
1277.523200   3318.233856
1281.452700   3329.449214
1285.394200   3340.693649
1289.347900   3351.968983
1293.313800   3363.275486
1297.291800   3374.612818
1301.282100   3385.981920
1305.284700   3397.382832
1309.299500   3408.814933
1313.326800   3420.279734
1317.366400   3431.776093
1321.418400   3443.304479
1325.482900   3454.865359
1329.559900   3466.458540
1333.649400   3478.084018
1337.751500   3489.742167
1341.866300   3501.433457
1345.993700   3513.157219
1350.133700   3524.913402
1354.286600   3536.703471
1358.452200   3548.526284
1362.630600   3560.382262
1366.821800   3572.271308
1371.026000   3584.194366
1375.243100   3596.150815
1379.473100   3608.140556
1383.716200   3620.164534
1387.972300   3632.222128
1392.241500   3644.313761
1396.523800   3656.439335
1400.819300   3668.599225
1405.128100   3680.793951
1409.450000   3693.022319
1413.785300   3705.285801
1418.133900   3717.583727
1422.495900   3729.916568
1426.871300   3742.284226
1431.260100   3754.686552
1435.662500   3767.124546
1440.078400   3779.597535
1444.507900   3792.105944
1448.951000   3804.649675
1453.407700   3817.228675
1457.878200   3829.843848
1462.362400   3842.494522
1466.860400   3855.180551
1471.372300   3867.902600
1475.898000   3880.660424
1480.437700   3893.454878
1484.991300   3906.285435
1489.558900   3919.152472
1494.140600   3932.056416
1498.736400   3944.997120
1503.346300   3957.974485
1507.970300   3970.988459
1512.608600   3984.039901
1517.261200   3997.128758
1521.928100   4010.254883
1526.609300   4023.418226
1531.305000   4036.619692
1536.015000   4049.858081
1540.739600   4063.134922
1545.478700   4076.449540
1550.232400   4089.802364
1555.000700   4103.192336
1559.783600   4116.610913
1564.581300   4130.068397
1569.393700   4143.564161
1574.221000   4157.099161
1579.063000   4170.672242
1583.920000   4184.284840
1588.791900   4197.936330
1593.678800   4211.627138
1598.580700   4225.357071
1603.497800   4239.127181
1608.429900   4252.936216
1613.377200   4266.785134
1618.339700   4280.673787
1623.317500   4294.602654
1628.310600   4308.571538
1633.319000   4322.580388
1638.342900   4336.630066
1643.382200   4350.719896
1648.437000   4364.850357
1653.507400   4379.021684
1658.593300   4393.233103
1663.694900   4407.485237
1668.812200   4421.776582
1673.945200   4436.099253
1679.094100   4450.220323
1684.258700   4464.829171
1689.439300   4479.363353
1694.635700   4493.873442
1699.848200   4508.420442
1705.076700   4523.007982
1710.321300   4537.637413
1715.582000   4552.308829
1720.858800   4567.022227
1726.152000   4581.779100
1731.461400   4596.578334
1736.787100   4611.420265
1742.129200   4626.305372
1747.487700   4641.233507
1752.862800   4656.205584
1758.254300   4671.220442
1763.662500   4686.279574
1769.087200   4701.381721
1774.528700   4716.528379
1779.986900   4731.718915
1785.461900   4746.953664
1790.953700   4762.232527
1796.462400   4777.555937
1801.988100   4792.924227
1807.530800   4808.337299
1813.090500   4823.795053
1818.667300   4839.297823
1824.261200   4854.845461
1829.872400   4870.438982
1835.500800   4886.077606
1841.146600   4901.762591
1846.809700   4917.492525
1852.490200   4933.268915
1858.188200   4949.090825
1863.903700   4964.959232
1869.636800   4980.874176
1875.387600   4996.835701
1881.156000   5012.843760
1886.942200   5028.898439
1892.746100   5044.999693
1898.567900   5061.148586
1904.407700   5077.345159
1910.265300   5093.588345
1916.141100   5109.879785
1922.034800   5126.218367
1927.946700   5142.605200
1933.876800   5159.039792
1939.825200   5175.523165
1945.791800   5192.017523
1951.776800   5208.544503
1957.780200   5225.120278
1963.802000   5241.744358
1969.842400   5258.418299
1975.901300   5275.141075
1981.978900   5291.913262
1988.075200   5308.735349
1994.190300   5325.606887
2000.324100   5342.528324
2006.476800   5359.499743
2012.648400   5376.521144
2018.839100   5393.593102
2025.048700   5410.715530
2031.277500   5427.888556
2037.525400   5445.112628
2043.792600   5462.387829
2050.079000   5479.713624
2056.384700   5497.091038
2062.709900   5514.519664
2069.054500   5532.000441
2075.418600   5549.532427
2081.802300   5567.116156
2088.205600   5584.751133
2094.628600   5602.433458
2101.071400   5595.341462
2107.534000   5637.967861
2114.016500   5655.821461
2120.518900   5673.721997
2127.041300   5691.674929
2133.583800   5709.680791
2140.146400   5727.740568
2146.729200   5745.853316
2153.332200   5764.020018
2159.955600   5782.241252
2166.599300   5800.515989
2173.263400   5818.844761
2179.948100   5837.229134
2186.653300   5855.667088
2193.379100   5874.160148
2200.125600   5892.708352
2206.892900   5911.311743
2213.681000   5929.970319
2220.490000   5948.684615
2227.319900   5967.454631
2234.170800   5986.280406
2241.042800   6005.161981
2247.935900   6024.099850
2254.850300   6043.094590
2261.785900   6062.145664
2268.742800   6081.253606
2275.721100   6100.417963
2282.720900   6119.639765
2289.742200   6138.918515
2296.785200   6158.255781
2303.849700   6177.649500
2310.936100   6197.101815
2318.044200   6216.612148
2325.174100   6236.180044
2332.326100   6255.807112
2339.500000   6275.492278
2346.695900   6295.236078
2353.914000   6315.038593
2361.154300   6334.900813
2368.416900   6354.822283
2375.701800   6374.803003
2383.009100   6394.843507
2390.338900   6414.943837
2397.691300   6435.104528
2405.066200   6455.325042
2412.463900   6475.605998
2419.884300   6495.947850
2427.327500   6516.350142
2434.793600   6536.813906
2442.282700   6557.338686
2449.794800   6577.924481
2457.330000   6598.571828
2464.888400   6619.281262
2472.470100   6640.052825
2480.075000   6660.885977
2487.703400   6681.781834
2495.355200   6702.740354
2503.030600   6723.761120
2510.729500   6744.844091
2518.452200   6765.974975
2526.198600   6787.196472
2533.968800   6808.476318
2541.763000   6829.815090
2549.581100   6851.216721
2557.423200   6872.682247
2565.289500   6894.212742
2573.179900   6915.807169
2581.094700   6937.466644
2589.033800   6959.191127
2596.997300   6980.980158
2604.985200   7002.834235
2612.997800   7024.754971
2621.035000   7046.740831
2629.097000   7068.792891
2637.183700   7090.910612
2645.295300   7113.095070
2653.431800   7135.345766
2661.593400   7157.663775
2669.780100   7180.048100
2677.992000   7202.500276
2686.229100   7225.019305
2694.491500   7247.605724
2702.779400   7270.260610
2711.092800   7292.983463
2719.431700   7315.773785
2727.796300   7338.633149
2736.186600   7361.561057
2744.602700   7384.557547
2753.044800   7407.624195
2761.512700   7430.758926
2770.006700   7453.963355
2778.526900   7477.238018
2787.073200   7500.581880
2795.645900   7523.996553
2804.244900   7547.481499
2812.870400   7571.036797
2821.522300   7594.662407
2830.201000   7618.360481
2838.906200   7642.128407
2847.638300   7665.968337
2856.397200   7689.879733
2865.183100   7713.863172
2873.996000   7737.919153
2882.836000   7762.047215
2891.703200   7786.247397
2900.597700   7810.521236
2909.519500   7834.867234
2918.468800   7859.286966
2927.445600   7883.779934
2936.450000   7908.344177
2945.482100   7932.982232
2954.542000   7957.702130
2963.629700   7982.491382
2972.745400   8007.355062
2981.889200   8032.294208
2991.061000   8057.307781
3000.261100   8082.396897
3009.489500   8107.561556
3018.746300   8132.802296
3028.031500   8158.118617
3037.345300   8183.511096
3046.687700   8208.979734
3056.058900   8234.525607
3065.458900   8260.148715
3074.887800   8285.848098
3084.345700   8311.625292
3093.832700   8337.480338
3103.348900   8363.413274
3112.894400   8389.424637
3122.469200   8415.513929
3132.073500   8441.681726
3141.707300   8467.928528
3151.370800   8494.254913
3161.063900   8520.659841
3170.786900   8547.144429
3180.539800   8573.709177
3190.322700   8600.354122
3200.135700   8627.079305
3209.978800   8653.884224
3219.852300   8680.770996
3229.756100   8707.738582
3239.690300   8734.787020
3249.655200   8761.917427
3259.650600   8789.129224
3269.676900   8816.424069
3279.733900   8843.799880
3289.821900   8871.258776
3299.941000   8898.801296
3310.091100   8926.425900
3320.272500   8954.134204
3330.485200   8981.925707
3340.729300   9009.801450
3351.004900   9037.760469
3361.312100   9065.677080
3371.651000   9093.932997
3382.021700   9122.146582
3392.424300   9150.445098
3402.859000   9178.829124
3413.325700   9207.298621
3423.824600   9235.854166
3434.355800   9264.495297
3444.919400   9293.223555
3455.515400   9322.037436
3466.144100   9350.939060
3476.805500   9379.928426
3487.499600   9409.004032
3498.226700   9438.168497
3508.986700   9467.419778
3519.779900   9496.760497
3530.606200   9526.189111
3541.465900   9555.706737
3552.358900   9585.313337
3563.285500   9615.009526
3574.245600   9644.794766
3585.239500   9674.670173
3596.267200   9704.635747
3607.328800   9734.692028
3618.424400   9764.838552
3629.554200   9795.076398
3640.718200   9825.405567
3651.916500   9855.826095
3663.149300   9886.338562
3674.416600   9916.942967
3685.718600   9947.639888
3697.055300   9978.428822
3708.427000   10009.311891
3719.833600   10040.287551
3731.275200   10071.355841
3742.752100   10102.518881
3754.264300   10133.776169
3765.811900   10165.127242
3777.395000   10196.572138
3789.013700   10228.113403
3800.668200   10259.750110
3812.358500   10291.481757
3824.084800   10323.308921
3835.847100   10355.232105
3847.645600   10387.251886
3859.480400   10419.367800
3871.351600   10451.581391
3883.259400   10483.892233
3895.203700   10516.299785
3907.184800   10548.805668
3919.202800   10581.409919
3931.257700   10614.112037
3943.349700   10646.913100
3955.478800   10679.812607
3967.645300   10712.812178
3979.849300   10745.911348
3992.090700   10779.110080
4004.369800   10812.408989
4016.686700   10845.808615
4029.041400   10879.308457
4041.434200   10912.910133
4053.865100   10946.613142
4066.334200   10980.417521
4078.841700   11014.323849
4091.387600   11048.332628
4103.972100   11082.443932
4116.595400   11116.658341
4129.257400   11150.975815
4141.958400   11185.396972
4154.698500   11219.921848
4167.477800   11254.550984
4180.296300   11289.284379
4193.154300   11324.122650
4206.051900   11359.065332
4218.989100   11394.115438
4231.966100   11429.269528
4244.983000   11464.530151
4258.040000   11499.897383
4271.137100   11535.371224
4284.274500   11570.951750
4297.452400   11606.640040
4310.670700   11642.435554
4323.929700   11678.338909
4337.229500   11714.350644
4350.570200   11750.471299
4363.951900   11786.700411
4377.374800   11823.039058
4390.839000   11859.487279
4404.344600   11896.045112
4417.891800   11932.713637
4431.480600   11969.492351
4445.111200   12006.382336
4458.783700   12043.382623
4472.498300   12080.495298
4486.255100   12117.719896
4500.054100   12155.055915
4513.895700   12192.505014
4527.779800   12230.066652
4541.706600   12267.741909
4555.676200   12305.530321
4569.688800   12343.432466
4583.744600   12381.449423
4597.843500   12419.580152
4611.985800   12457.826271
4626.171600   12496.186815
4640.401100   12534.664370
4654.674300   12573.256928
4668.991400   12611.966070
4683.352600   12650.791371
4697.757900   12689.733834
4712.207500   12728.793033
4726.701600   12767.970551
4741.240300   12807.265924
4755.823600   12846.678648
4770.451900   12886.211388
4785.125100   12925.862095
4799.843500   12965.632893
4814.607100   13005.522777
4829.416200   13045.533368
4844.270800   13085.663661
4859.171100   13125.915238
4874.117200   13166.287133
4889.109300   13206.781431
4904.147500   13247.396662
4919.231900   13288.134372
4934.362800   13328.994675
4949.540200   13369.978071
4964.764300   13411.084638
4980.035200   13452.314413
4995.353100   13493.668477
5010.718100   13535.146867
5026.130300   13576.749621
5041.590000   13618.472834
5057.097200   13660.331075
5072.652100   13702.309851
5088.254900   13744.415767
5103.905600   13786.646816
5119.604500   13829.005622
5135.351700   13871.491720
5151.147300   13914.105149
5166.991500   13956.846487
5182.884400   13999.715771
5198.826200   14042.714083
5214.817100   14085.842000
5230.857100   14129.099020
5246.946500   14172.485759
5263.085400   14216.002757
5279.273900   14259.650555
5295.512200   14303.428726
5311.800400   14347.338313
5328.138700   14391.379894
5344.527300   14435.553042
5360.966300   14479.859303
5377.455900   14524.298250
5393.996200   14568.870423
5410.587400   14613.575898
5427.229600   14658.415718
5443.923000   14703.389959
5460.667700   14748.497152
5477.463900   14793.741893
5494.311800   14839.121245
5511.211600   14884.636790
5528.163300   14930.288529
5545.167100   14976.076538
5562.223300   15022.001934
5579.331900   15068.064719
5596.493100   15114.264968
5613.707100   15160.603762
5630.974100   15207.081177
5648.294200   15253.697753
5665.667500   15300.453026
5683.094300   15347.348617
5700.574700   15394.384564
5718.108800   15441.560905
5735.696900   15488.878256
5753.339100   15536.336656
5771.035600   15583.937688
5788.786500   15631.680384
5806.591900   15679.565287
5824.452200   15727.593551
5842.367400   15775.764174
5860.337700   15824.078738
5878.363200   15872.536778
5896.444300   15921.140457
5914.580900   15969.888731
5932.773300   16018.782217
5951.021700   16067.821495
5969.326200   16117.007103
5987.687000   16166.339119
6006.104200   16215.817582
6024.578100   16265.444110
6043.108900   16315.218782
6061.696600   16365.141096
6080.341600   16415.212709
6099.043800   16465.432581
6117.803600   16515.801868
6136.621100   16566.321613
6155.496500   16616.991390
6174.429900   16667.811739
6193.421600   16718.783279
6212.471700   16769.906548
6231.580400   16821.181122
6250.747800   16872.608043
6269.974200   16924.187928
6289.259800   16975.921355
6308.604600   17027.807824
6328.009000   17079.848492
6347.473100   17132.043898
6366.997000   17184.393579
6386.581000   17236.898655
6406.225200   17289.559666
6425.929800   17342.376188
6445.695100   17395.349840
6465.521100   17448.479620
6485.408100   17501.767148
6505.356300   17555.212502
6525.365900   17608.815759
6545.437000   17662.577961
6565.569800   17716.498684
6585.764600   17770.579046
6606.021500   17824.819588
6626.340600   17879.219347
6646.722300   17933.780984
6667.166700   17988.503033
6687.674000   18043.387077
6708.244300   18098.432653
6728.877900   18153.640379
6749.575000   18209.011336
6770.335700   18264.545061
6791.160300   18320.243174
6812.048900   18376.104211
6833.001800   18432.130795
6854.019200   18488.322001
6875.101200   18544.678371
6896.248000   18601.199981
6917.459900   18657.888453
6938.737000   18714.743324
6960.079600   18771.765213
6981.487800   18828.954160
7002.961900   18886.311282
7024.502000   18943.836621
7046.108300   19001.530255
7067.781200   19059.393842
7089.520700   19117.426382
7111.327000   19175.628454
7133.200400   19234.001178
7155.141200   19292.545172
7177.149400   19351.260436
7199.225200   19410.146050
7221.369000   19469.204673
7243.580900   19528.435844
7265.861200   19587.839682
7288.209900   19647.416688
7310.627400   19707.167521
7333.113900   19767.092760
7355.669500   19827.191945
7378.294500   19887.466696
7400.989100   19947.916093
7423.753500   20008.541715
7446.587900   20069.343643
7469.492500   20130.321456
7492.467600   20191.476775
7515.513400   20252.809678
7538.630000   20314.319708
7561.817800   20376.008523
7585.076900   20437.876164
7608.407500   20499.922212
7631.809900   20562.147786
7655.284200   20624.552929
7678.830800   20687.138799
7702.449800   20749.905437
7726.141400   20812.852425
7749.906000   20875.981921
7773.743600   20939.291931
7797.654500   21002.784572
7821.639000   21066.459966
7845.697200   21130.318155
7869.829500   21194.359798
7894.035900   21258.584900
7918.316900   21322.994659
7942.672500   21387.588079
7967.103000   21452.366781
7991.608700   21517.330886
8016.189800   21582.480477
8040.846400   21647.815597
8065.578900   21713.337407
8090.387500   21779.045988
8115.272400   21844.941425
8140.233800   21911.023801
8165.272000   21977.294735
8190.387200   22043.752815
8215.579700   22110.400160
8240.849600   22177.235815
8266.197300   22244.260943
8291.623000   22311.475628
8317.126800   22378.879416
8342.709100   22446.473468
8368.370100   22514.257869
8394.110000   22582.233203
8419.929100   22650.399595
8445.827600   22718.757132
8471.805800   22787.306435
8497.863900   22856.047593
8524.002100   22924.981189
8550.220700   22994.106851
8576.520000   23063.425703
8602.900100   23132.936795
8629.361400   23202.641789
8655.904100   23272.540275
8682.528500   23342.632877
8709.234700   23412.919147
8736.023100   23483.399750
8762.893800   23554.074736
8789.847200   23624.944273
8816.883600   23696.009487
8844.003000   23767.268893
8871.205900   23838.724196
8898.492500   23910.374987
8925.863000   23982.221359
8953.317700   24054.263938
8980.856800   24126.501824
9008.480700   24198.936678
9036.189500   24271.567560
9063.983500   24344.394603
9091.863000   24417.417940
9119.828300   24490.638698
9147.879600   24564.055483
9176.017200   24637.669421
9204.241300   24711.480112
9232.552200   24785.487195
9260.950300   24859.692337
9289.435600   24934.093568
9318.008600   25008.692100
9346.669500   25083.487534
9375.418500   25158.479473
9404.256000   25233.668594
9433.182100   25309.053962
9462.197300   25384.636794
9491.301600   25460.415622
9520.495500   25536.391164
9549.779200   25612.563030
9579.153000   25688.931361
9608.617100   25765.494779
9638.171800   25842.254417
9667.817500   25919.209476
9697.554300   25996.359524
9727.382600   26073.704753
9757.302700   26151.244817
9787.314700   26228.978300
9817.419100   26306.906428
9847.616100   26385.027827
9877.906000   26463.342158
9908.289000   26541.848547
9938.765500   26620.547193
9969.335700   26699.437224
10000.000000   26778.518841
