1.000000   2.951094e-20
1.003076   2.992112e-20
1.006161   3.021851e-20
1.009256   3.050756e-20
1.012360   3.081522e-20
1.015474   3.099403e-20
1.018598   3.112464e-20
1.021731   3.113518e-20
1.024873   3.109389e-20
1.028026   3.106523e-20
1.031188   3.088506e-20
1.034360   3.046101e-20
1.037541   3.008200e-20
1.040733   2.970451e-20
1.043934   2.928851e-20
1.047145   2.901480e-20
1.050366   2.860714e-20
1.053596   2.798962e-20
1.056837   2.740944e-20
1.060088   2.677010e-20
1.063348   2.606687e-20
1.066619   2.549494e-20
1.069900   2.490659e-20
1.073191   2.457898e-20
1.076492   3.016319e-20
1.079803   2.329392e-20
1.083124   2.230382e-20
1.086456   2.174331e-20
1.089797   2.103648e-20
1.093149   2.016804e-20
1.096512   1.968525e-20
1.099885   1.874334e-20
1.103268   1.775369e-20
1.106661   1.678721e-20
1.110065   1.586929e-20
1.113479   1.496301e-20
1.116904   1.409040e-20
1.120340   1.322406e-20
1.123786   1.213252e-20
1.127242   1.112174e-20
1.130710   1.024744e-20
1.134188   9.227450e-21
1.137676   8.383408e-21
1.141175   7.629707e-21
1.144686   6.811006e-21
1.148206   6.153557e-21
1.151738   5.566647e-21
1.155281   4.958615e-21
1.158834   4.477038e-21
1.162399   4.064043e-21
1.165974   3.646402e-21
1.169561   3.311999e-21
1.173158   3.013304e-21
1.176766   2.715794e-21
1.180386   2.474642e-21
1.184017   2.258262e-21
1.187658   2.044740e-21
1.191312   1.869453e-21
1.194976   1.711444e-21
1.198651   1.556481e-21
1.202338   1.427722e-21
1.206036   1.311146e-21
1.209746   1.197309e-21
1.213467   1.104935e-21
1.217200   1.029731e-21
1.220943   9.555007e-22
1.224699   8.931240e-22
1.228466   8.361043e-22
1.232244   7.798970e-22
1.236035   7.323545e-22
1.239837   6.887888e-22
1.243650   6.458856e-22
1.247475   6.094664e-22
1.251313   5.760600e-22
1.255161   5.431839e-22
1.259022   5.153034e-22
1.262895   4.897610e-22
1.266779   4.646325e-22
1.270676   4.447350e-22
1.274584   4.303032e-22
1.278504   4.158979e-22
1.282437   4.047750e-22
1.286382   3.950916e-22
1.290338   3.854272e-22
1.294307   3.791325e-22
1.298288   3.743214e-22
1.302282   3.695179e-22
1.306287   3.689215e-22
1.310305   3.701767e-22
1.314336   3.714139e-22
1.318378   3.795316e-22
1.322433   3.906622e-22
1.326501   4.016967e-22
1.330581   4.287603e-22
1.334674   4.621643e-22
1.338779   4.948977e-22
1.342897   6.011248e-22
1.347028   7.333729e-22
1.351171   8.550193e-22
1.355327   1.090507e-21
1.359496   1.316665e-21
1.363677   1.474657e-21
1.367872   1.348800e-21
1.372079   1.017119e-21
1.376299   5.443354e-22
1.380533   3.196490e-22
1.384779   2.537994e-22
1.389038   1.875733e-22
1.393311   1.497312e-22
1.397596   1.255540e-22
1.401895   1.014496e-22
1.406207   8.565099e-23
1.410533   7.384629e-23
1.414871   6.209802e-23
1.419223   5.379750e-23
1.423588   4.717226e-23
1.427967   4.058264e-23
1.432359   3.570309e-23
1.436765   3.166395e-23
1.441185   2.764783e-23
1.445617   2.457709e-23
1.450064   2.197624e-23
1.454524   1.939086e-23
1.458998   1.735936e-23
1.463486   1.559216e-23
1.467987   1.384142e-23
1.472502   1.244640e-23
1.477032   1.123353e-23
1.481575   1.003238e-23
1.486132   9.061863e-24
1.490703   8.210868e-24
1.495288   7.368398e-24
1.499888   6.679989e-24
1.504501   6.072352e-24
1.509129   5.471049e-24
1.513770   4.975106e-24
1.518427   4.535050e-24
1.523097   4.099782e-24
1.527782   3.737394e-24
1.532481   3.413280e-24
1.537195   3.093147e-24
1.541923   2.825239e-24
1.546666   2.585767e-24
1.551423   2.349401e-24
1.556195   2.150459e-24
1.560982   1.972148e-24
1.565783   1.796297e-24
1.570599   1.647561e-24
1.575430   1.513962e-24
1.580276   1.382347e-24
1.585137   1.270560e-24
1.590012   1.169990e-24
1.594903   1.071049e-24
1.599809   9.873562e-25
1.604729   9.133269e-25
1.609665   8.403461e-25
1.614616   7.779554e-25
1.619583   7.216551e-25
1.624564   6.662647e-25
1.629561   6.188009e-25
1.634574   5.759674e-25
1.639601   5.339369e-25
1.644645   4.978568e-25
1.649703   4.653117e-25
1.654777   4.334821e-25
1.659867   4.061219e-25
1.664973   3.814642e-25
1.670094   3.574438e-25
1.675231   3.370782e-25
1.680384   3.195184e-25
1.685552   3.023209e-25
1.690737   2.874592e-25
1.695937   2.740180e-25
1.701154   2.609014e-25
1.706386   2.495285e-25
1.711635   2.392325e-25
1.716900   2.292177e-25
1.722181   2.204910e-25
1.727478   2.125714e-25
1.732791   2.048870e-25
1.738121   1.981434e-25
1.743467   1.919973e-25
1.748830   1.860419e-25
1.754209   1.807443e-25
1.759605   1.758350e-25
1.765017   1.710926e-25
1.770446   1.668486e-25
1.775892   1.629327e-25
1.781354   1.591453e-25
1.786833   1.557102e-25
1.792329   1.525107e-25
1.797842   1.494095e-25
1.803372   1.465568e-25
1.808919   1.438734e-25
1.814483   1.412653e-25
1.820064   1.388332e-25
1.825662   1.365235e-25
1.831278   1.342722e-25
1.836911   1.321732e-25
1.842561   1.302171e-25
1.848228   1.282888e-25
1.853913   1.264380e-25
1.859615   1.246425e-25
1.865335   1.228721e-25
1.871073   1.211623e-25
1.876828   1.194975e-25
1.882601   1.178553e-25
1.888392   1.162616e-25
1.894200   1.147050e-25
1.900026   1.131693e-25
1.905870   1.116730e-25
1.911733   1.102080e-25
1.917613   1.087623e-25
1.923511   1.073502e-25
1.929428   1.059666e-25
1.935362   1.046006e-25
1.941315   1.032620e-25
1.947286   1.019466e-25
1.953276   1.006479e-25
1.959284   9.937305e-26
1.965310   9.811900e-26
1.971355   9.688082e-26
1.977419   9.566372e-26
1.983501   9.446546e-26
1.989602   9.328235e-26
1.995722   9.211817e-26
2.001860   9.097126e-26
2.008018   8.983880e-26
2.014194   8.872200e-26
2.020390   8.761846e-26
2.026604   8.652969e-26
2.032838   8.545746e-26
2.039090   8.440072e-26
2.045362   8.335787e-26
2.051654   8.233008e-26
2.057964   8.131660e-26
2.064294   8.031628e-26
2.070644   7.932984e-26
2.077013   7.835677e-26
2.083401   7.739620e-26
2.089809   7.644859e-26
2.096237   7.551356e-26
2.102685   7.459044e-26
2.109153   7.367945e-26
2.115640   7.278025e-26
2.122148   7.189248e-26
2.128675   7.101628e-26
2.135223   7.015142e-26
2.141790   6.929749e-26
2.148378   6.845455e-26
2.154986   6.762241e-26
2.161615   6.680075e-26
2.168263   6.598955e-26
2.174933   6.518868e-26
2.181622   6.439786e-26
2.188333   6.361705e-26
2.195064   6.284611e-26
2.201815   6.208484e-26
2.208588   6.133315e-26
2.215381   6.059096e-26
2.222196   5.985804e-26
2.229031   5.913429e-26
2.235887   5.841964e-26
2.242764   5.771389e-26
2.249662   5.701696e-26
2.256582   5.632876e-26
2.263523   5.564913e-26
2.270485   5.497797e-26
2.277469   5.431521e-26
2.284474   5.366068e-26
2.291501   5.301431e-26
2.298549   5.237600e-26
2.305619   5.174562e-26
2.312711   5.112309e-26
2.319825   5.050835e-26
2.326960   4.990123e-26
2.334118   4.930164e-26
2.341297   4.870951e-26
2.348498   4.812472e-26
2.355722   4.754718e-26
2.362968   4.697682e-26
2.370236   4.641352e-26
2.377527   4.585720e-26
2.384840   4.530779e-26
2.392175   4.476518e-26
2.399533   4.422928e-26
2.406913   4.370004e-26
2.414317   4.317734e-26
2.421743   4.266110e-26
2.429192   4.215125e-26
2.436664   4.164771e-26
2.444159   4.115039e-26
2.451676   4.065923e-26
2.459217   4.017415e-26
2.466782   3.969505e-26
2.474369   3.922188e-26
2.481980   3.875456e-26
2.489614   3.829300e-26
2.497272   3.783715e-26
2.504953   3.738692e-26
2.512658   3.694225e-26
2.520387   3.650307e-26
2.528139   3.606930e-26
2.535915   3.564087e-26
2.543715   3.521774e-26
2.551539   3.479982e-26
2.559388   3.438704e-26
2.567260   3.397936e-26
2.575156   3.357669e-26
2.583077   3.317897e-26
2.591022   3.278616e-26
2.598992   3.239818e-26
2.606986   3.201496e-26
2.615005   3.163647e-26
2.623048   3.126263e-26
2.631116   3.089337e-26
2.639209   3.052866e-26
2.647327   3.016843e-26
2.655470   2.981262e-26
2.663638   2.946118e-26
2.671831   2.911406e-26
2.680049   2.877119e-26
2.688292   2.843253e-26
2.696561   2.809803e-26
2.704855   2.776761e-26
2.713175   2.744126e-26
2.721521   2.711890e-26
2.729891   2.680049e-26
2.738288   2.648598e-26
2.746711   2.617532e-26
2.755159   2.586846e-26
2.763634   2.556536e-26
2.772134   2.526597e-26
2.780661   2.497023e-26
2.789214   2.467811e-26
2.797793   2.438956e-26
2.806399   2.410453e-26
2.815031   2.382299e-26
2.823689   2.354488e-26
2.832375   2.327016e-26
2.841087   2.299881e-26
2.849826   2.273076e-26
2.858591   2.246597e-26
2.867384   2.220442e-26
2.876203   2.194605e-26
2.885050   2.169083e-26
2.893924   2.143872e-26
2.902826   2.118967e-26
2.911754   2.094366e-26
2.920710   2.070064e-26
2.929694   2.046058e-26
2.938705   2.022343e-26
2.947744   1.998916e-26
2.956811   1.975775e-26
2.965906   1.952914e-26
2.975029   1.930330e-26
2.984180   1.908021e-26
2.993358   1.885983e-26
3.002566   1.864211e-26
3.011801   1.842704e-26
3.021065   1.821457e-26
3.030357   1.800468e-26
3.039678   1.779733e-26
3.049028   1.759248e-26
3.058406   1.739012e-26
3.067813   1.719021e-26
3.077250   1.699271e-26
3.086715   1.679760e-26
3.096209   1.660484e-26
3.105733   1.641441e-26
3.115285   1.622629e-26
3.124868   1.604043e-26
3.134479   1.585681e-26
3.144120   1.567541e-26
3.153791   1.549619e-26
3.163492   1.531913e-26
3.173222   1.514421e-26
3.182983   1.497139e-26
3.192773   1.480065e-26
3.202594   1.463196e-26
3.212444   1.446531e-26
3.222325   1.430065e-26
3.232237   1.413797e-26
3.242179   1.397724e-26
3.252151   1.381844e-26
3.262154   1.366155e-26
3.272188   1.350654e-26
3.282253   1.335339e-26
3.292349   1.320207e-26
3.302476   1.305256e-26
3.312634   1.290484e-26
3.322823   1.275889e-26
3.333043   1.261468e-26
3.343295   1.247220e-26
3.353579   1.233142e-26
3.363894   1.219232e-26
3.374241   1.205487e-26
3.384619   1.191907e-26
3.395030   1.178489e-26
3.405473   1.165230e-26
3.415947   1.152129e-26
3.426454   1.139185e-26
3.436994   1.126394e-26
3.447565   1.113755e-26
3.458169   1.101267e-26
3.468806   1.088927e-26
3.479476   1.076733e-26
3.490178   1.064684e-26
3.500914   1.052778e-26
3.511682   1.041013e-26
3.522483   1.029388e-26
3.533318   1.017899e-26
3.544186   1.006547e-26
3.555087   9.953297e-27
3.566022   9.842443e-27
3.576991   9.732899e-27
3.587993   9.624651e-27
3.599029   9.517677e-27
3.610100   9.411966e-27
3.621204   9.307501e-27
3.632342   9.204265e-27
3.643515   9.102246e-27
3.654721   9.001427e-27
3.665963   8.901790e-27
3.677239   8.803328e-27
3.688550   8.706021e-27
3.699895   8.609854e-27
3.711275   8.514818e-27
3.722691   8.420895e-27
3.734141   8.328070e-27
3.745627   8.236335e-27
3.757148   8.145672e-27
3.768704   8.056068e-27
3.780296   7.967513e-27
3.791924   7.879992e-27
3.803587   7.793490e-27
3.815287   7.707999e-27
3.827022   7.623505e-27
3.838793   7.539993e-27
3.850601   7.457455e-27
3.862445   7.375877e-27
3.874325   7.295246e-27
3.886242   7.215554e-27
3.898195   7.136787e-27
3.910186   7.058932e-27
3.922213   6.981981e-27
3.934277   6.905923e-27
3.946378   6.830743e-27
3.958517   6.756435e-27
3.970693   6.682987e-27
3.982906   6.610385e-27
3.995157   6.538624e-27
4.007446   6.467691e-27
4.019772   6.397575e-27
4.032136   6.328269e-27
4.044538   6.259761e-27
4.056979   6.192040e-27
4.069458   6.125099e-27
4.081975   6.058928e-27
4.094530   5.993516e-27
4.107124   5.928856e-27
4.119757   5.864938e-27
4.132429   5.801752e-27
4.145140   5.739291e-27
4.157890   5.677545e-27
4.170679   5.616504e-27
4.183507   5.556162e-27
4.196375   5.496510e-27
4.209282   5.437538e-27
4.222230   5.379240e-27
4.235217   5.321607e-27
4.248244   5.264629e-27
4.261310   5.208302e-27
4.274418   5.152616e-27
4.287565   5.097561e-27
4.300753   5.043134e-27
4.313982   4.989325e-27
4.327251   4.936126e-27
4.340561   4.883531e-27
4.353912   4.831533e-27
4.367304   4.780123e-27
4.380737   4.729295e-27
4.394211   4.679043e-27
4.407728   4.629358e-27
4.421285   4.580236e-27
4.434884   4.531669e-27
4.448525   4.483648e-27
4.462208   4.436171e-27
4.475934   4.389228e-27
4.489701   4.342814e-27
4.503510   4.296923e-27
4.517363   4.251549e-27
4.531257   4.206684e-27
4.545195   4.162324e-27
4.559175   4.118462e-27
4.573199   4.075093e-27
4.587265   4.032210e-27
4.601375   3.989809e-27
4.615528   3.947882e-27
4.629725   3.906426e-27
4.643965   3.865434e-27
4.658249   3.824901e-27
4.672578   3.784821e-27
4.686950   3.745190e-27
4.701366   3.706001e-27
4.715827   3.667250e-27
4.730332   3.628932e-27
4.744882   3.591042e-27
4.759476   3.553574e-27
4.774116   3.516525e-27
4.788800   3.479889e-27
4.803530   3.443661e-27
4.818305   3.407837e-27
4.833126   3.372412e-27
4.847992   3.337381e-27
4.862903   3.302741e-27
4.877861   3.268486e-27
4.892864   3.234613e-27
4.907914   3.201117e-27
4.923010   3.167993e-27
4.938153   3.135238e-27
4.953342   3.102848e-27
4.968578   3.070817e-27
4.983860   3.039144e-27
4.999190   3.007823e-27
5.014567   2.976850e-27
5.029991   2.946222e-27
5.045462   2.915935e-27
5.060981   2.885985e-27
5.076548   2.856369e-27
5.092163   2.827083e-27
5.107826   2.798123e-27
5.123537   2.769486e-27
5.139296   2.741169e-27
5.155104   2.713167e-27
5.170960   2.685479e-27
5.186865   2.658100e-27
5.202819   2.631027e-27
5.218822   2.604257e-27
5.234875   2.577787e-27
5.250977   2.551613e-27
5.267128   2.525733e-27
5.283329   2.500144e-27
5.299580   2.474842e-27
5.315880   2.449825e-27
5.332231   2.425091e-27
5.348632   2.400634e-27
5.365084   2.376454e-27
5.381586   2.352548e-27
5.398139   2.328913e-27
5.414743   2.305545e-27
5.431398   2.282444e-27
5.448104   2.259604e-27
5.464862   2.237026e-27
5.481671   2.214705e-27
5.498532   2.192640e-27
5.515445   2.170828e-27
5.532409   2.149268e-27
5.549426   2.127955e-27
5.566496   2.106889e-27
5.583617   2.086067e-27
5.600792   2.065487e-27
5.618019   2.045147e-27
5.635299   2.025045e-27
5.652633   2.005179e-27
5.670019   1.985547e-27
5.687459   1.966147e-27
5.704953   1.946978e-27
5.722501   1.928037e-27
5.740102   1.909323e-27
5.757758   1.890835e-27
5.775468   1.872570e-27
5.793233   1.854528e-27
5.811052   1.836707e-27
5.828926   1.819104e-27
5.846855   1.801721e-27
5.864839   1.784553e-27
5.882878   1.767602e-27
5.900973   1.750865e-27
5.919124   1.734341e-27
5.937330   1.718030e-27
5.955592   1.701930e-27
5.973911   1.686041e-27
5.992286   1.670361e-27
6.010717   1.654891e-27
6.029205   1.639628e-27
6.047751   1.624573e-27
6.066352   1.609725e-27
6.085012   1.595082e-27
6.103728   1.580646e-27
6.122503   1.566416e-27
6.141335   1.552389e-27
6.160224   1.538568e-27
6.179172   1.524951e-27
6.198179   1.511537e-27
6.217243   1.498327e-27
6.236367   1.485321e-27
6.255549   1.472517e-27
6.274790   1.459917e-27
6.294090   1.447519e-27
6.313450   1.435324e-27
6.332869   1.423331e-27
6.352348   1.411540e-27
6.371887   1.399950e-27
6.391486   1.388563e-27
6.411146   1.377377e-27
6.430866   1.366392e-27
6.450646   1.355608e-27
6.470487   1.345024e-27
6.490389   1.334640e-27
6.510353   1.324456e-27
6.530378   1.314471e-27
6.550464   1.304683e-27
6.570613   1.295094e-27
6.590823   1.285701e-27
6.611095   1.276504e-27
6.631430   1.267502e-27
6.651827   1.258694e-27
6.672288   1.250079e-27
6.692811   1.241655e-27
6.713397   1.233421e-27
6.734046   1.225376e-27
6.754759   1.217518e-27
6.775536   1.209845e-27
6.796376   1.202355e-27
6.817281   1.195047e-27
6.838250   1.187918e-27
6.859284   1.180967e-27
6.880382   1.174190e-27
6.901545   1.167587e-27
6.922773   1.161153e-27
6.944066   1.154888e-27
6.965426   1.148788e-27
6.986850   1.142850e-27
7.008341   1.137072e-27
7.029897   1.131451e-27
7.051520   1.125984e-27
7.073210   1.120668e-27
7.094966   1.115501e-27
7.116789   1.110479e-27
7.138679   1.105600e-27
7.160637   1.100860e-27
7.182662   1.096256e-27
7.204755   1.091786e-27
7.226916   1.087446e-27
7.249145   1.083234e-27
7.271442   1.079146e-27
7.293808   1.075179e-27
7.316243   1.071331e-27
7.338746   1.067599e-27
7.361319   1.063979e-27
7.383962   1.060470e-27
7.406674   1.057068e-27
7.429456   1.053770e-27
7.452307   1.050575e-27
7.475230   1.047478e-27
7.498222   1.044479e-27
7.521286   1.041574e-27
7.544420   1.038761e-27
7.567626   1.036038e-27
7.590903   1.033402e-27
7.614251   1.030851e-27
7.637672   1.028383e-27
7.661164   1.025996e-27
7.684729   1.023688e-27
7.708366   1.021457e-27
7.732076   1.019301e-27
7.755859   1.017218e-27
7.779714   1.015206e-27
7.803644   1.013264e-27
7.827647   1.011390e-27
7.851723   1.009581e-27
7.875874   1.007838e-27
7.900099   1.006157e-27
7.924399   1.004537e-27
7.948773   1.002977e-27
7.973222   1.001475e-27
7.997747   1.000029e-27
8.022347   9.986376e-28
8.047022   9.972994e-28
8.071774   9.960126e-28
8.096602   9.947753e-28
8.121506   9.935860e-28
8.146486   9.924429e-28
8.171544   9.913444e-28
8.196678   9.902888e-28
8.221890   9.892748e-28
8.247179   9.883008e-28
8.272546   9.873656e-28
8.297992   9.864681e-28
8.323515   9.856073e-28
8.349117   9.847824e-28
8.374798   9.839928e-28
8.400557   9.832377e-28
8.426396   9.825168e-28
8.452315   9.818297e-28
8.478313   9.811760e-28
8.504391   9.805551e-28
8.530549   9.799667e-28
8.556788   9.794105e-28
8.583107   9.788858e-28
8.609508   9.783923e-28
8.635990   9.779293e-28
8.662553   9.774961e-28
8.689197   9.770925e-28
8.715924   9.767174e-28
8.742733   9.763703e-28
8.769624   9.760505e-28
8.796598   9.757574e-28
8.823656   9.754901e-28
8.850796   9.752481e-28
8.878020   9.750305e-28
8.905327   9.748367e-28
8.932719   9.746659e-28
8.960195   9.745175e-28
8.987755   9.743908e-28
9.015400   9.742850e-28
9.043130   9.741996e-28
9.070945   9.741338e-28
9.098846   9.740870e-28
9.126833   9.740585e-28
9.154906   9.740478e-28
9.183065   9.740541e-28
9.211311   9.740770e-28
9.239644   9.741157e-28
9.268063   9.741697e-28
9.296571   9.742383e-28
9.325166   9.743211e-28
9.353848   9.744175e-28
9.382620   9.745269e-28
9.411479   9.746487e-28
9.440428   9.747824e-28
9.469465   9.749275e-28
9.498592   9.750835e-28
9.527808   9.752498e-28
9.557114   9.754260e-28
9.586510   9.756116e-28
9.615997   9.758060e-28
9.645575   9.760088e-28
9.675243   9.762195e-28
9.705003   9.764378e-28
9.734854   9.766630e-28
9.764797   9.768948e-28
9.794832   9.771327e-28
9.824960   9.773763e-28
9.855180   9.776251e-28
9.885493   9.778787e-28
9.915899   9.781369e-28
9.946399   9.783990e-28
9.976993   9.786647e-28
10.007681   9.789336e-28
10.038463   9.792054e-28
10.069340   9.794796e-28
10.100312   9.797560e-28
10.131379   9.800341e-28
10.162542   9.803135e-28
10.193800   9.805938e-28
10.225155   9.808749e-28
10.256606   9.811563e-28
10.288154   9.814376e-28
10.319799   9.817187e-28
10.351541   9.819990e-28
10.383381   9.822782e-28
10.415319   9.825562e-28
10.447355   9.828326e-28
10.479489   9.831069e-28
10.511723   9.833792e-28
10.544055   9.836488e-28
10.576487   9.839156e-28
10.609019   9.841794e-28
10.641651   9.844398e-28
10.674383   9.846965e-28
10.707216   9.849493e-28
10.740150   9.851979e-28
10.773185   9.854420e-28
10.806322   9.856815e-28
10.839560   9.859160e-28
10.872901   9.861454e-28
10.906345   9.863692e-28
10.939891   9.865874e-28
10.973541   9.867997e-28
11.007294   9.870060e-28
11.041151   9.872058e-28
11.075112   9.873990e-28
11.109177   9.875855e-28
11.143347   9.877649e-28
11.177623   9.879371e-28
11.212004   9.881020e-28
11.246490   9.882592e-28
11.281083   9.884086e-28
11.315782   9.885500e-28
11.350587   9.886832e-28
11.385500   9.888080e-28
11.420520   9.889243e-28
11.455648   9.890317e-28
11.490884   9.891303e-28
11.526229   9.892198e-28
11.561682   9.893001e-28
11.597244   9.893709e-28
11.632915   9.894322e-28
11.668696   9.894837e-28
11.704588   9.895253e-28
11.740589   9.895568e-28
11.776702   9.895782e-28
11.812925   9.895892e-28
11.849260   9.895897e-28
11.885707   9.895796e-28
11.922265   9.895587e-28
11.958937   9.895270e-28
11.995721   9.894842e-28
12.032618   9.894303e-28
12.069628   9.893650e-28
12.106753   9.892884e-28
12.143991   9.892002e-28
12.181345   9.891005e-28
12.218813   9.889889e-28
12.256396   9.888655e-28
12.294095   9.887302e-28
12.331910   9.885828e-28
12.369841   9.884232e-28
12.407889   9.882513e-28
12.446054   9.880671e-28
12.484336   9.878704e-28
12.522736   9.876612e-28
12.561254   9.874393e-28
12.599891   9.872048e-28
12.638646   9.869573e-28
12.677521   9.866972e-28
12.716515   9.864240e-28
12.755630   9.861378e-28
12.794864   9.858387e-28
12.834219   9.855263e-28
12.873696   9.852008e-28
12.913293   9.848621e-28
12.953013   9.845100e-28
12.992854   9.841446e-28
13.032818   9.837661e-28
13.072906   9.833740e-28
13.113116   9.829687e-28
13.153450   9.825501e-28
13.193908   9.821177e-28
13.234491   9.816722e-28
13.275198   9.812137e-28
13.316031   9.807410e-28
13.356989   9.802557e-28
13.398073   9.797585e-28
13.439284   9.792474e-28
13.480621   9.787219e-28
13.522086   9.781831e-28
13.563678   9.776336e-28
13.605398   9.770716e-28
13.647246   9.764963e-28
13.689223   9.759103e-28
13.731329   9.753125e-28
13.773565   9.747030e-28
13.815930   9.740840e-28
13.858426   9.734551e-28
13.901052   9.728166e-28
13.943810   9.721713e-28
13.986699   9.715193e-28
14.029720   9.708615e-28
14.072874   9.702021e-28
14.116160   9.695424e-28
14.159579   9.688848e-28
14.203132   9.682364e-28
14.246819   9.676013e-28
14.290640   9.669861e-28
14.334596   9.664058e-28
14.378687   9.658729e-28
14.422914   9.654062e-28
14.467277   9.650463e-28
14.511776   9.648395e-28
14.556412   9.648521e-28
14.601186   9.652375e-28
14.646097   9.662402e-28
14.691146   9.681712e-28
14.736334   9.720680e-28
14.781661   9.807499e-28
14.827127   1.064759e-27
14.872734   1.516649e-27
14.918480   1.974594e-27
14.964367   1.876603e-27
15.010395   1.376186e-27
15.056565   1.031027e-27
15.102877   9.828599e-28
15.149331   9.665147e-28
15.195929   9.579684e-28
15.242669   9.529715e-28
15.289553   9.494343e-28
15.336582   9.467280e-28
15.383755   9.444711e-28
15.431073   9.424871e-28
15.478537   9.406898e-28
15.526147   9.390129e-28
15.573903   9.374132e-28
15.621806   9.358690e-28
15.669857   9.343619e-28
15.718055   9.328778e-28
15.766401   9.314093e-28
15.814897   9.299500e-28
15.863541   9.284940e-28
15.912335   9.270384e-28
15.961279   9.255806e-28
16.010374   9.241178e-28
16.059619   9.226488e-28
16.109016   9.211722e-28
16.158565   9.196868e-28
16.208267   9.181919e-28
16.258121   9.166869e-28
16.308129   9.151711e-28
16.358290   9.136441e-28
16.408606   9.121057e-28
16.459077   9.105555e-28
16.509702   9.089933e-28
16.560484   9.074190e-28
16.611422   9.058324e-28
16.662516   9.042335e-28
16.713768   9.026223e-28
16.765177   9.009985e-28
16.816744   8.993623e-28
16.868470   8.977139e-28
16.920355   8.960529e-28
16.972400   8.943796e-28
17.024604   8.926941e-28
17.076970   8.909963e-28
17.129496   8.892864e-28
17.182184   8.875646e-28
17.235034   8.858306e-28
17.288046   8.840850e-28
17.341222   8.823280e-28
17.394561   8.805591e-28
17.448064   8.787788e-28
17.501732   8.769877e-28
17.555565   8.751855e-28
17.609563   8.733720e-28
17.663728   8.715476e-28
17.718059   8.697133e-28
17.772557   8.678688e-28
17.827223   8.660138e-28
17.882057   8.641493e-28
17.937060   8.622751e-28
17.992231   8.603914e-28
18.047573   8.584988e-28
18.103085   8.565974e-28
18.158767   8.546873e-28
18.214621   8.527692e-28
18.270647   8.508431e-28
18.326845   8.489093e-28
18.383215   8.469684e-28
18.439759   8.450207e-28
18.496478   8.430663e-28
18.553370   8.411060e-28
18.610438   8.391400e-28
18.667681   8.371687e-28
18.725100   8.351929e-28
18.782696   8.332128e-28
18.840468   8.312291e-28
18.898419   8.292424e-28
18.956548   8.272533e-28
19.014856   8.252624e-28
19.073343   8.232706e-28
19.132009   8.212788e-28
19.190857   8.192876e-28
19.249885   8.172983e-28
19.309095   8.153119e-28
19.368487   8.133296e-28
19.428062   8.113529e-28
19.487820   8.093833e-28
19.547762   8.074226e-28
19.607888   8.054732e-28
19.668199   8.035374e-28
19.728695   8.016179e-28
19.789378   7.997187e-28
19.850247   7.978439e-28
19.911304   7.959983e-28
19.972548   7.941890e-28
20.033981   7.924241e-28
20.095603   7.907134e-28
20.157414   7.890713e-28
20.219415   7.875163e-28
20.281607   7.860711e-28
20.343991   7.847708e-28
20.406566   7.836664e-28
20.469333   7.828219e-28
20.532294   7.823462e-28
20.595449   7.824244e-28
20.658797   7.832931e-28
20.722341   7.854401e-28
20.786080   7.899394e-28
20.850015   7.990139e-28
20.914147   8.192164e-28
20.978475   8.594720e-28
21.043002   9.907330e-28
21.107728   1.383108e-27
21.172652   1.683521e-27
21.237776   1.635834e-27
21.303100   1.232569e-27
21.368626   8.466577e-28
21.434353   7.858574e-28
21.500282   7.694076e-28
21.566413   7.599311e-28
21.632749   7.532754e-28
21.699288   7.482607e-28
21.766032   7.443135e-28
21.832981   7.410058e-28
21.900136   7.381299e-28
21.967498   7.355681e-28
22.035067   7.332307e-28
22.102844   7.310633e-28
22.170829   7.290325e-28
22.239023   7.271116e-28
22.307427   7.252823e-28
22.376042   7.235331e-28
22.444867   7.218543e-28
22.513904   7.202389e-28
22.583154   7.186826e-28
22.652617   7.171816e-28
22.722293   7.157332e-28
22.792183   7.143356e-28
22.862289   7.129877e-28
22.932610   7.116883e-28
23.003147   7.104371e-28
23.073902   7.092337e-28
23.144874   7.080781e-28
23.216064   7.069703e-28
23.287474   7.059106e-28
23.359102   7.048991e-28
23.430952   7.039363e-28
23.503022   7.030225e-28
23.575314   7.021582e-28
23.647828   7.013438e-28
23.720566   7.005799e-28
23.793527   6.998667e-28
23.866712   6.992049e-28
23.940123   6.985948e-28
24.013759   6.980368e-28
24.087622   6.975314e-28
24.161712   6.970789e-28
24.236030   6.966796e-28
24.310577   6.963338e-28
24.385353   6.960418e-28
24.460359   6.958036e-28
24.535595   6.956196e-28
24.611063   6.954896e-28
24.686763   6.954139e-28
24.762696   6.953923e-28
24.838863   6.954248e-28
24.915264   6.955112e-28
24.991900   6.956514e-28
25.068771   6.958450e-28
25.145879   6.960918e-28
25.223224   6.963914e-28
25.300807   6.967434e-28
25.378629   6.971471e-28
25.456690   6.976022e-28
25.534991   6.981079e-28
25.613533   6.986636e-28
25.692317   6.992686e-28
25.771343   6.999220e-28
25.850612   7.006231e-28
25.930124   7.013709e-28
26.009882   7.021645e-28
26.089885   7.030029e-28
26.170133   7.038851e-28
26.250629   7.048099e-28
26.331372   7.057764e-28
26.412364   7.067832e-28
26.493604   7.078292e-28
26.575095   7.089131e-28
26.656836   7.100338e-28
26.738829   7.111897e-28
26.821074   7.123796e-28
26.903571   7.136021e-28
26.986323   7.148558e-28
27.069329   7.161391e-28
27.152591   7.174507e-28
27.236108   7.187890e-28
27.319882   7.201524e-28
27.403915   7.215395e-28
27.488205   7.229485e-28
27.572755   7.243779e-28
27.657565   7.258260e-28
27.742636   7.272911e-28
27.827968   7.287715e-28
27.913563   7.302655e-28
27.999421   7.317713e-28
28.085543   7.332871e-28
28.171930   7.348112e-28
28.258583   7.363415e-28
28.345503   7.378765e-28
28.432689   7.394140e-28
28.520144   7.409523e-28
28.607868   7.424893e-28
28.695862   7.440233e-28
28.784126   7.455521e-28
28.872662   7.470739e-28
28.961470   7.485866e-28
29.050552   7.500883e-28
29.139907   7.515768e-28
29.229537   7.530503e-28
29.319443   7.545067e-28
29.409626   7.559439e-28
29.500085   7.573600e-28
29.590824   7.587529e-28
29.681841   7.601206e-28
29.773138   7.614610e-28
29.864716   7.627723e-28
29.956575   7.640524e-28
30.048718   7.652994e-28
30.141143   7.665113e-28
30.233853   7.676862e-28
30.326848   7.688223e-28
30.420129   7.699177e-28
30.513697   7.709706e-28
30.607553   7.719794e-28
30.701697   7.729421e-28
30.796131   7.738573e-28
30.890856   7.747234e-28
30.985872   7.755386e-28
31.081180   7.763017e-28
31.176781   7.770111e-28
31.272677   7.776656e-28
31.368867   7.782637e-28
31.465353   7.788044e-28
31.562136   7.792865e-28
31.659217   7.797089e-28
31.756596   7.800707e-28
31.854275   7.803709e-28
31.952254   7.806088e-28
32.050535   7.807836e-28
32.149118   7.808947e-28
32.248004   7.809416e-28
32.347194   7.809237e-28
32.446689   7.808407e-28
32.546491   7.806922e-28
32.646599   7.804782e-28
32.747015   7.801985e-28
32.847741   7.798529e-28
32.948776   7.794417e-28
33.050121   7.789649e-28
33.151779   7.784227e-28
33.253749   7.778155e-28
33.356033   7.771436e-28
33.458631   7.764074e-28
33.561545   7.756076e-28
33.664776   7.747446e-28
33.768324   7.738192e-28
33.872190   7.728321e-28
33.976376   7.717840e-28
34.080883   7.706759e-28
34.185711   7.695086e-28
34.290861   7.682832e-28
34.396335   7.670006e-28
34.502133   7.656619e-28
34.608257   7.642682e-28
34.714707   7.628206e-28
34.821485   7.613205e-28
34.928590   7.597689e-28
35.036026   7.581671e-28
35.143792   7.565165e-28
35.251889   7.548183e-28
35.360319   7.530739e-28
35.469082   7.512846e-28
35.578180   7.494517e-28
35.687613   7.475768e-28
35.797383   7.456611e-28
35.907491   7.437060e-28
36.017937   7.417130e-28
36.128724   7.396835e-28
36.239850   7.376188e-28
36.351319   7.355204e-28
36.463130   7.333897e-28
36.575286   7.312281e-28
36.687786   7.290369e-28
36.800633   7.268176e-28
36.913826   7.245714e-28
37.027368   7.222998e-28
37.141259   7.200040e-28
37.255500   7.176855e-28
37.370093   7.153454e-28
37.485038   7.129851e-28
37.600336   7.106059e-28
37.715990   7.082089e-28
37.831999   7.057954e-28
37.948365   7.033666e-28
38.065088   7.009236e-28
38.182171   6.984677e-28
38.299614   6.959998e-28
38.417418   6.935212e-28
38.535585   6.910329e-28
38.654115   6.885359e-28
38.773009   6.860313e-28
38.892270   6.835200e-28
39.011897   6.810030e-28
39.131892   6.784813e-28
39.252256   6.759557e-28
39.372990   6.734272e-28
39.494096   6.708966e-28
39.615574   6.683647e-28
39.737426   6.658324e-28
39.859653   6.633004e-28
39.982255   6.607695e-28
40.105235   6.582404e-28
40.228593   6.557139e-28
40.352331   6.531905e-28
40.476449   6.506710e-28
40.600948   6.481560e-28
40.725831   6.456461e-28
40.851098   6.431419e-28
40.976750   6.406439e-28
41.102789   6.381527e-28
41.229215   6.356688e-28
41.356030   6.331927e-28
41.483236   6.307249e-28
41.610832   6.282658e-28
41.738821   6.258159e-28
41.867204   6.233756e-28
41.995982   6.209453e-28
42.125155   6.185253e-28
42.254726   6.161160e-28
42.384696   6.137178e-28
42.515065   6.113310e-28
42.645835   6.089558e-28
42.777008   6.065927e-28
42.908584   6.042418e-28
43.040565   6.019034e-28
43.172951   5.995778e-28
43.305745   5.972652e-28
43.438947   5.949659e-28
43.572559   5.926800e-28
43.706582   5.904077e-28
43.841018   5.881492e-28
43.975866   5.859048e-28
44.111130   5.836745e-28
44.246810   5.814586e-28
44.382906   5.792572e-28
44.519422   5.770706e-28
44.656357   5.748989e-28
44.793714   5.727426e-28
44.931493   5.706020e-28
45.069696   5.684785e-28
45.208324   5.663789e-28
45.347378   5.643485e-28
45.486860   5.623630e-28
45.626772   5.603081e-28
45.767113   5.582178e-28
45.907886   5.561338e-28
46.049092   5.540696e-28
46.190733   5.520173e-28
46.332809   5.499967e-28
46.475322   5.480103e-28
46.618273   5.460444e-28
46.761665   5.440951e-28
46.905497   5.421617e-28
47.049772   5.402439e-28
47.194490   5.383414e-28
47.339654   5.364543e-28
47.485264   5.345824e-28
47.631321   5.327255e-28
47.777829   5.308837e-28
47.924786   5.290569e-28
48.072196   5.272450e-28
48.220060   5.254480e-28
48.368378   5.236658e-28
48.517152   5.218983e-28
48.666384   5.201455e-28
48.816075   5.184073e-28
48.966226   5.166836e-28
49.116839   5.149744e-28
49.267916   5.132795e-28
49.419457   5.115989e-28
49.571464   5.099326e-28
49.723939   5.082804e-28
49.876882   5.066422e-28
50.030297   5.050180e-28
50.184183   5.034076e-28
50.338542   5.018110e-28
50.493376   5.002281e-28
50.648687   4.986588e-28
50.804475   4.971030e-28
50.960742   4.955606e-28
51.117490   4.940315e-28
51.274720   4.925157e-28
51.432434   4.910129e-28
51.590633   4.895231e-28
51.749319   4.880462e-28
51.908492   4.865822e-28
52.068155   4.851308e-28
52.228309   4.836920e-28
52.388956   4.822657e-28
52.550097   4.808518e-28
52.711734   4.794502e-28
52.873868   4.780608e-28
53.036500   4.766834e-28
53.199633   4.753180e-28
53.363268   4.739645e-28
53.527405   4.726227e-28
53.692048   4.712926e-28
53.857197   4.699740e-28
54.022854   4.686668e-28
54.189021   4.673710e-28
54.355699   4.660864e-28
54.522889   4.648129e-28
54.690594   4.635504e-28
54.858814   4.622988e-28
55.027552   4.610580e-28
55.196809   4.598279e-28
55.366587   4.586084e-28
55.536886   4.573994e-28
55.707710   4.562007e-28
55.879059   4.550123e-28
56.050935   4.538341e-28
56.223340   4.526660e-28
56.396275   4.515078e-28
56.569742   4.503595e-28
56.743742   4.492210e-28
56.918278   4.480921e-28
57.093350   4.469728e-28
57.268961   4.458629e-28
57.445113   4.447624e-28
57.621806   4.436712e-28
57.799042   4.425891e-28
57.976824   4.415161e-28
58.155152   4.404520e-28
58.334029   4.393969e-28
58.513456   4.383505e-28
58.693435   4.373127e-28
58.873968   4.362836e-28
59.055056   4.352630e-28
59.236701   4.342507e-28
59.418905   4.332468e-28
59.601669   4.322511e-28
59.784995   4.312635e-28
59.968885   4.302840e-28
60.153341   4.293124e-28
60.338364   4.283486e-28
60.523956   4.273926e-28
60.710119   4.264444e-28
60.896855   4.255037e-28
61.084165   4.245705e-28
61.272051   4.236447e-28
61.460516   4.227263e-28
61.649559   4.218152e-28
61.839185   4.209112e-28
62.029393   4.200143e-28
62.220187   4.191245e-28
62.411567   4.182416e-28
62.603536   4.173655e-28
62.796096   4.164962e-28
62.989248   4.156337e-28
63.182994   4.147777e-28
63.377336   4.139283e-28
63.572275   4.130854e-28
63.767815   4.122488e-28
63.963955   4.114186e-28
64.160699   4.105947e-28
64.358049   4.097769e-28
64.556005   4.089652e-28
64.754570   4.081596e-28
64.953746   4.073599e-28
65.153534   4.065662e-28
65.353937   4.057782e-28
65.554957   4.049961e-28
65.756594   4.042196e-28
65.958852   4.034488e-28
66.161732   4.026835e-28
66.365237   4.019237e-28
66.569367   4.011694e-28
66.774125   4.004204e-28
66.979512   3.996768e-28
67.185532   3.989384e-28
67.392185   3.982052e-28
67.599474   3.974771e-28
67.807400   3.967541e-28
68.015966   3.960361e-28
68.225173   3.953231e-28
68.435024   3.946149e-28
68.645521   3.939116e-28
68.856665   3.932131e-28
69.068458   3.925193e-28
69.280903   3.918302e-28
69.494001   3.911456e-28
69.707755   3.904657e-28
69.922166   3.897903e-28
70.137236   3.891193e-28
70.352969   3.884528e-28
70.569364   3.877906e-28
70.786426   3.871327e-28
71.004155   3.864790e-28
71.222553   3.858296e-28
71.441624   3.851844e-28
71.661368   3.845432e-28
71.881788   3.839062e-28
72.102886   3.832731e-28
72.324665   3.826440e-28
72.547125   3.820189e-28
72.770270   3.813976e-28
72.994101   3.807802e-28
73.218620   3.801666e-28
73.443830   3.795567e-28
73.669733   3.789506e-28
73.896331   3.783481e-28
74.123625   3.777493e-28
74.351619   3.771540e-28
74.580314   3.765623e-28
74.809713   3.759741e-28
75.039817   3.753894e-28
75.270628   3.748081e-28
75.502150   3.742302e-28
75.734384   3.736557e-28
75.967332   3.730845e-28
76.200997   3.725166e-28
76.435380   3.719519e-28
76.670485   3.713904e-28
76.906312   3.708321e-28
77.142865   3.702770e-28
77.380146   3.697249e-28
77.618156   3.691760e-28
77.856898   3.686301e-28
78.096375   3.680871e-28
78.336589   3.675472e-28
78.577541   3.670102e-28
78.819234   3.664761e-28
79.061671   3.659449e-28
79.304853   3.654166e-28
79.548784   3.648911e-28
79.793465   3.643683e-28
80.038898   3.638484e-28
80.285086   3.633312e-28
80.532032   3.628166e-28
80.779737   3.623048e-28
81.028204   3.617956e-28
81.277435   3.612890e-28
81.527433   3.607850e-28
81.778200   3.602836e-28
82.029738   3.597848e-28
82.282050   3.592884e-28
82.535138   3.587946e-28
82.789004   3.583032e-28
83.043651   3.578143e-28
83.299082   3.573277e-28
83.555298   3.568436e-28
83.812302   3.563619e-28
84.070097   3.558825e-28
84.328684   3.554054e-28
84.588067   3.549306e-28
84.848248   3.544581e-28
85.109230   3.539878e-28
85.371013   3.535198e-28
85.633603   3.530541e-28
85.896999   3.525905e-28
86.161206   3.521290e-28
86.426226   3.516698e-28
86.692061   3.512126e-28
86.958713   3.507576e-28
87.226186   3.503047e-28
87.494481   3.498538e-28
87.763602   3.494050e-28
88.033550   3.489582e-28
88.304329   3.485135e-28
88.575940   3.480707e-28
88.848387   3.476300e-28
89.121672   3.471912e-28
89.395798   3.467543e-28
89.670767   3.463194e-28
89.946581   3.458864e-28
90.223244   3.454553e-28
90.500758   3.450260e-28
90.779126   3.445987e-28
91.058349   3.441732e-28
91.338432   3.437495e-28
91.619376   3.433276e-28
91.901184   3.429075e-28
92.183859   3.424892e-28
92.467404   3.420727e-28
92.751820   3.416580e-28
93.037112   3.412450e-28
93.323280   3.408337e-28
93.610330   3.404241e-28
93.898262   3.400163e-28
94.187079   3.396101e-28
94.476786   3.392056e-28
94.767383   3.388028e-28
95.058874   3.384016e-28
95.351261   3.380020e-28
95.644548   3.376041e-28
95.938737   3.372078e-28
96.233831   3.368131e-28
96.529833   3.364200e-28
96.826745   3.360284e-28
97.124570   3.356384e-28
97.423312   3.352500e-28
97.722972   3.348631e-28
98.023554   3.344778e-28
98.325060   3.340940e-28
98.627494   3.337116e-28
98.930858   3.333308e-28
99.235156   3.329515e-28
99.540389   3.325736e-28
99.846561   3.321973e-28
100.153670   3.318223e-28
100.461730   3.314489e-28
100.770740   3.310768e-28
101.080700   3.307063e-28
101.391610   3.303371e-28
101.703470   3.299693e-28
102.016300   3.296030e-28
102.330080   3.292380e-28
102.644840   3.288744e-28
102.960560   3.285122e-28
103.277250   3.281514e-28
103.594920   3.277919e-28
103.913560   3.274338e-28
104.233180   3.270770e-28
104.553790   3.267216e-28
104.875380   3.263675e-28
105.197960   3.260147e-28
105.521540   3.256633e-28
105.846110   3.253131e-28
106.171680   3.249643e-28
106.498240   3.246167e-28
106.825820   3.242704e-28
107.154400   3.239254e-28
107.483990   3.235817e-28
107.814600   3.232392e-28
108.146220   3.228980e-28
108.478860   3.225581e-28
108.812530   3.222194e-28
109.147220   3.218819e-28
109.482940   3.215457e-28
109.819690   3.212107e-28
110.157480   3.208769e-28
110.496310   3.205444e-28
110.836180   3.202130e-28
111.177100   3.198829e-28
111.519060   3.195540e-28
111.862080   3.192262e-28
112.206150   3.188997e-28
112.551280   3.185743e-28
112.897470   3.182501e-28
113.244730   3.179271e-28
113.593060   3.176052e-28
113.942450   3.172846e-28
114.292920   3.169650e-28
114.644470   3.166467e-28
114.997100   3.163294e-28
115.350820   3.160134e-28
115.705620   3.156984e-28
116.061510   3.153846e-28
116.418500   3.150720e-28
116.776590   3.147605e-28
117.135780   3.144500e-28
117.496070   3.141408e-28
117.857470   3.138326e-28
118.219980   3.135255e-28
118.583610   3.132196e-28
118.948360   3.129147e-28
119.314230   3.126110e-28
119.681220   3.123084e-28
120.049340   3.120068e-28
120.418600   3.117064e-28
120.788990   3.114070e-28
121.160520   3.111087e-28
121.533190   3.108115e-28
121.907010   3.105154e-28
122.281980   3.102203e-28
122.658100   3.099264e-28
123.035380   3.096334e-28
123.413820   3.093416e-28
123.793420   3.090508e-28
124.174190   3.087611e-28
124.556130   3.084725e-28
124.939250   3.081849e-28
125.323550   3.078983e-28
125.709020   3.076128e-28
126.095690   3.073284e-28
126.483540   3.070450e-28
126.872590   3.067626e-28
127.262830   3.064813e-28
127.654270   3.062010e-28
128.046920   3.059218e-28
128.440770   3.056436e-28
128.835840   3.053664e-28
129.232120   3.050903e-28
129.629620   3.048151e-28
130.028340   3.045411e-28
130.428290   3.042680e-28
130.829470   3.039959e-28
131.231880   3.037249e-28
131.635530   3.034549e-28
132.040420   3.031860e-28
132.446560   3.029180e-28
132.853950   3.026510e-28
133.262590   3.023851e-28
133.672480   3.021202e-28
134.083640   3.018563e-28
134.496060   3.015934e-28
134.909750   3.013315e-28
135.324720   3.010706e-28
135.740960   3.008107e-28
136.158480   3.005518e-28
136.577280   3.002940e-28
136.997370   3.000371e-28
137.418760   2.997812e-28
137.841440   2.995264e-28
138.265420   2.992725e-28
138.690700   2.990196e-28
139.117300   2.987678e-28
139.545200   2.985169e-28
139.974420   2.982670e-28
140.404960   2.980181e-28
140.836830   2.977703e-28
141.270020   2.975234e-28
141.704550   2.972775e-28
142.140410   2.970326e-28
142.577620   2.967886e-28
143.016170   2.965457e-28
143.456060   2.963038e-28
143.897310   2.960628e-28
144.339920   2.958229e-28
144.783890   2.955839e-28
145.229220   2.953460e-28
145.675930   2.951090e-28
146.124010   2.948730e-28
146.573460   2.946380e-28
147.024300   2.944040e-28
147.476530   2.941710e-28
147.930150   2.939389e-28
148.385160   2.937079e-28
148.841570   2.934779e-28
149.299390   2.932488e-28
149.758610   2.930207e-28
150.219250   2.927936e-28
150.681300   2.925675e-28
151.144770   2.923424e-28
151.609670   2.921183e-28
152.076000   2.918952e-28
152.543770   2.916731e-28
153.012970   2.914519e-28
153.483620   2.912317e-28
153.955710   2.910126e-28
154.429260   2.907944e-28
154.904260   2.905772e-28
155.380720   2.903610e-28
155.858650   2.901459e-28
156.338050   2.899317e-28
156.818920   2.897185e-28
157.301280   2.895062e-28
157.785110   2.892950e-28
158.270440   2.890848e-28
158.757250   2.888756e-28
159.245570   2.886674e-28
159.735390   2.884601e-28
160.226710   2.882539e-28
160.719540   2.880487e-28
161.213890   2.878445e-28
161.709760   2.876412e-28
162.207160   2.874390e-28
162.706090   2.872378e-28
163.206550   2.870376e-28
163.708550   2.868384e-28
164.212090   2.866402e-28
164.717190   2.864430e-28
165.223830   2.862468e-28
165.732040   2.860516e-28
166.241810   2.858574e-28
166.753140   2.856643e-28
167.266050   2.854721e-28
167.780540   2.852810e-28
168.296610   2.850909e-28
168.814260   2.849018e-28
169.333510   2.847137e-28
169.854360   2.845266e-28
170.376810   2.843406e-28
170.900860   2.841556e-28
171.426530   2.839716e-28
171.953810   2.837886e-28
172.482720   2.836067e-28
173.013250   2.834258e-28
173.545410   2.832459e-28
174.079210   2.830670e-28
174.614660   2.828892e-28
175.151750   2.827124e-28
175.690490   2.825367e-28
176.230890   2.823619e-28
176.772950   2.821883e-28
177.316680   2.820156e-28
177.862080   2.818440e-28
178.409160   2.816735e-28
178.957920   2.815040e-28
179.508370   2.813355e-28
180.060510   2.811681e-28
180.614350   2.810018e-28
181.169890   2.808365e-28
181.727150   2.806722e-28
182.286110   2.805090e-28
182.846800   2.803469e-28
183.409210   2.801858e-28
183.973350   2.800258e-28
184.539230   2.798669e-28
185.106840   2.797090e-28
185.676210   2.795522e-28
186.247320   2.793965e-28
186.820190   2.792418e-28
187.394820   2.790882e-28
187.971220   2.789357e-28
188.549390   2.787843e-28
189.129350   2.786340e-28
189.711080   2.784847e-28
190.294600   2.783365e-28
190.879920   2.781894e-28
191.467040   2.780434e-28
192.055970   2.778985e-28
192.646710   2.777547e-28
193.239260   2.776121e-28
193.833640   2.774704e-28
194.429840   2.773300e-28
195.027880   2.771906e-28
195.627760   2.770523e-28
196.229480   2.769151e-28
196.833050   2.767791e-28
197.438490   2.766441e-28
198.045780   2.765103e-28
198.654940   2.763776e-28
199.265970   2.762460e-28
199.878890   2.761156e-28
200.493690   2.759863e-28
201.110380   2.758581e-28
201.728960   2.757310e-28
202.349450   2.756051e-28
202.971850   2.754803e-28
203.596160   2.753567e-28
204.222400   2.752342e-28
204.850560   2.751129e-28
205.480650   2.749927e-28
206.112680   2.748737e-28
206.746650   2.747558e-28
207.382570   2.746391e-28
208.020450   2.745236e-28
208.660290   2.744092e-28
209.302100   2.742960e-28
209.945890   2.741840e-28
210.591650   2.740731e-28
211.239400   2.739635e-28
211.889140   2.738550e-28
212.540880   2.737477e-28
213.194630   2.736416e-28
213.850390   2.735366e-28
214.508160   2.734329e-28
215.167960   2.733304e-28
215.829780   2.732291e-28
216.493640   2.731289e-28
217.159550   2.730300e-28
217.827500   2.729323e-28
218.497500   2.728358e-28
219.169570   2.727406e-28
219.843710   2.726465e-28
220.519910   2.725537e-28
221.198200   2.724621e-28
221.878580   2.723718e-28
222.561040   2.722827e-28
223.245610   2.721948e-28
223.932280   2.721082e-28
224.621070   2.720228e-28
225.311970   2.719386e-28
226.005000   2.718558e-28
226.700160   2.717741e-28
227.397450   2.716938e-28
228.096890   2.716147e-28
228.798490   2.715369e-28
229.502240   2.714603e-28
230.208160   2.713850e-28
230.916240   2.713110e-28
231.626510   2.712383e-28
232.338960   2.711669e-28
233.053600   2.710968e-28
233.770440   2.710279e-28
234.489490   2.709604e-28
235.210740   2.708942e-28
235.934220   2.708292e-28
236.659920   2.707656e-28
237.387850   2.707033e-28
238.118020   2.706424e-28
238.850440   2.705827e-28
239.585110   2.705244e-28
240.322040   2.704674e-28
241.061230   2.704117e-28
241.802700   2.703574e-28
242.546460   2.703045e-28
243.292490   2.702528e-28
244.040830   2.702026e-28
244.791460   2.701537e-28
245.544410   2.701061e-28
246.299670   2.700599e-28
247.057250   2.700151e-28
247.817160   2.699717e-28
248.579410   2.699296e-28
249.344010   2.698890e-28
250.110950   2.698497e-28
250.880260   2.698118e-28
251.651930   2.697753e-28
252.425980   2.697402e-28
253.202400   2.697065e-28
253.981220   2.696742e-28
254.762430   2.696433e-28
255.546040   2.696139e-28
256.332060   2.695859e-28
257.120500   2.695593e-28
257.911370   2.695341e-28
258.704670   2.695104e-28
259.500410   2.694881e-28
260.298590   2.694673e-28
261.099240   2.694479e-28
261.902340   2.694300e-28
262.707920   2.694135e-28
263.515970   2.693985e-28
264.326500   2.693850e-28
265.139540   2.693729e-28
265.955070   2.693623e-28
266.773110   2.693532e-28
267.593660   2.693457e-28
268.416740   2.693395e-28
269.242360   2.693349e-28
270.070510   2.693318e-28
270.901210   2.693303e-28
271.734460   2.693302e-28
272.570280   2.693316e-28
273.408660   2.693346e-28
274.249630   2.693391e-28
275.093180   2.693451e-28
275.939330   2.693527e-28
276.788080   2.693618e-28
277.639440   2.693725e-28
278.493420   2.693847e-28
279.350030   2.693985e-28
280.209270   2.694138e-28
281.071150   2.694308e-28
281.935690   2.694493e-28
282.802880   2.694693e-28
283.672740   2.694910e-28
284.545280   2.695143e-28
285.420500   2.695391e-28
286.298410   2.695656e-28
287.179030   2.695936e-28
288.062350   2.696233e-28
288.948390   2.696546e-28
289.837150   2.696875e-28
290.728650   2.697221e-28
291.622890   2.697583e-28
292.519880   2.697961e-28
293.419630   2.698356e-28
294.322150   2.698767e-28
295.227440   2.699195e-28
296.135520   2.699639e-28
297.046390   2.700100e-28
297.960060   2.700578e-28
298.876540   2.701073e-28
299.795840   2.701584e-28
300.717970   2.702113e-28
301.642940   2.702658e-28
302.570750   2.703221e-28
303.501420   2.703800e-28
304.434940   2.704397e-28
305.371340   2.705010e-28
306.310620   2.705642e-28
307.252790   2.706290e-28
308.197850   2.706956e-28
309.145830   2.707639e-28
310.096720   2.708339e-28
311.050530   2.709058e-28
312.007280   2.709793e-28
312.966970   2.710547e-28
313.929610   2.711318e-28
314.895210   2.712107e-28
315.863780   2.712914e-28
316.835340   2.713739e-28
317.809880   2.714581e-28
318.787410   2.715442e-28
319.767960   2.716321e-28
320.751520   2.717218e-28
321.738110   2.718133e-28
322.727730   2.719067e-28
323.720390   2.720018e-28
324.716110   2.720989e-28
325.714890   2.721977e-28
326.716740   2.722984e-28
327.721680   2.724010e-28
328.729700   2.725055e-28
329.740830   2.726118e-28
330.755060   2.727200e-28
331.772420   2.728301e-28
332.792900   2.729420e-28
333.816530   2.730559e-28
334.843300   2.731717e-28
335.873230   2.732894e-28
336.906330   2.734090e-28
337.942610   2.735305e-28
338.982070   2.736540e-28
340.024730   2.737794e-28
341.070600   2.739067e-28
342.119680   2.740360e-28
343.171990   2.741673e-28
344.227540   2.743005e-28
345.286340   2.744357e-28
346.348390   2.745729e-28
347.413710   2.747121e-28
348.482300   2.748533e-28
349.554180   2.749965e-28
350.629360   2.751417e-28
351.707850   2.752889e-28
352.789650   2.754382e-28
353.874780   2.755895e-28
354.963250   2.757428e-28
356.055070   2.758982e-28
357.150240   2.760557e-28
358.248790   2.762152e-28
359.350710   2.763769e-28
360.456020   2.765406e-28
361.564730   2.767064e-28
362.676850   2.768744e-28
363.792400   2.770445e-28
364.911370   2.772167e-28
366.033790   2.773911e-28
367.159650   2.775676e-28
368.288980   2.777463e-28
369.421790   2.779272e-28
370.558080   2.781104e-28
371.697860   2.782957e-28
372.841150   2.784833e-28
373.987960   2.786732e-28
375.138290   2.788654e-28
376.292160   2.790599e-28
377.449590   2.792567e-28
378.610570   2.794559e-28
379.775120   2.796574e-28
380.943250   2.798615e-28
382.114980   2.800680e-28
383.290310   2.802770e-28
384.469260   2.804886e-28
385.651830   2.807029e-28
386.838040   2.809199e-28
388.027900   2.811397e-28
389.221420   2.813624e-28
390.418610   2.815881e-28
391.619480   2.818170e-28
392.824050   2.820493e-28
394.032320   2.822851e-28
395.244310   2.825248e-28
396.460020   2.827688e-28
397.679480   2.830173e-28
398.902680   2.832711e-28
400.129650   2.835308e-28
401.360390   2.837976e-28
402.594920   2.840726e-28
403.833240   2.843579e-28
405.075380   2.846562e-28
406.321330   2.849715e-28
407.571120   2.853098e-28
408.824750   2.856808e-28
410.082240   2.861003e-28
411.343590   2.865962e-28
412.608830   2.872214e-28
413.877950   2.880861e-28
415.150980   2.894533e-28
416.427930   2.920867e-28
417.708800   2.990483e-28
418.993610   3.340482e-28
420.282380   4.970461e-27
421.575110   3.279467e-28
422.871810   2.986934e-28
424.172510   2.930246e-28
425.477200   2.911874e-28
426.785910   2.904877e-28
428.098640   2.902411e-28
429.415410   2.902104e-28
430.736230   2.902958e-28
432.061110   2.904496e-28
433.390070   2.906467e-28
434.723120   2.908729e-28
436.060270   2.911196e-28
437.401530   2.913815e-28
438.746910   2.916549e-28
440.096430   2.919375e-28
441.450110   2.922278e-28
442.807950   2.925244e-28
444.169960   2.928266e-28
445.536160   2.931337e-28
446.906570   2.934452e-28
448.281190   2.937608e-28
449.660040   2.940803e-28
451.043130   2.944033e-28
452.430470   2.947297e-28
453.822090   2.950594e-28
455.217980   2.953923e-28
456.618160   2.957283e-28
458.022660   2.960673e-28
459.431470   2.964093e-28
460.844620   2.967542e-28
462.262110   2.971019e-28
463.683960   2.974525e-28
465.110190   2.978059e-28
466.540800   2.981622e-28
467.975810   2.985212e-28
469.415240   2.988830e-28
470.859100   2.992476e-28
472.307390   2.996149e-28
473.760140   2.999850e-28
475.217360   3.003578e-28
476.679060   3.007333e-28
478.145260   3.011117e-28
479.615970   3.014927e-28
481.091200   3.018765e-28
482.570960   3.022630e-28
484.055280   3.026523e-28
485.544170   3.030444e-28
487.037630   3.034391e-28
488.535690   3.038367e-28
490.038360   3.042370e-28
491.545650   3.046400e-28
493.057570   3.050459e-28
494.574150   3.054545e-28
496.095390   3.058658e-28
497.621310   3.062800e-28
499.151920   3.066969e-28
500.687240   3.071166e-28
502.227280   3.075392e-28
503.772060   3.079645e-28
505.321590   3.083926e-28
506.875890   3.088236e-28
508.434970   3.092574e-28
509.998840   3.096940e-28
511.567530   3.101334e-28
513.141030   3.105757e-28
514.719380   3.110208e-28
516.302590   3.114688e-28
517.890660   3.119196e-28
519.483620   3.123733e-28
521.081480   3.128299e-28
522.684250   3.132893e-28
524.291950   3.137517e-28
525.904600   3.142169e-28
527.522210   3.146850e-28
529.144790   3.151561e-28
530.772360   3.156300e-28
532.404950   3.161069e-28
534.042550   3.165867e-28
535.685190   3.170694e-28
537.332880   3.175551e-28
538.985640   3.180437e-28
540.643480   3.185353e-28
542.306420   3.190298e-28
543.974480   3.195273e-28
545.647670   3.200278e-28
547.326000   3.205313e-28
549.009500   3.210377e-28
550.698180   3.215472e-28
552.392050   3.220596e-28
554.091120   3.225751e-28
555.795430   3.230936e-28
557.504980   3.236151e-28
559.219780   3.241397e-28
560.939860   3.246673e-28
562.665240   3.251979e-28
564.395910   3.257316e-28
566.131920   3.262683e-28
567.873260   3.268082e-28
569.619950   3.273511e-28
571.372020   3.278971e-28
573.129480   3.284461e-28
574.892350   3.289983e-28
576.660640   3.295536e-28
578.434360   3.301120e-28
580.213540   3.306735e-28
581.998200   3.312382e-28
583.788340   3.318060e-28
585.583990   3.323769e-28
587.385170   3.329510e-28
589.191880   3.335282e-28
591.004150   3.341086e-28
592.821990   3.346922e-28
594.645430   3.352790e-28
596.474480   3.358689e-28
598.309150   3.364621e-28
600.149460   3.370584e-28
601.995430   3.376580e-28
603.847090   3.382608e-28
605.704430   3.388668e-28
607.567500   3.394760e-28
609.436290   3.400885e-28
611.310830   3.407042e-28
613.191130   3.413232e-28
615.077220   3.419455e-28
616.969110   3.425710e-28
618.866820   3.431998e-28
620.770370   3.438319e-28
622.679770   3.444673e-28
624.595040   3.451060e-28
626.516210   3.457480e-28
628.443280   3.463933e-28
630.376290   3.470419e-28
632.315230   3.476939e-28
634.260140   3.483492e-28
636.211040   3.490079e-28
638.167930   3.496699e-28
640.130850   3.503353e-28
642.099800   3.510041e-28
644.074810   3.516762e-28
646.055890   3.523517e-28
648.043070   3.530306e-28
650.036350   3.537130e-28
652.035770   3.543987e-28
654.041340   3.550879e-28
656.053080   3.557805e-28
658.071010   3.564765e-28
660.095140   3.571759e-28
662.125500   3.578789e-28
664.162100   3.585852e-28
666.204970   3.592951e-28
668.254120   3.600084e-28
670.309580   3.607252e-28
672.371360   3.614455e-28
674.439470   3.621693e-28
676.513950   3.628966e-28
678.594810   3.636274e-28
680.682080   3.643617e-28
682.775760   3.650996e-28
684.875880   3.658410e-28
686.982460   3.665860e-28
689.095520   3.673345e-28
691.215080   3.680866e-28
693.341160   3.688422e-28
695.473780   3.696015e-28
697.612960   3.703643e-28
699.758720   3.711307e-28
701.911070   3.719007e-28
704.070050   3.726744e-28
706.235670   3.734516e-28
708.407950   3.742325e-28
710.586910   3.750171e-28
712.772580   3.758053e-28
714.964970   3.765971e-28
717.164100   3.773926e-28
719.369990   3.781918e-28
721.582670   3.789946e-28
723.802160   3.798012e-28
726.028470   3.806114e-28
728.261630   3.814254e-28
730.501660   3.822430e-28
732.748580   3.830644e-28
735.002410   3.838896e-28
737.263170   3.847184e-28
739.530890   3.855511e-28
741.805580   3.863874e-28
744.087270   3.872276e-28
746.375980   3.880715e-28
748.671720   3.889192e-28
750.974530   3.897707e-28
753.284420   3.906260e-28
755.601420   3.914852e-28
757.925540   3.923481e-28
760.256810   3.932149e-28
762.595250   3.940855e-28
764.940890   3.949600e-28
767.293740   3.958383e-28
769.653820   3.967205e-28
772.021170   3.976066e-28
774.395800   3.984965e-28
776.777730   3.993904e-28
779.166990   4.002882e-28
781.563590   4.011899e-28
783.967570   4.020955e-28
786.378950   4.030051e-28
788.797740   4.039186e-28
791.223970   4.048361e-28
793.657660   4.057575e-28
796.098840   4.066830e-28
798.547520   4.076125e-28
801.003740   4.085460e-28
803.467520   4.094835e-28
805.938870   4.104251e-28
808.417820   4.113709e-28
810.904400   4.123208e-28
813.398630   4.132750e-28
815.900520   4.142334e-28
818.410120   4.151964e-28
820.927430   4.161640e-28
823.452490   4.171368e-28
825.985310   4.181156e-28
828.525920   4.191021e-28
831.074350   4.201007e-28
833.630620   4.211257e-28
836.194750   4.222444e-28
838.766760   4.243432e-28
841.346690   4.290291e-28
843.934560   4.253396e-28
846.530380   4.261331e-28
849.134190   4.270914e-28
851.746000   4.280859e-28
854.365850   4.290949e-28
856.993760   4.301125e-28
859.629750   4.311365e-28
862.273850   4.321659e-28
864.926080   4.332002e-28
867.586470   4.342391e-28
870.255040   4.352826e-28
872.931820   4.363306e-28
875.616840   4.373829e-28
878.310110   4.384396e-28
881.011670   4.395007e-28
883.721540   4.405661e-28
886.439740   4.416359e-28
889.166300   4.427100e-28
891.901250   4.437885e-28
894.644610   4.448713e-28
897.396410   4.459585e-28
900.156670   4.470501e-28
902.925430   4.481460e-28
905.702700   4.492464e-28
908.488510   4.503511e-28
911.282890   4.514602e-28
914.085870   4.525738e-28
916.897470   4.536917e-28
919.717710   4.548141e-28
922.546640   4.559410e-28
925.384260   4.570723e-28
928.230610   4.582080e-28
931.085710   4.593483e-28
933.949600   4.604930e-28
936.822300   4.616422e-28
939.703830   4.627959e-28
942.594230   4.639542e-28
945.493510   4.651170e-28
948.401720   4.662843e-28
951.318860   4.674561e-28
954.244990   4.686325e-28
957.180110   4.698135e-28
960.124260   4.709991e-28
963.077460   4.721893e-28
966.039750   4.733841e-28
969.011150   4.745835e-28
971.991690   4.757875e-28
974.981400   4.769961e-28
977.980310   4.782095e-28
980.988440   4.794274e-28
984.005820   4.806501e-28
987.032480   4.818774e-28
990.068450   4.831094e-28
993.113760   4.843462e-28
996.168440   4.855876e-28
999.232510   4.868338e-28
1002.306000   4.880847e-28
1005.389000   4.893404e-28
1008.481400   4.906008e-28
1011.583300   4.918661e-28
1014.694800   4.931361e-28
1017.815900   4.944109e-28
1020.946500   4.956905e-28
1024.086800   4.969750e-28
1027.236800   4.982643e-28
1030.396400   4.995584e-28
1033.565800   5.008574e-28
1036.744900   5.021613e-28
1039.933700   5.034701e-28
1043.132400   5.047837e-28
1046.341000   5.061023e-28
1049.559400   5.074258e-28
1052.787600   5.087542e-28
1056.025900   5.100876e-28
1059.274100   5.114259e-28
1062.532200   5.127692e-28
1065.800400   5.141175e-28
1069.078700   5.154708e-28
1072.367000   5.168291e-28
1075.665500   5.181925e-28
1078.974100   5.195608e-28
1082.292800   5.209342e-28
1085.621800   5.223127e-28
1088.961000   5.236963e-28
1092.310500   5.250849e-28
1095.670300   5.264786e-28
1099.040400   5.278775e-28
1102.420900   5.292814e-28
1105.811800   5.306906e-28
1109.213100   5.321048e-28
1112.624900   5.335242e-28
1116.047200   5.349489e-28
1119.480000   5.363786e-28
1122.923400   5.378137e-28
1126.377300   5.392539e-28
1129.841900   5.406993e-28
1133.317100   5.421500e-28
1136.803000   5.436060e-28
1140.299700   5.450672e-28
1143.807100   5.465338e-28
1147.325300   5.480056e-28
1150.854300   5.494827e-28
1154.394200   5.509652e-28
1157.944900   5.524530e-28
1161.506600   5.539461e-28
1165.079200   5.554446e-28
1168.662800   5.569485e-28
1172.257500   5.584578e-28
1175.863200   5.599726e-28
1179.480000   5.614927e-28
1183.107900   5.630183e-28
1186.746900   5.645493e-28
1190.397200   5.660858e-28
1194.058700   5.676278e-28
1197.731400   5.691753e-28
1201.415500   5.707283e-28
1205.110900   5.722868e-28
1208.817600   5.738509e-28
1212.535800   5.754205e-28
1216.265400   5.769957e-28
1220.006400   5.785766e-28
1223.759000   5.801630e-28
1227.523100   5.817550e-28
1231.298800   5.833528e-28
1235.086100   5.849562e-28
1238.885000   5.865655e-28
1242.695700   5.881807e-28
1246.518000   5.898021e-28
1250.352100   5.914307e-28
1254.198100   5.930712e-28
1258.055800   5.947811e-28
1261.925400   5.967517e-28
1265.806900   5.980090e-28
1269.700300   5.996479e-28
1273.605800   6.013046e-28
1277.523200   6.029694e-28
1281.452700   6.046407e-28
1285.394200   6.063183e-28
1289.347900   6.080018e-28
1293.313800   6.096913e-28
1297.291800   6.113868e-28
1301.282100   6.130881e-28
1305.284700   6.147955e-28
1309.299500   6.165087e-28
1313.326800   6.182279e-28
1317.366400   6.199531e-28
1321.418400   6.216843e-28
1325.482900   6.234215e-28
1329.559900   6.251647e-28
1333.649400   6.269139e-28
1337.751500   6.286692e-28
1341.866300   6.304306e-28
1345.993700   6.321980e-28
1350.133700   6.339715e-28
1354.286600   6.357512e-28
1358.452200   6.375369e-28
1362.630600   6.393288e-28
1366.821800   6.411269e-28
1371.026000   6.429312e-28
1375.243100   6.447416e-28
1379.473100   6.465583e-28
1383.716200   6.483812e-28
1387.972300   6.502103e-28
1392.241500   6.520457e-28
1396.523800   6.538874e-28
1400.819300   6.557354e-28
1405.128100   6.575897e-28
1409.450000   6.594503e-28
1413.785300   6.613173e-28
1418.133900   6.631906e-28
1422.495900   6.650703e-28
1426.871300   6.669565e-28
1431.260100   6.688490e-28
1435.662500   6.707480e-28
1440.078400   6.726534e-28
1444.507900   6.745653e-28
1448.951000   6.764837e-28
1453.407700   6.784087e-28
1457.878200   6.803401e-28
1462.362400   6.822781e-28
1466.860400   6.842227e-28
1471.372300   6.861740e-28
1475.898000   6.881319e-28
1480.437700   6.900964e-28
1484.991300   6.920675e-28
1489.558900   6.940453e-28
1494.140600   6.960298e-28
1498.736400   6.980210e-28
1503.346300   7.000188e-28
1507.970300   7.020234e-28
1512.608600   7.040347e-28
1517.261200   7.060528e-28
1521.928100   7.080777e-28
1526.609300   7.101094e-28
1531.305000   7.121479e-28
1536.015000   7.141933e-28
1540.739600   7.162455e-28
1545.478700   7.183046e-28
1550.232400   7.203705e-28
1555.000700   7.224436e-28
1559.783600   7.245252e-28
1564.581300   7.266138e-28
1569.393700   7.287094e-28
1574.221000   7.308120e-28
1579.063000   7.329216e-28
1583.920000   7.350382e-28
1588.791900   7.371618e-28
1593.678800   7.392925e-28
1598.580700   7.414303e-28
1603.497800   7.435753e-28
1608.429900   7.457273e-28
1613.377200   7.478865e-28
1618.339700   7.500529e-28
1623.317500   7.522264e-28
1628.310600   7.544072e-28
1633.319000   7.565952e-28
1638.342900   7.587905e-28
1643.382200   7.609930e-28
1648.437000   7.632029e-28
1653.507400   7.654200e-28
1658.593300   7.676446e-28
1663.694900   7.698766e-28
1668.812200   7.721164e-28
1673.945200   7.743653e-28
1679.094100   7.766640e-28
1684.258700   7.788923e-28
1689.439300   7.811484e-28
1694.635700   7.834233e-28
1699.848200   7.857068e-28
1705.076700   7.879980e-28
1710.321300   7.902969e-28
1715.582000   7.926033e-28
1720.858800   7.949174e-28
1726.152000   7.972391e-28
1731.461400   7.995684e-28
1736.787100   8.019053e-28
1742.129200   8.042500e-28
1747.487700   8.066023e-28
1752.862800   8.089624e-28
1758.254300   8.113302e-28
1763.662500   8.137058e-28
1769.087200   8.160892e-28
1774.528700   8.184803e-28
1779.986900   8.208793e-28
1785.461900   8.232862e-28
1790.953700   8.257009e-28
1796.462400   8.281235e-28
1801.988100   8.305541e-28
1807.530800   8.329926e-28
1813.090500   8.354390e-28
1818.667300   8.378935e-28
1824.261200   8.403559e-28
1829.872400   8.428264e-28
1835.500800   8.453050e-28
1841.146600   8.477916e-28
1846.809700   8.502864e-28
1852.490200   8.527892e-28
1858.188200   8.553003e-28
1863.903700   8.578195e-28
1869.636800   8.603468e-28
1875.387600   8.628825e-28
1881.156000   8.654263e-28
1886.942200   8.679785e-28
1892.746100   8.705390e-28
1898.567900   8.731077e-28
1904.407700   8.756848e-28
1910.265300   8.782702e-28
1916.141100   8.808641e-28
1922.034800   8.834664e-28
1927.946700   8.860771e-28
1933.876800   8.886963e-28
1939.825200   8.913240e-28
1945.791800   8.939665e-28
1951.776800   8.966203e-28
1957.780200   8.992826e-28
1963.802000   9.019536e-28
1969.842400   9.046331e-28
1975.901300   9.073212e-28
1981.978900   9.100180e-28
1988.075200   9.127234e-28
1994.190300   9.154376e-28
2000.324100   9.181604e-28
2006.476800   9.208919e-28
2012.648400   9.236323e-28
2018.839100   9.263815e-28
2025.048700   9.291394e-28
2031.277500   9.319063e-28
2037.525400   9.346819e-28
2043.792600   9.374665e-28
2050.079000   9.402600e-28
2056.384700   9.430624e-28
2062.709900   9.458739e-28
2069.054500   9.486943e-28
2075.418600   9.515238e-28
2081.802300   9.543624e-28
2088.205600   9.572102e-28
2094.628600   9.600680e-28
2101.071400   9.672075e-28
2107.534000   9.658089e-28
2114.016500   9.686920e-28
2120.518900   9.715852e-28
2127.041300   9.744878e-28
2133.583800   9.773997e-28
2140.146400   9.803209e-28
2146.729200   9.832515e-28
2153.332200   9.861914e-28
2159.955600   9.891407e-28
2166.599300   9.920995e-28
2173.263400   9.950676e-28
2179.948100   9.980452e-28
2186.653300   1.001032e-27
2193.379100   1.004029e-27
2200.125600   1.007035e-27
2206.892900   1.010051e-27
2213.681000   1.013076e-27
2220.490000   1.016111e-27
2227.319900   1.019156e-27
2234.170800   1.022210e-27
2241.042800   1.025275e-27
2247.935900   1.028349e-27
2254.850300   1.031432e-27
2261.785900   1.034526e-27
2268.742800   1.037629e-27
2275.721100   1.040742e-27
2282.720900   1.043865e-27
2289.742200   1.046998e-27
2296.785200   1.050141e-27
2303.849700   1.053294e-27
2310.936100   1.056457e-27
2318.044200   1.059630e-27
2325.174100   1.062813e-27
2332.326100   1.066006e-27
2339.500000   1.069210e-27
2346.695900   1.072423e-27
2353.914000   1.075647e-27
2361.154300   1.078881e-27
2368.416900   1.082125e-27
2375.701800   1.085380e-27
2383.009100   1.088645e-27
2390.338900   1.091920e-27
2397.691300   1.095205e-27
2405.066200   1.098501e-27
2412.463900   1.101808e-27
2419.884300   1.105125e-27
2427.327500   1.108452e-27
2434.793600   1.111790e-27
2442.282700   1.115139e-27
2449.794800   1.118498e-27
2457.330000   1.121868e-27
2464.888400   1.125248e-27
2472.470100   1.128639e-27
2480.075000   1.132041e-27
2487.703400   1.135454e-27
2495.355200   1.138877e-27
2503.030600   1.142312e-27
2510.729500   1.145757e-27
2518.452200   1.149216e-27
2526.198600   1.152681e-27
2533.968800   1.156158e-27
2541.763000   1.159647e-27
2549.581100   1.163147e-27
2557.423200   1.166658e-27
2565.289500   1.170180e-27
2573.179900   1.173713e-27
2581.094700   1.177258e-27
2589.033800   1.180814e-27
2596.997300   1.184380e-27
2604.985200   1.187959e-27
2612.997800   1.191548e-27
2621.035000   1.195149e-27
2629.097000   1.198761e-27
2637.183700   1.202385e-27
2645.295300   1.206020e-27
2653.431800   1.209666e-27
2661.593400   1.213324e-27
2669.780100   1.216994e-27
2677.992000   1.220675e-27
2686.229100   1.224367e-27
2694.491500   1.228072e-27
2702.779400   1.231788e-27
2711.092800   1.235515e-27
2719.431700   1.239255e-27
2727.796300   1.243006e-27
2736.186600   1.246769e-27
2744.602700   1.250544e-27
2753.044800   1.254331e-27
2761.512700   1.258130e-27
2770.006700   1.261941e-27
2778.526900   1.265764e-27
2787.073200   1.269599e-27
2795.645900   1.273446e-27
2804.244900   1.277305e-27
2812.870400   1.281176e-27
2821.522300   1.285059e-27
2830.201000   1.288955e-27
2838.906200   1.292863e-27
2847.638300   1.296783e-27
2856.397200   1.300715e-27
2865.183100   1.304660e-27
2873.996000   1.308618e-27
2882.836000   1.312587e-27
2891.703200   1.316570e-27
2900.597700   1.320565e-27
2909.519500   1.324572e-27
2918.468800   1.328592e-27
2927.445600   1.332625e-27
2936.450000   1.336670e-27
2945.482100   1.340729e-27
2954.542000   1.344799e-27
2963.629700   1.348882e-27
2972.745400   1.352979e-27
2981.889200   1.357088e-27
2991.061000   1.361210e-27
3000.261100   1.365346e-27
3009.489500   1.369494e-27
3018.746300   1.373655e-27
3028.031500   1.377829e-27
3037.345300   1.382017e-27
3046.687700   1.386217e-27
3056.058900   1.390431e-27
3065.458900   1.394658e-27
3074.887800   1.398899e-27
3084.345700   1.403152e-27
3093.832700   1.407419e-27
3103.348900   1.411700e-27
3112.894400   1.415993e-27
3122.469200   1.420301e-27
3132.073500   1.424622e-27
3141.707300   1.428956e-27
3151.370800   1.433304e-27
3161.063900   1.437666e-27
3170.786900   1.442041e-27
3180.539800   1.446430e-27
3190.322700   1.450833e-27
3200.135700   1.455250e-27
3209.978800   1.459681e-27
3219.852300   1.464125e-27
3229.756100   1.468584e-27
3239.690300   1.473056e-27
3249.655200   1.477543e-27
3259.650600   1.482043e-27
3269.676900   1.486558e-27
3279.733900   1.491087e-27
3289.821900   1.495630e-27
3299.941000   1.500187e-27
3310.091100   1.504759e-27
3320.272500   1.509345e-27
3330.485200   1.513945e-27
3340.729300   1.518560e-27
3351.004900   1.523190e-27
3361.312100   1.527855e-27
3371.651000   1.532492e-27
3382.021700   1.537165e-27
3392.424300   1.541852e-27
3402.859000   1.546555e-27
3413.325700   1.551272e-27
3423.824600   1.556004e-27
3434.355800   1.560750e-27
3444.919400   1.565512e-27
3455.515400   1.570289e-27
3466.144100   1.575080e-27
3476.805500   1.579887e-27
3487.499600   1.584708e-27
3498.226700   1.589545e-27
3508.986700   1.594397e-27
3519.779900   1.599264e-27
3530.606200   1.604146e-27
3541.465900   1.609044e-27
3552.358900   1.613957e-27
3563.285500   1.618886e-27
3574.245600   1.623830e-27
3585.239500   1.628789e-27
3596.267200   1.633764e-27
3607.328800   1.638754e-27
3618.424400   1.643761e-27
3629.554200   1.648783e-27
3640.718200   1.653820e-27
3651.916500   1.658874e-27
3663.149300   1.663943e-27
3674.416600   1.669028e-27
3685.718600   1.674129e-27
3697.055300   1.679246e-27
3708.427000   1.684379e-27
3719.833600   1.689528e-27
3731.275200   1.694694e-27
3742.752100   1.699875e-27
3754.264300   1.705073e-27
3765.811900   1.710287e-27
3777.395000   1.715518e-27
3789.013700   1.720765e-27
3800.668200   1.726028e-27
3812.358500   1.731307e-27
3824.084800   1.736604e-27
3835.847100   1.741917e-27
3847.645600   1.747246e-27
3859.480400   1.752593e-27
3871.351600   1.757955e-27
3883.259400   1.763335e-27
3895.203700   1.768732e-27
3907.184800   1.774146e-27
3919.202800   1.779576e-27
3931.257700   1.785024e-27
3943.349700   1.790488e-27
3955.478800   1.795970e-27
3967.645300   1.801469e-27
3979.849300   1.806985e-27
3992.090700   1.812519e-27
4004.369800   1.818070e-27
4016.686700   1.823638e-27
4029.041400   1.829224e-27
4041.434200   1.834827e-27
4053.865100   1.840448e-27
4066.334200   1.846086e-27
4078.841700   1.851742e-27
4091.387600   1.857416e-27
4103.972100   1.863107e-27
4116.595400   1.868817e-27
4129.257400   1.874544e-27
4141.958400   1.880289e-27
4154.698500   1.886053e-27
4167.477800   1.891834e-27
4180.296300   1.897634e-27
4193.154300   1.903451e-27
4206.051900   1.909287e-27
4218.989100   1.915141e-27
4231.966100   1.921014e-27
4244.983000   1.926905e-27
4258.040000   1.932814e-27
4271.137100   1.938742e-27
4284.274500   1.944689e-27
4297.452400   1.950654e-27
4310.670700   1.956638e-27
4323.929700   1.962641e-27
4337.229500   1.968662e-27
4350.570200   1.974703e-27
4363.951900   1.980762e-27
4377.374800   1.986840e-27
4390.839000   1.992938e-27
4404.344600   1.999054e-27
4417.891800   2.005190e-27
4431.480600   2.011345e-27
4445.111200   2.017519e-27
4458.783700   2.023713e-27
4472.498300   2.029926e-27
4486.255100   2.036159e-27
4500.054100   2.042411e-27
4513.895700   2.048683e-27
4527.779800   2.054974e-27
4541.706600   2.061286e-27
4555.676200   2.067617e-27
4569.688800   2.073968e-27
4583.744600   2.080338e-27
4597.843500   2.086729e-27
4611.985800   2.093140e-27
4626.171600   2.099571e-27
4640.401100   2.106022e-27
4654.674300   2.112494e-27
4668.991400   2.118986e-27
4683.352600   2.125498e-27
4697.757900   2.132030e-27
4712.207500   2.138584e-27
4726.701600   2.145157e-27
4741.240300   2.151752e-27
4755.823600   2.158367e-27
4770.451900   2.165003e-27
4785.125100   2.171659e-27
4799.843500   2.178337e-27
4814.607100   2.185036e-27
4829.416200   2.191755e-27
4844.270800   2.198496e-27
4859.171100   2.205258e-27
4874.117200   2.212041e-27
4889.109300   2.218846e-27
4904.147500   2.225672e-27
4919.231900   2.232519e-27
4934.362800   2.239388e-27
4949.540200   2.246279e-27
4964.764300   2.253191e-27
4980.035200   2.260125e-27
4995.353100   2.267081e-27
5010.718100   2.274058e-27
5026.130300   2.281058e-27
5041.590000   2.288080e-27
5057.097200   2.295123e-27
5072.652100   2.302189e-27
5088.254900   2.309277e-27
5103.905600   2.316388e-27
5119.604500   2.323521e-27
5135.351700   2.330676e-27
5151.147300   2.337854e-27
5166.991500   2.345054e-27
5182.884400   2.352277e-27
5198.826200   2.359523e-27
5214.817100   2.366791e-27
5230.857100   2.374083e-27
5246.946500   2.381397e-27
5263.085400   2.388735e-27
5279.273900   2.396096e-27
5295.512200   2.403480e-27
5311.800400   2.410887e-27
5328.138700   2.418317e-27
5344.527300   2.425771e-27
5360.966300   2.433248e-27
5377.455900   2.440749e-27
5393.996200   2.448274e-27
5410.587400   2.455823e-27
5427.229600   2.463395e-27
5443.923000   2.470991e-27
5460.667700   2.478611e-27
5477.463900   2.486255e-27
5494.311800   2.493923e-27
5511.211600   2.501616e-27
5528.163300   2.509332e-27
5545.167100   2.517073e-27
5562.223300   2.524839e-27
5579.331900   2.532629e-27
5596.493100   2.540444e-27
5613.707100   2.548283e-27
5630.974100   2.556147e-27
5648.294200   2.564036e-27
5665.667500   2.571950e-27
5683.094300   2.579889e-27
5700.574700   2.587853e-27
5718.108800   2.595842e-27
5735.696900   2.603857e-27
5753.339100   2.611896e-27
5771.035600   2.619962e-27
5788.786500   2.628053e-27
5806.591900   2.636169e-27
5824.452200   2.644311e-27
5842.367400   2.652479e-27
5860.337700   2.660673e-27
5878.363200   2.668893e-27
5896.444300   2.677139e-27
5914.580900   2.685411e-27
5932.773300   2.693709e-27
5951.021700   2.702033e-27
5969.326200   2.710384e-27
5987.687000   2.718762e-27
6006.104200   2.727166e-27
6024.578100   2.735596e-27
6043.108900   2.744054e-27
6061.696600   2.752538e-27
6080.341600   2.761049e-27
6099.043800   2.769587e-27
6117.803600   2.778152e-27
6136.621100   2.786745e-27
6155.496500   2.795364e-27
6174.429900   2.804011e-27
6193.421600   2.812686e-27
6212.471700   2.821388e-27
6231.580400   2.830118e-27
6250.747800   2.838876e-27
6269.974200   2.847661e-27
6289.259800   2.856475e-27
6308.604600   2.865316e-27
6328.009000   2.874186e-27
6347.473100   2.883083e-27
6366.997000   2.892010e-27
6386.581000   2.900964e-27
6406.225200   2.909947e-27
6425.929800   2.918959e-27
6445.695100   2.927999e-27
6465.521100   2.937069e-27
6485.408100   2.946167e-27
6505.356300   2.955294e-27
6525.365900   2.964451e-27
6545.437000   2.973636e-27
6565.569800   2.982851e-27
6585.764600   2.992096e-27
6606.021500   3.001369e-27
6626.340600   3.010673e-27
6646.722300   3.020006e-27
6667.166700   3.029369e-27
6687.674000   3.038763e-27
6708.244300   3.048186e-27
6728.877900   3.057639e-27
6749.575000   3.067123e-27
6770.335700   3.076637e-27
6791.160300   3.086181e-27
6812.048900   3.095756e-27
6833.001800   3.105362e-27
6854.019200   3.114998e-27
6875.101200   3.124665e-27
6896.248000   3.134364e-27
6917.459900   3.144093e-27
6938.737000   3.153854e-27
6960.079600   3.163646e-27
6981.487800   3.173470e-27
7002.961900   3.183325e-27
7024.502000   3.193212e-27
7046.108300   3.203131e-27
7067.781200   3.213082e-27
7089.520700   3.223064e-27
7111.327000   3.233079e-27
7133.200400   3.243126e-27
7155.141200   3.253206e-27
7177.149400   3.263318e-27
7199.225200   3.273462e-27
7221.369000   3.283640e-27
7243.580900   3.293850e-27
7265.861200   3.304093e-27
7288.209900   3.314370e-27
7310.627400   3.324679e-27
7333.113900   3.335022e-27
7355.669500   3.345398e-27
7378.294500   3.355808e-27
7400.989100   3.366252e-27
7423.753500   3.376730e-27
7446.587900   3.387241e-27
7469.492500   3.397787e-27
7492.467600   3.408367e-27
7515.513400   3.418981e-27
7538.630000   3.429630e-27
7561.817800   3.440313e-27
7585.076900   3.451031e-27
7608.407500   3.461784e-27
7631.809900   3.472572e-27
7655.284200   3.483395e-27
7678.830800   3.494254e-27
7702.449800   3.505147e-27
7726.141400   3.516077e-27
7749.906000   3.527042e-27
7773.743600   3.538043e-27
7797.654500   3.549080e-27
7821.639000   3.560153e-27
7845.697200   3.571262e-27
7869.829500   3.582408e-27
7894.035900   3.593590e-27
7918.316900   3.604809e-27
7942.672500   3.616064e-27
7967.103000   3.627357e-27
7991.608700   3.638687e-27
8016.189800   3.650054e-27
8040.846400   3.661458e-27
8065.578900   3.672900e-27
8090.387500   3.684380e-27
8115.272400   3.695898e-27
8140.233800   3.707454e-27
8165.272000   3.719047e-27
8190.387200   3.730680e-27
8215.579700   3.742351e-27
8240.849600   3.754060e-27
8266.197300   3.765808e-27
8291.623000   3.777595e-27
8317.126800   3.789422e-27
8342.709100   3.801288e-27
8368.370100   3.813193e-27
8394.110000   3.825138e-27
8419.929100   3.837122e-27
8445.827600   3.849147e-27
8471.805800   3.861212e-27
8497.863900   3.873317e-27
8524.002100   3.885463e-27
8550.220700   3.897649e-27
8576.520000   3.909876e-27
8602.900100   3.922145e-27
8629.361400   3.934454e-27
8655.904100   3.946805e-27
8682.528500   3.959198e-27
8709.234700   3.971633e-27
8736.023100   3.984109e-27
8762.893800   3.996628e-27
8789.847200   4.009189e-27
8816.883600   4.021792e-27
8844.003000   4.034439e-27
8871.205900   4.047128e-27
8898.492500   4.059861e-27
8925.863000   4.072637e-27
8953.317700   4.085456e-27
8980.856800   4.098320e-27
9008.480700   4.111227e-27
9036.189500   4.124179e-27
9063.983500   4.137175e-27
9091.863000   4.150216e-27
9119.828300   4.163301e-27
9147.879600   4.176432e-27
9176.017200   4.189609e-27
9204.241300   4.202830e-27
9232.552200   4.216098e-27
9260.950300   4.229412e-27
9289.435600   4.242772e-27
9318.008600   4.256179e-27
9346.669500   4.269632e-27
9375.418500   4.283133e-27
9404.256000   4.296681e-27
9433.182100   4.310277e-27
9462.197300   4.323920e-27
9491.301600   4.337612e-27
9520.495500   4.351352e-27
9549.779200   4.365141e-27
9579.153000   4.378979e-27
9608.617100   4.392866e-27
9638.171800   4.406802e-27
9667.817500   4.420789e-27
9697.554300   4.434826e-27
9727.382600   4.448913e-27
9757.302700   4.463051e-27
9787.314700   4.477240e-27
9817.419100   4.491481e-27
9847.616100   4.505773e-27
9877.906000   4.520118e-27
9908.289000   4.534515e-27
9938.765500   4.548965e-27
9969.335700   4.563468e-27
10000.000000   4.578024e-27
