1.000000   0.000000
1.003076   0.000000
1.006161   0.000000
1.009256   0.000000
1.012360   0.000000
1.015474   0.000000
1.018598   0.000000
1.021731   0.000000
1.024873   0.000000
1.028026   0.000000
1.031188   0.000000
1.034360   0.000000
1.037541   0.000000
1.040733   0.000000
1.043934   0.000000
1.047145   0.000000
1.050366   0.000000
1.053596   0.000000
1.056837   0.000000
1.060088   0.000000
1.063348   0.000000
1.066619   0.000000
1.069900   0.000000
1.073191   0.000000
1.076492   0.000000
1.079803   0.000000
1.083124   0.000000
1.086456   0.000000
1.089797   0.000000
1.093149   0.000000
1.096512   0.000000
1.099885   0.000000
1.103268   0.000000
1.106661   0.000000
1.110065   0.000000
1.113479   0.000000
1.116904   0.000000
1.120340   0.000000
1.123786   0.000000
1.127242   0.000000
1.130710   0.000000
1.134188   0.000000
1.137676   0.000000
1.141175   0.000000
1.144686   0.000000
1.148206   0.000000
1.151738   0.000000
1.155281   0.000000
1.158834   0.000000
1.162399   0.000000
1.165974   0.000000
1.169561   0.000000
1.173158   0.000000
1.176766   0.000000
1.180386   0.000000
1.184017   0.000000
1.187658   0.000000
1.191312   0.000000
1.194976   0.000000
1.198651   0.000000
1.202338   0.000000
1.206036   0.000000
1.209746   0.000000
1.213467   0.000000
1.217200   0.000000
1.220943   0.000000
1.224699   0.000000
1.228466   0.000000
1.232244   0.000000
1.236035   0.000000
1.239837   0.000000
1.243650   0.000000
1.247475   0.000000
1.251313   0.000000
1.255161   0.000000
1.259022   0.000000
1.262895   0.000000
1.266779   0.000000
1.270676   0.000000
1.274584   0.000000
1.278504   0.000000
1.282437   0.000000
1.286382   0.000000
1.290338   0.000000
1.294307   0.000000
1.298288   0.000000
1.302282   0.000000
1.306287   0.000000
1.310305   0.000000
1.314336   0.000000
1.318378   0.000000
1.322433   0.000000
1.326501   0.000000
1.330581   0.000000
1.334674   0.000000
1.338779   0.000000
1.342897   0.000000
1.347028   0.000000
1.351171   0.000000
1.355327   0.000000
1.359496   0.000000
1.363677   0.000000
1.367872   0.000000
1.372079   0.000000
1.376299   0.000000
1.380533   0.000000
1.384779   0.000000
1.389038   0.000000
1.393311   0.000000
1.397596   0.000000
1.401895   0.000000
1.406207   0.000000
1.410533   0.000000
1.414871   0.000000
1.419223   0.000000
1.423588   0.000000
1.427967   0.000000
1.432359   0.000000
1.436765   0.000000
1.441185   0.000000
1.445617   0.000000
1.450064   0.000000
1.454524   0.000000
1.458998   0.000000
1.463486   0.000000
1.467987   0.000000
1.472502   0.000000
1.477032   0.000000
1.481575   0.000000
1.486132   0.000000
1.490703   0.000000
1.495288   0.000000
1.499888   0.000000
1.504501   0.000000
1.509129   0.000000
1.513770   0.000000
1.518427   0.000000
1.523097   0.000000
1.527782   0.000000
1.532481   0.000000
1.537195   0.000000
1.541923   0.000000
1.546666   0.000000
1.551423   0.000000
1.556195   0.000000
1.560982   0.000000
1.565783   0.000000
1.570599   0.000000
1.575430   0.000000
1.580276   0.000000
1.585137   0.000000
1.590012   0.000000
1.594903   0.000000
1.599809   0.000000
1.604729   0.000000
1.609665   0.000000
1.614616   0.000000
1.619583   0.000000
1.624564   0.000000
1.629561   0.000000
1.634574   0.000000
1.639601   0.000000
1.644645   0.000000
1.649703   0.000000
1.654777   0.000000
1.659867   0.000000
1.664973   0.000000
1.670094   0.000000
1.675231   0.000000
1.680384   0.000000
1.685552   0.000000
1.690737   0.000000
1.695937   0.000000
1.701154   0.000000
1.706386   0.000000
1.711635   0.000000
1.716900   0.000000
1.722181   0.000000
1.727478   0.000000
1.732791   0.000000
1.738121   0.000000
1.743467   0.000000
1.748830   0.000000
1.754209   0.000000
1.759605   0.000000
1.765017   0.000000
1.770446   0.000000
1.775892   0.000000
1.781354   0.000000
1.786833   0.000000
1.792329   0.000000
1.797842   0.000000
1.803372   0.000000
1.808919   0.000000
1.814483   0.000000
1.820064   0.000000
1.825662   0.000000
1.831278   0.000000
1.836911   0.000000
1.842561   0.000000
1.848228   0.000000
1.853913   0.000000
1.859615   0.000000
1.865335   0.000000
1.871073   0.000000
1.876828   0.000000
1.882601   0.000000
1.888392   0.000000
1.894200   0.000000
1.900026   0.000000
1.905870   0.000000
1.911733   0.000000
1.917613   0.000000
1.923511   0.000000
1.929428   0.000000
1.935362   0.000000
1.941315   0.000000
1.947286   0.000000
1.953276   0.000000
1.959284   0.000000
1.965310   0.000000
1.971355   0.000000
1.977419   0.000000
1.983501   0.000000
1.989602   0.000000
1.995722   0.000000
2.001860   0.000000
2.008018   0.000000
2.014194   0.000000
2.020390   0.000000
2.026604   0.000000
2.032838   0.000000
2.039090   0.000000
2.045362   0.000000
2.051654   0.000000
2.057964   0.000000
2.064294   0.000000
2.070644   0.000000
2.077013   0.000000
2.083401   0.000000
2.089809   0.000000
2.096237   0.000000
2.102685   0.000000
2.109153   0.000000
2.115640   0.000000
2.122148   0.000000
2.128675   0.000000
2.135223   0.000000
2.141790   0.000000
2.148378   0.000000
2.154986   0.000000
2.161615   0.000000
2.168263   0.000000
2.174933   0.000000
2.181622   0.000000
2.188333   0.000000
2.195064   0.000000
2.201815   0.000000
2.208588   0.000000
2.215381   0.000000
2.222196   0.000000
2.229031   0.000000
2.235887   0.000000
2.242764   0.000000
2.249662   0.000000
2.256582   0.000000
2.263523   0.000000
2.270485   0.000000
2.277469   0.000000
2.284474   0.000000
2.291501   0.000000
2.298549   0.000000
2.305619   0.000000
2.312711   0.000000
2.319825   0.000000
2.326960   0.000000
2.334118   0.000000
2.341297   0.000000
2.348498   0.000000
2.355722   0.000000
2.362968   0.000000
2.370236   0.000000
2.377527   0.000000
2.384840   0.000000
2.392175   0.000000
2.399533   0.000000
2.406913   0.000000
2.414317   0.000000
2.421743   0.000000
2.429192   0.000000
2.436664   0.000000
2.444159   0.000000
2.451676   0.000000
2.459217   0.000000
2.466782   0.000000
2.474369   0.000000
2.481980   0.000000
2.489614   0.000000
2.497272   0.000000
2.504953   0.000000
2.512658   0.000000
2.520387   0.000000
2.528139   0.000000
2.535915   0.000000
2.543715   0.000000
2.551539   0.000000
2.559388   0.000000
2.567260   0.000000
2.575156   0.000000
2.583077   0.000000
2.591022   0.000000
2.598992   0.000000
2.606986   0.000000
2.615005   0.000000
2.623048   0.000000
2.631116   0.000000
2.639209   0.000000
2.647327   0.000000
2.655470   0.000000
2.663638   0.000000
2.671831   0.000000
2.680049   0.000000
2.688292   0.000000
2.696561   0.000000
2.704855   0.000000
2.713175   0.000000
2.721521   0.000000
2.729891   0.000000
2.738288   0.000000
2.746711   0.000000
2.755159   0.000000
2.763634   0.000000
2.772134   0.000000
2.780661   0.000000
2.789214   0.000000
2.797793   0.000000
2.806399   0.000000
2.815031   0.000000
2.823689   0.000000
2.832375   0.000000
2.841087   0.000000
2.849826   0.000000
2.858591   0.000000
2.867384   0.000000
2.876203   0.000000
2.885050   0.000000
2.893924   0.000000
2.902826   0.000000
2.911754   0.000000
2.920710   0.000001
2.929694   0.000001
2.938705   0.000001
2.947744   0.000001
2.956811   0.000001
2.965906   0.000001
2.975029   0.000001
2.984180   0.000001
2.993358   0.000001
3.002566   0.000001
3.011801   0.000001
3.021065   0.000001
3.030357   0.000001
3.039678   0.000001
3.049028   0.000001
3.058406   0.000001
3.067813   0.000001
3.077250   0.000001
3.086715   0.000001
3.096209   0.000001
3.105733   0.000001
3.115285   0.000001
3.124868   0.000001
3.134479   0.000001
3.144120   0.000001
3.153791   0.000001
3.163492   0.000001
3.173222   0.000001
3.182983   0.000001
3.192773   0.000001
3.202594   0.000001
3.212444   0.000001
3.222325   0.000001
3.232237   0.000001
3.242179   0.000001
3.252151   0.000001
3.262154   0.000001
3.272188   0.000001
3.282253   0.000001
3.292349   0.000001
3.302476   0.000001
3.312634   0.000001
3.322823   0.000001
3.333043   0.000001
3.343295   0.000001
3.353579   0.000001
3.363894   0.000001
3.374241   0.000001
3.384619   0.000001
3.395030   0.000001
3.405473   0.000001
3.415947   0.000001
3.426454   0.000001
3.436994   0.000001
3.447565   0.000001
3.458169   0.000001
3.468806   0.000001
3.479476   0.000001
3.490178   0.000001
3.500914   0.000001
3.511682   0.000001
3.522483   0.000001
3.533318   0.000002
3.544186   0.000002
3.555087   0.000002
3.566022   0.000002
3.576991   0.000002
3.587993   0.000002
3.599029   0.000002
3.610100   0.000002
3.621204   0.000002
3.632342   0.000002
3.643515   0.000002
3.654721   0.000002
3.665963   0.000002
3.677239   0.000002
3.688550   0.000002
3.699895   0.000002
3.711275   0.000002
3.722691   0.000002
3.734141   0.000002
3.745627   0.000002
3.757148   0.000002
3.768704   0.000002
3.780296   0.000002
3.791924   0.000002
3.803587   0.000002
3.815287   0.000002
3.827022   0.000002
3.838793   0.000002
3.850601   0.000002
3.862445   0.000002
3.874325   0.000003
3.886242   0.000003
3.898195   0.000003
3.910186   0.000003
3.922213   0.000003
3.934277   0.000003
3.946378   0.000003
3.958517   0.000003
3.970693   0.000003
3.982906   0.000003
3.995157   0.000003
4.007446   0.000003
4.019772   0.000003
4.032136   0.000003
4.044538   0.000003
4.056979   0.000003
4.069458   0.000003
4.081975   0.000003
4.094530   0.000003
4.107124   0.000003
4.119757   0.000004
4.132429   0.000004
4.145140   0.000004
4.157890   0.000004
4.170679   0.000004
4.183507   0.000004
4.196375   0.000004
4.209282   0.000004
4.222230   0.000004
4.235217   0.000004
4.248244   0.000004
4.261310   0.000004
4.274418   0.000004
4.287565   0.000004
4.300753   0.000004
4.313982   0.000005
4.327251   0.000005
4.340561   0.000005
4.353912   0.000005
4.367304   0.000005
4.380737   0.000005
4.394211   0.000005
4.407728   0.000005
4.421285   0.000005
4.434884   0.000005
4.448525   0.000005
4.462208   0.000006
4.475934   0.000006
4.489701   0.000006
4.503510   0.000006
4.517363   0.000006
4.531257   0.000006
4.545195   0.000006
4.559175   0.000006
4.573199   0.000006
4.587265   0.000006
4.601375   0.000007
4.615528   0.000007
4.629725   0.000007
4.643965   0.000007
4.658249   0.000007
4.672578   0.000007
4.686950   0.000007
4.701366   0.000007
4.715827   0.000007
4.730332   0.000008
4.744882   0.000008
4.759476   0.000008
4.774116   0.000008
4.788800   0.000008
4.803530   0.000008
4.818305   0.000008
4.833126   0.000008
4.847992   0.000009
4.862903   0.000009
4.877861   0.000009
4.892864   0.000009
4.907914   0.000009
4.923010   0.000009
4.938153   0.000010
4.953342   0.000010
4.968578   0.000010
4.983860   0.000010
4.999190   0.000010
5.014567   0.000010
5.029991   0.000011
5.045462   0.000011
5.060981   0.000011
5.076548   0.000011
5.092163   0.000011
5.107826   0.000011
5.123537   0.000012
5.139296   0.000012
5.155104   0.000012
5.170960   0.000012
5.186865   0.000012
5.202819   0.000013
5.218822   0.000013
5.234875   0.000013
5.250977   0.000013
5.267128   0.000013
5.283329   0.000014
5.299580   0.000014
5.315880   0.000014
5.332231   0.000014
5.348632   0.000015
5.365084   0.000015
5.381586   0.000015
5.398139   0.000015
5.414743   0.000016
5.431398   0.000016
5.448104   0.000016
5.464862   0.000016
5.481671   0.000017
5.498532   0.000017
5.515445   0.000017
5.532409   0.000017
5.549426   0.000018
5.566496   0.000018
5.583617   0.000018
5.600792   0.000019
5.618019   0.000019
5.635299   0.000019
5.652633   0.000020
5.670019   0.000020
5.687459   0.000020
5.704953   0.000020
5.722501   0.000021
5.740102   0.000021
5.757758   0.000021
5.775468   0.000022
5.793233   0.000022
5.811052   0.000023
5.828926   0.000023
5.846855   0.000023
5.864839   0.000024
5.882878   0.000024
5.900973   0.000024
5.919124   0.000025
5.937330   0.000025
5.955592   0.000026
5.973911   0.000026
5.992286   0.000026
6.010717   0.000027
6.029205   0.000027
6.047751   0.000028
6.066352   0.000028
6.085012   0.000028
6.103728   0.000029
6.122503   0.000029
6.141335   0.000030
6.160224   0.000030
6.179172   0.000031
6.198179   0.000031
6.217243   0.000032
6.236367   0.000032
6.255549   0.000033
6.274790   0.000033
6.294090   0.000034
6.313450   0.000034
6.332869   0.000035
6.352348   0.000035
6.371887   0.000036
6.391486   0.000036
6.411146   0.000037
6.430866   0.000037
6.450646   0.000038
6.470487   0.000038
6.490389   0.000039
6.510353   0.000039
6.530378   0.000040
6.550464   0.000040
6.570613   0.000041
6.590823   0.000041
6.611095   0.000042
6.631430   0.000043
6.651827   0.000043
6.672288   0.000044
6.692811   0.000044
6.713397   0.000045
6.734046   0.000045
6.754759   0.000046
6.775536   0.000047
6.796376   0.000047
6.817281   0.000048
6.838250   0.000048
6.859284   0.000049
6.880382   0.000049
6.901545   0.000050
6.922773   0.000051
6.944066   0.000051
6.965426   0.000052
6.986850   0.000052
7.008341   0.000053
7.029897   0.000054
7.051520   0.000054
7.073210   0.000055
7.094966   0.000055
7.116789   0.000056
7.138679   0.000057
7.160637   0.000057
7.182662   0.000058
7.204755   0.000058
7.226916   0.000059
7.249145   0.000059
7.271442   0.000060
7.293808   0.000061
7.316243   0.000061
7.338746   0.000062
7.361319   0.000062
7.383962   0.000063
7.406674   0.000064
7.429456   0.000064
7.452307   0.000065
7.475230   0.000065
7.498222   0.000066
7.521286   0.000067
7.544420   0.000067
7.567626   0.000068
7.590903   0.000068
7.614251   0.000069
7.637672   0.000070
7.661164   0.000070
7.684729   0.000071
7.708366   0.000071
7.732076   0.000072
7.755859   0.000072
7.779714   0.000073
7.803644   0.000074
7.827647   0.000074
7.851723   0.000075
7.875874   0.000075
7.900099   0.000076
7.924399   0.000077
7.948773   0.000077
7.973222   0.000078
7.997747   0.000078
8.022347   0.000079
8.047022   0.000080
8.071774   0.000080
8.096602   0.000081
8.121506   0.000081
8.146486   0.000082
8.171544   0.000083
8.196678   0.000083
8.221890   0.000084
8.247179   0.000084
8.272546   0.000085
8.297992   0.000086
8.323515   0.000086
8.349117   0.000087
8.374798   0.000087
8.400557   0.000088
8.426396   0.000089
8.452315   0.000089
8.478313   0.000090
8.504391   0.000090
8.530549   0.000091
8.556788   0.000092
8.583107   0.000092
8.609508   0.000093
8.635990   0.000093
8.662553   0.000094
8.689197   0.000095
8.715924   0.000095
8.742733   0.000096
8.769624   0.000097
8.796598   0.000097
8.823656   0.000098
8.850796   0.000098
8.878020   0.000099
8.905327   0.000100
8.932719   0.000100
8.960195   0.000101
8.987755   0.000102
9.015400   0.000102
9.043130   0.000103
9.070945   0.000104
9.098846   0.000104
9.126833   0.000105
9.154906   0.000105
9.183065   0.000106
9.211311   0.000107
9.239644   0.000107
9.268063   0.000108
9.296571   0.000109
9.325166   0.000109
9.353848   0.000110
9.382620   0.000111
9.411479   0.000111
9.440428   0.000112
9.469465   0.000113
9.498592   0.000113
9.527808   0.000114
9.557114   0.000115
9.586510   0.000115
9.615997   0.000116
9.645575   0.000117
9.675243   0.000118
9.705003   0.000118
9.734854   0.000119
9.764797   0.000120
9.794832   0.000120
9.824960   0.000121
9.855180   0.000122
9.885493   0.000123
9.915899   0.000123
9.946399   0.000124
9.976993   0.000125
10.007681   0.000125
10.038463   0.000126
10.069340   0.000127
10.100312   0.000128
10.131379   0.000128
10.162542   0.000129
10.193800   0.000130
10.225155   0.000131
10.256606   0.000131
10.288154   0.000132
10.319799   0.000133
10.351541   0.000134
10.383381   0.000135
10.415319   0.000135
10.447355   0.000136
10.479489   0.000137
10.511723   0.000138
10.544055   0.000139
10.576487   0.000139
10.609019   0.000140
10.641651   0.000141
10.674383   0.000142
10.707216   0.000143
10.740150   0.000144
10.773185   0.000144
10.806322   0.000145
10.839560   0.000146
10.872901   0.000147
10.906345   0.000148
10.939891   0.000149
10.973541   0.000150
11.007294   0.000150
11.041151   0.000151
11.075112   0.000152
11.109177   0.000153
11.143347   0.000154
11.177623   0.000155
11.212004   0.000156
11.246490   0.000157
11.281083   0.000158
11.315782   0.000159
11.350587   0.000160
11.385500   0.000161
11.420520   0.000162
11.455648   0.000163
11.490884   0.000164
11.526229   0.000165
11.561682   0.000166
11.597244   0.000167
11.632915   0.000168
11.668696   0.000169
11.704588   0.000170
11.740589   0.000171
11.776702   0.000172
11.812925   0.000173
11.849260   0.000174
11.885707   0.000175
11.922265   0.000176
11.958937   0.000177
11.995721   0.000178
12.032618   0.000179
12.069628   0.000181
12.106753   0.000182
12.143991   0.000183
12.181345   0.000184
12.218813   0.000185
12.256396   0.000186
12.294095   0.000187
12.331910   0.000189
12.369841   0.000190
12.407889   0.000191
12.446054   0.000192
12.484336   0.000193
12.522736   0.000195
12.561254   0.000196
12.599891   0.000197
12.638646   0.000198
12.677521   0.000200
12.716515   0.000201
12.755630   0.000202
12.794864   0.000204
12.834219   0.000205
12.873696   0.000206
12.913293   0.000208
12.953013   0.000209
12.992854   0.000210
13.032818   0.000212
13.072906   0.000213
13.113116   0.000214
13.153450   0.000216
13.193908   0.000217
13.234491   0.000219
13.275198   0.000220
13.316031   0.000222
13.356989   0.000223
13.398073   0.000225
13.439284   0.000226
13.480621   0.000228
13.522086   0.000229
13.563678   0.000231
13.605398   0.000232
13.647246   0.000234
13.689223   0.000235
13.731329   0.000237
13.773565   0.000239
13.815930   0.000240
13.858426   0.000242
13.901052   0.000244
13.943810   0.000245
13.986699   0.000247
14.029720   0.000249
14.072874   0.000250
14.116160   0.000252
14.159579   0.000254
14.203132   0.000255
14.246819   0.000257
14.290640   0.000259
14.334596   0.000261
14.378687   0.000262
14.422914   0.000264
14.467277   0.000266
14.511776   0.000268
14.556412   0.000269
14.601186   0.000271
14.646097   0.000272
14.691146   0.000273
14.736334   0.000274
14.781661   0.000273
14.827127   0.000253
14.872734   0.000179
14.918480   0.000138
14.964367   0.000146
15.010395   0.000201
15.056565   0.000270
15.102877   0.000285
15.149331   0.000291
15.195929   0.000296
15.242669   0.000299
15.289553   0.000302
15.336582   0.000305
15.383755   0.000307
15.431073   0.000310
15.478537   0.000312
15.526147   0.000315
15.573903   0.000317
15.621806   0.000320
15.669857   0.000322
15.718055   0.000325
15.766401   0.000327
15.814897   0.000330
15.863541   0.000332
15.912335   0.000335
15.961279   0.000337
16.010374   0.000340
16.059619   0.000343
16.109016   0.000345
16.158565   0.000348
16.208267   0.000351
16.258121   0.000353
16.308129   0.000356
16.358290   0.000359
16.408606   0.000362
16.459077   0.000365
16.509702   0.000368
16.560484   0.000371
16.611422   0.000373
16.662516   0.000376
16.713768   0.000379
16.765177   0.000382
16.816744   0.000385
16.868470   0.000389
16.920355   0.000392
16.972400   0.000395
17.024604   0.000398
17.076970   0.000401
17.129496   0.000404
17.182184   0.000408
17.235034   0.000411
17.288046   0.000414
17.341222   0.000418
17.394561   0.000421
17.448064   0.000425
17.501732   0.000428
17.555565   0.000432
17.609563   0.000435
17.663728   0.000439
17.718059   0.000443
17.772557   0.000446
17.827223   0.000450
17.882057   0.000454
17.937060   0.000457
17.992231   0.000461
18.047573   0.000465
18.103085   0.000469
18.158767   0.000473
18.214621   0.000477
18.270647   0.000481
18.326845   0.000485
18.383215   0.000489
18.439759   0.000493
18.496478   0.000497
18.553370   0.000502
18.610438   0.000506
18.667681   0.000510
18.725100   0.000515
18.782696   0.000519
18.840468   0.000524
18.898419   0.000528
18.956548   0.000533
19.014856   0.000537
19.073343   0.000542
19.132009   0.000546
19.190857   0.000551
19.249885   0.000556
19.309095   0.000561
19.368487   0.000565
19.428062   0.000570
19.487820   0.000575
19.547762   0.000580
19.607888   0.000585
19.668199   0.000590
19.728695   0.000595
19.789378   0.000600
19.850247   0.000605
19.911304   0.000611
19.972548   0.000616
20.033981   0.000621
20.095603   0.000626
20.157414   0.000631
20.219415   0.000636
20.281607   0.000642
20.343991   0.000647
20.406566   0.000651
20.469333   0.000656
20.532294   0.000661
20.595449   0.000665
20.658797   0.000668
20.722341   0.000670
20.786080   0.000671
20.850015   0.000667
20.914147   0.000655
20.978475   0.000628
21.043002   0.000548
21.107728   0.000395
21.172652   0.000326
21.237776   0.000338
21.303100   0.000451
21.368626   0.000661
21.434353   0.000717
21.500282   0.000737
21.566413   0.000750
21.632749   0.000762
21.699288   0.000771
21.766032   0.000780
21.832981   0.000789
21.900136   0.000797
21.967498   0.000804
22.035067   0.000812
22.102844   0.000819
22.170829   0.000827
22.239023   0.000834
22.307427   0.000841
22.376042   0.000848
22.444867   0.000856
22.513904   0.000863
22.583154   0.000870
22.652617   0.000877
22.722293   0.000884
22.792183   0.000892
22.862289   0.000899
22.932610   0.000906
23.003147   0.000913
23.073902   0.000920
23.144874   0.000927
23.216064   0.000935
23.287474   0.000942
23.359102   0.000949
23.430952   0.000956
23.503022   0.000963
23.575314   0.000970
23.647828   0.000977
23.720566   0.000985
23.793527   0.000992
23.866712   0.000999
23.940123   0.001006
24.013759   0.001013
24.087622   0.001020
24.161712   0.001027
24.236030   0.001034
24.310577   0.001040
24.385353   0.001047
24.460359   0.001054
24.535595   0.001061
24.611063   0.001068
24.686763   0.001074
24.762696   0.001081
24.838863   0.001088
24.915264   0.001094
24.991900   0.001101
25.068771   0.001107
25.145879   0.001114
25.223224   0.001120
25.300807   0.001126
25.378629   0.001133
25.456690   0.001139
25.534991   0.001145
25.613533   0.001151
25.692317   0.001157
25.771343   0.001163
25.850612   0.001169
25.930124   0.001175
26.009882   0.001181
26.089885   0.001187
26.170133   0.001193
26.250629   0.001199
26.331372   0.001204
26.412364   0.001210
26.493604   0.001216
26.575095   0.001221
26.656836   0.001227
26.738829   0.001232
26.821074   0.001238
26.903571   0.001243
26.986323   0.001249
27.069329   0.001254
27.152591   0.001260
27.236108   0.001265
27.319882   0.001271
27.403915   0.001276
27.488205   0.001281
27.572755   0.001287
27.657565   0.001292
27.742636   0.001297
27.827968   0.001303
27.913563   0.001308
27.999421   0.001313
28.085543   0.001319
28.171930   0.001324
28.258583   0.001329
28.345503   0.001335
28.432689   0.001340
28.520144   0.001346
28.607868   0.001351
28.695862   0.001357
28.784126   0.001362
28.872662   0.001368
28.961470   0.001374
29.050552   0.001379
29.139907   0.001385
29.229537   0.001391
29.319443   0.001397
29.409626   0.001403
29.500085   0.001409
29.590824   0.001415
29.681841   0.001421
29.773138   0.001427
29.864716   0.001433
29.956575   0.001440
30.048718   0.001446
30.141143   0.001453
30.233853   0.001460
30.326848   0.001467
30.420129   0.001473
30.513697   0.001481
30.607553   0.001488
30.701697   0.001495
30.796131   0.001502
30.890856   0.001510
30.985872   0.001518
31.081180   0.001526
31.176781   0.001534
31.272677   0.001542
31.368867   0.001550
31.465353   0.001558
31.562136   0.001567
31.659217   0.001576
31.756596   0.001585
31.854275   0.001594
31.952254   0.001603
32.050535   0.001613
32.149118   0.001623
32.248004   0.001632
32.347194   0.001643
32.446689   0.001653
32.546491   0.001663
32.646599   0.001674
32.747015   0.001685
32.847741   0.001696
32.948776   0.001707
33.050121   0.001719
33.151779   0.001731
33.253749   0.001743
33.356033   0.001755
33.458631   0.001768
33.561545   0.001780
33.664776   0.001793
33.768324   0.001807
33.872190   0.001820
33.976376   0.001834
34.080883   0.001848
34.185711   0.001862
34.290861   0.001876
34.396335   0.001891
34.502133   0.001906
34.608257   0.001921
34.714707   0.001937
34.821485   0.001953
34.928590   0.001969
35.036026   0.001985
35.143792   0.002001
35.251889   0.002018
35.360319   0.002035
35.469082   0.002053
35.578180   0.002071
35.687613   0.002089
35.797383   0.002107
35.907491   0.002125
36.017937   0.002144
36.128724   0.002163
36.239850   0.002183
36.351319   0.002202
36.463130   0.002222
36.575286   0.002243
36.687786   0.002263
36.800633   0.002284
36.913826   0.002305
37.027368   0.002327
37.141259   0.002349
37.255500   0.002371
37.370093   0.002393
37.485038   0.002416
37.600336   0.002439
37.715990   0.002462
37.831999   0.002486
37.948365   0.002510
38.065088   0.002534
38.182171   0.002559
38.299614   0.002584
38.417418   0.002609
38.535585   0.002634
38.654115   0.002660
38.773009   0.002686
38.892270   0.002713
39.011897   0.002740
39.131892   0.002767
39.252256   0.002794
39.372990   0.002822
39.494096   0.002850
39.615574   0.002879
39.737426   0.002907
39.859653   0.002936
39.982255   0.002966
40.105235   0.002996
40.228593   0.003026
40.352331   0.003056
40.476449   0.003087
40.600948   0.003118
40.725831   0.003149
40.851098   0.003181
40.976750   0.003213
41.102789   0.003246
41.229215   0.003278
41.356030   0.003311
41.483236   0.003345
41.610832   0.003379
41.738821   0.003413
41.867204   0.003447
41.995982   0.003482
42.125155   0.003517
42.254726   0.003553
42.384696   0.003589
42.515065   0.003625
42.645835   0.003661
42.777008   0.003698
42.908584   0.003735
43.040565   0.003773
43.172951   0.003811
43.305745   0.003849
43.438947   0.003888
43.572559   0.003927
43.706582   0.003966
43.841018   0.004006
43.975866   0.004046
44.111130   0.004087
44.246810   0.004128
44.382906   0.004169
44.519422   0.004211
44.656357   0.004252
44.793714   0.004295
44.931493   0.004337
45.069696   0.004380
45.208324   0.004424
45.347378   0.004467
45.486860   0.004510
45.626772   0.004555
45.767113   0.004600
45.907886   0.004646
46.049092   0.004692
46.190733   0.004738
46.332809   0.004785
46.475322   0.004832
46.618273   0.004879
46.761665   0.004927
46.905497   0.004975
47.049772   0.005023
47.194490   0.005072
47.339654   0.005121
47.485264   0.005171
47.631321   0.005221
47.777829   0.005271
47.924786   0.005322
48.072196   0.005373
48.220060   0.005425
48.368378   0.005477
48.517152   0.005529
48.666384   0.005582
48.816075   0.005635
48.966226   0.005689
49.116839   0.005743
49.267916   0.005797
49.419457   0.005852
49.571464   0.005908
49.723939   0.005963
49.876882   0.006020
50.030297   0.006076
50.184183   0.006133
50.338542   0.006190
50.493376   0.006248
50.648687   0.006307
50.804475   0.006365
50.960742   0.006424
51.117490   0.006484
51.274720   0.006544
51.432434   0.006605
51.590633   0.006666
51.749319   0.006727
51.908492   0.006789
52.068155   0.006851
52.228309   0.006914
52.388956   0.006977
52.550097   0.007040
52.711734   0.007105
52.873868   0.007169
53.036500   0.007234
53.199633   0.007300
53.363268   0.007366
53.527405   0.007432
53.692048   0.007499
53.857197   0.007566
54.022854   0.007634
54.189021   0.007702
54.355699   0.007771
54.522889   0.007841
54.690594   0.007910
54.858814   0.007981
55.027552   0.008051
55.196809   0.008123
55.366587   0.008194
55.536886   0.008267
55.707710   0.008339
55.879059   0.008413
56.050935   0.008487
56.223340   0.008561
56.396275   0.008636
56.569742   0.008711
56.743742   0.008787
56.918278   0.008863
57.093350   0.008940
57.268961   0.009018
57.445113   0.009096
57.621806   0.009174
57.799042   0.009253
57.976824   0.009333
58.155152   0.009413
58.334029   0.009494
58.513456   0.009575
58.693435   0.009657
58.873968   0.009740
59.055056   0.009823
59.236701   0.009906
59.418905   0.009990
59.601669   0.010075
59.784995   0.010160
59.968885   0.010246
60.153341   0.010333
60.338364   0.010420
60.523956   0.010507
60.710119   0.010596
60.896855   0.010684
61.084165   0.010774
61.272051   0.010864
61.460516   0.010955
61.649559   0.011046
61.839185   0.011138
62.029393   0.011230
62.220187   0.011324
62.411567   0.011417
62.603536   0.011512
62.796096   0.011607
62.989248   0.011703
63.182994   0.011799
63.377336   0.011896
63.572275   0.011994
63.767815   0.012092
63.963955   0.012191
64.160699   0.012291
64.358049   0.012391
64.556005   0.012493
64.754570   0.012594
64.953746   0.012697
65.153534   0.012800
65.353937   0.012904
65.554957   0.013008
65.756594   0.013114
65.958852   0.013220
66.161732   0.013326
66.365237   0.013434
66.569367   0.013542
66.774125   0.013651
66.979512   0.013761
67.185532   0.013871
67.392185   0.013982
67.599474   0.014094
67.807400   0.014207
68.015966   0.014320
68.225173   0.014435
68.435024   0.014549
68.645521   0.014665
68.856665   0.014782
69.068458   0.014899
69.280903   0.015017
69.494001   0.015136
69.707755   0.015256
69.922166   0.015377
70.137236   0.015498
70.352969   0.015620
70.569364   0.015743
70.786426   0.015867
71.004155   0.015992
71.222553   0.016118
71.441624   0.016244
71.661368   0.016372
71.881788   0.016500
72.102886   0.016629
72.324665   0.016759
72.547125   0.016890
72.770270   0.017021
72.994101   0.017154
73.218620   0.017288
73.443830   0.017422
73.669733   0.017557
73.896331   0.017694
74.123625   0.017831
74.351619   0.017969
74.580314   0.018108
74.809713   0.018248
75.039817   0.018389
75.270628   0.018531
75.502150   0.018674
75.734384   0.018818
75.967332   0.018963
76.200997   0.019109
76.435380   0.019256
76.670485   0.019404
76.906312   0.019553
77.142865   0.019703
77.380146   0.019854
77.618156   0.020006
77.856898   0.020159
78.096375   0.020313
78.336589   0.020468
78.577541   0.020624
78.819234   0.020782
79.061671   0.020940
79.304853   0.021100
79.548784   0.021260
79.793465   0.021422
80.038898   0.021585
80.285086   0.021749
80.532032   0.021914
80.779737   0.022080
81.028204   0.022247
81.277435   0.022416
81.527433   0.022585
81.778200   0.022756
82.029738   0.022928
82.282050   0.023101
82.535138   0.023275
82.789004   0.023451
83.043651   0.023628
83.299082   0.023806
83.555298   0.023985
83.812302   0.024165
84.070097   0.024347
84.328684   0.024530
84.588067   0.024714
84.848248   0.024899
85.109230   0.025086
85.371013   0.025274
85.633603   0.025463
85.896999   0.025654
86.161206   0.025846
86.426226   0.026039
86.692061   0.026233
86.958713   0.026429
87.226186   0.026626
87.494481   0.026825
87.763602   0.027025
88.033550   0.027226
88.304329   0.027429
88.575940   0.027633
88.848387   0.027839
89.121672   0.028045
89.395798   0.028254
89.670767   0.028464
89.946581   0.028675
90.223244   0.028887
90.500758   0.029102
90.779126   0.029317
91.058349   0.029534
91.338432   0.029753
91.619376   0.029973
91.901184   0.030195
92.183859   0.030418
92.467404   0.030642
92.751820   0.030869
93.037112   0.031096
93.323280   0.031326
93.610330   0.031557
93.898262   0.031789
94.187079   0.032023
94.476786   0.032259
94.767383   0.032496
95.058874   0.032735
95.351261   0.032976
95.644548   0.033218
95.938737   0.033462
96.233831   0.033708
96.529833   0.033955
96.826745   0.034204
97.124570   0.034455
97.423312   0.034707
97.722972   0.034962
98.023554   0.035217
98.325060   0.035475
98.627494   0.035735
98.930858   0.035996
99.235156   0.036259
99.540389   0.036524
99.846561   0.036790
100.153670   0.037059
100.461730   0.037329
100.770740   0.037601
101.080700   0.037876
101.391610   0.038151
101.703470   0.038429
102.016300   0.038709
102.330080   0.038991
102.644840   0.039274
102.960560   0.039560
103.277250   0.039847
103.594920   0.040137
103.913560   0.040428
104.233180   0.040722
104.553790   0.041017
104.875380   0.041315
105.197960   0.041614
105.521540   0.041916
105.846110   0.042219
106.171680   0.042525
106.498240   0.042833
106.825820   0.043143
107.154400   0.043455
107.483990   0.043769
107.814600   0.044085
108.146220   0.044404
108.478860   0.044725
108.812530   0.045048
109.147220   0.045373
109.482940   0.045700
109.819690   0.046029
110.157480   0.046361
110.496310   0.046695
110.836180   0.047031
111.177100   0.047370
111.519060   0.047711
111.862080   0.048054
112.206150   0.048400
112.551280   0.048748
112.897470   0.049098
113.244730   0.049451
113.593060   0.049806
113.942450   0.050163
114.292920   0.050523
114.644470   0.050886
114.997100   0.051251
115.350820   0.051618
115.705620   0.051988
116.061510   0.052360
116.418500   0.052735
116.776590   0.053112
117.135780   0.053492
117.496070   0.053875
117.857470   0.054260
118.219980   0.054648
118.583610   0.055038
118.948360   0.055431
119.314230   0.055827
119.681220   0.056225
120.049340   0.056627
120.418600   0.057030
120.788990   0.057437
121.160520   0.057846
121.533190   0.058258
121.907010   0.058673
122.281980   0.059091
122.658100   0.059511
123.035380   0.059934
123.413820   0.060361
123.793420   0.060790
124.174190   0.061222
124.556130   0.061656
124.939250   0.062094
125.323550   0.062535
125.709020   0.062979
126.095690   0.063425
126.483540   0.063875
126.872590   0.064328
127.262830   0.064783
127.654270   0.065242
128.046920   0.065704
128.440770   0.066169
128.835840   0.066637
129.232120   0.067108
129.629620   0.067583
130.028340   0.068060
130.428290   0.068541
130.829470   0.069025
131.231880   0.069512
131.635530   0.070003
132.040420   0.070497
132.446560   0.070994
132.853950   0.071494
133.262590   0.071998
133.672480   0.072505
134.083640   0.073016
134.496060   0.073530
134.909750   0.074047
135.324720   0.074568
135.740960   0.075092
136.158480   0.075620
136.577280   0.076151
136.997370   0.076686
137.418760   0.077224
137.841440   0.077766
138.265420   0.078311
138.690700   0.078861
139.117300   0.079413
139.545200   0.079970
139.974420   0.080530
140.404960   0.081094
140.836830   0.081661
141.270020   0.082233
141.704550   0.082808
142.140410   0.083386
142.577620   0.083969
143.016170   0.084556
143.456060   0.085146
143.897310   0.085741
144.339920   0.086339
144.783890   0.086941
145.229220   0.087547
145.675930   0.088157
146.124010   0.088771
146.573460   0.089390
147.024300   0.090012
147.476530   0.090638
147.930150   0.091268
148.385160   0.091903
148.841570   0.092542
149.299390   0.093185
149.758610   0.093832
150.219250   0.094483
150.681300   0.095139
151.144770   0.095799
151.609670   0.096463
152.076000   0.097131
152.543770   0.097804
153.012970   0.098481
153.483620   0.099163
153.955710   0.099849
154.429260   0.100540
154.904260   0.101235
155.380720   0.101934
155.858650   0.102638
156.338050   0.103347
156.818920   0.104060
157.301280   0.104778
157.785110   0.105501
158.270440   0.106228
158.757250   0.106960
159.245570   0.107697
159.735390   0.108438
160.226710   0.109184
160.719540   0.109935
161.213890   0.110691
161.709760   0.111452
162.207160   0.112217
162.706090   0.112988
163.206550   0.113763
163.708550   0.114543
164.212090   0.115329
164.717190   0.116119
165.223830   0.116915
165.732040   0.117715
166.241810   0.118521
166.753140   0.119332
167.266050   0.120148
167.780540   0.120969
168.296610   0.121796
168.814260   0.122627
169.333510   0.123464
169.854360   0.124307
170.376810   0.125155
170.900860   0.126008
171.426530   0.126866
171.953810   0.127730
172.482720   0.128600
173.013250   0.129474
173.545410   0.130355
174.079210   0.131241
174.614660   0.132133
175.151750   0.133030
175.690490   0.133933
176.230890   0.134841
176.772950   0.135755
177.316680   0.136675
177.862080   0.137601
178.409160   0.138533
178.957920   0.139470
179.508370   0.140414
180.060510   0.141363
180.614350   0.142318
181.169890   0.143279
181.727150   0.144246
182.286110   0.145220
182.846800   0.146199
183.409210   0.147184
183.973350   0.148175
184.539230   0.149173
185.106840   0.150177
185.676210   0.151187
186.247320   0.152203
186.820190   0.153226
187.394820   0.154255
187.971220   0.155290
188.549390   0.156332
189.129350   0.157380
189.711080   0.158434
190.294600   0.159495
190.879920   0.160563
191.467040   0.161637
192.055970   0.162717
192.646710   0.163805
193.239260   0.164899
193.833640   0.165999
194.429840   0.167107
195.027880   0.168221
195.627760   0.169342
196.229480   0.170469
196.833050   0.171604
197.438490   0.172746
198.045780   0.173894
198.654940   0.175049
199.265970   0.176212
199.878890   0.177381
200.493690   0.178558
201.110380   0.179741
201.728960   0.180932
202.349450   0.182130
202.971850   0.183335
203.596160   0.184547
204.222400   0.185767
204.850560   0.186994
205.480650   0.188228
206.112680   0.189470
206.746650   0.190719
207.382570   0.191976
208.020450   0.193240
208.660290   0.194512
209.302100   0.195791
209.945890   0.197078
210.591650   0.198372
211.239400   0.199674
211.889140   0.200984
212.540880   0.202302
213.194630   0.203627
213.850390   0.204960
214.508160   0.206301
215.167960   0.207650
215.829780   0.209007
216.493640   0.210372
217.159550   0.211744
217.827500   0.213125
218.497500   0.214514
219.169570   0.215911
219.843710   0.217317
220.519910   0.218730
221.198200   0.220152
221.878580   0.221581
222.561040   0.223020
223.245610   0.224466
223.932280   0.225921
224.621070   0.227384
225.311970   0.228856
226.005000   0.230336
226.700160   0.231825
227.397450   0.233322
228.096890   0.234828
228.798490   0.236343
229.502240   0.237866
230.208160   0.239398
230.916240   0.240938
231.626510   0.242488
232.338960   0.244046
233.053600   0.245613
233.770440   0.247189
234.489490   0.248774
235.210740   0.250368
235.934220   0.251971
236.659920   0.253583
237.387850   0.255204
238.118020   0.256835
238.850440   0.258474
239.585110   0.260122
240.322040   0.261780
241.061230   0.263447
241.802700   0.265124
242.546460   0.266810
243.292490   0.268505
244.040830   0.270209
244.791460   0.271923
245.544410   0.273647
246.299670   0.275380
247.057250   0.277122
247.817160   0.278875
248.579410   0.280637
249.344010   0.282408
250.110950   0.284190
250.880260   0.285981
251.651930   0.287782
252.425980   0.289592
253.202400   0.291413
253.981220   0.293244
254.762430   0.295084
255.546040   0.296935
256.332060   0.298795
257.120500   0.300666
257.911370   0.302546
258.704670   0.304437
259.500410   0.306338
260.298590   0.308249
261.099240   0.310171
261.902340   0.312103
262.707920   0.314045
263.515970   0.315997
264.326500   0.317960
265.139540   0.319934
265.955070   0.321917
266.773110   0.323912
267.593660   0.325916
268.416740   0.327932
269.242360   0.329958
270.070510   0.331995
270.901210   0.334042
271.734460   0.336100
272.570280   0.338169
273.408660   0.340249
274.249630   0.342340
275.093180   0.344441
275.939330   0.346554
276.788080   0.348677
277.639440   0.350811
278.493420   0.352957
279.350030   0.355113
280.209270   0.357281
281.071150   0.359460
281.935690   0.361649
282.802880   0.363850
283.672740   0.366063
284.545280   0.368286
285.420500   0.370521
286.298410   0.372768
287.179030   0.375025
288.062350   0.377294
288.948390   0.379575
289.837150   0.381867
290.728650   0.384170
291.622890   0.386485
292.519880   0.388812
293.419630   0.391150
294.322150   0.393500
295.227440   0.395862
296.135520   0.398235
297.046390   0.400621
297.960060   0.403018
298.876540   0.405426
299.795840   0.407847
300.717970   0.410280
301.642940   0.412724
302.570750   0.415181
303.501420   0.417649
304.434940   0.420130
305.371340   0.422622
306.310620   0.425127
307.252790   0.427644
308.197850   0.430173
309.145830   0.432714
310.096720   0.435267
311.050530   0.437833
312.007280   0.440411
312.966970   0.443001
313.929610   0.445604
314.895210   0.448219
315.863780   0.450846
316.835340   0.453486
317.809880   0.456138
318.787410   0.458803
319.767960   0.461481
320.751520   0.464171
321.738110   0.466873
322.727730   0.469588
323.720390   0.472316
324.716110   0.475057
325.714890   0.477810
326.716740   0.480576
327.721680   0.483355
328.729700   0.486147
329.740830   0.488951
330.755060   0.491768
331.772420   0.494599
332.792900   0.497442
333.816530   0.500298
334.843300   0.503167
335.873230   0.506049
336.906330   0.508944
337.942610   0.511852
338.982070   0.514774
340.024730   0.517708
341.070600   0.520656
342.119680   0.523616
343.171990   0.526590
344.227540   0.529577
345.286340   0.532577
346.348390   0.535591
347.413710   0.538618
348.482300   0.541658
349.554180   0.544711
350.629360   0.547778
351.707850   0.550858
352.789650   0.553952
353.874780   0.557059
354.963250   0.560179
356.055070   0.563313
357.150240   0.566461
358.248790   0.569622
359.350710   0.572796
360.456020   0.575984
361.564730   0.579185
362.676850   0.582400
363.792400   0.585629
364.911370   0.588871
366.033790   0.592127
367.159650   0.595396
368.288980   0.598679
369.421790   0.601975
370.558080   0.605285
371.697860   0.608609
372.841150   0.611946
373.987960   0.615297
375.138290   0.618661
376.292160   0.622039
377.449590   0.625430
378.610570   0.628835
379.775120   0.632254
380.943250   0.635685
382.114980   0.639130
383.290310   0.642588
384.469260   0.646060
385.651830   0.649544
386.838040   0.653041
388.027900   0.656551
389.221420   0.660073
390.418610   0.663608
391.619480   0.667154
392.824050   0.670712
394.032320   0.674280
395.244310   0.677859
396.460020   0.681447
397.679480   0.685043
398.902680   0.688646
400.129650   0.692255
401.360390   0.695865
402.594920   0.699474
403.833240   0.703078
405.075380   0.706668
406.321330   0.710236
407.571120   0.713764
408.824750   0.717229
410.082240   0.720590
411.343590   0.723775
412.608830   0.726649
413.877950   0.728932
415.150980   0.729959
416.427930   0.727834
417.708800   0.715271
418.993610   0.644274
420.282380   0.043566
421.575110   0.664372
422.871810   0.733933
424.172510   0.752741
425.477200   0.762157
426.785910   0.768700
428.098640   0.774093
429.415410   0.778945
430.736230   0.783514
432.061110   0.787924
433.390070   0.792241
434.723120   0.796502
436.060270   0.800730
437.401530   0.804940
438.746910   0.809140
440.096430   0.813337
441.450110   0.817535
442.807950   0.821738
444.169960   0.825948
445.536160   0.830166
446.906570   0.834394
448.281190   0.838633
449.660040   0.842883
451.043130   0.847146
452.430470   0.851421
453.822090   0.855710
455.217980   0.860011
456.618160   0.864327
458.022660   0.868657
459.431470   0.873000
460.844620   0.877358
462.262110   0.881730
463.683960   0.886117
465.110190   0.890519
466.540800   0.894935
467.975810   0.899366
469.415240   0.903811
470.859100   0.908272
472.307390   0.912748
473.760140   0.917238
475.217360   0.921744
476.679060   0.926265
478.145260   0.930801
479.615970   0.935352
481.091200   0.939918
482.570960   0.944500
484.055280   0.949097
485.544170   0.953709
487.037630   0.958337
488.535690   0.962979
490.038360   0.967638
491.545650   0.972311
493.057570   0.977000
494.574150   0.981705
496.095390   0.986425
497.621310   0.991160
499.151920   0.995911
500.687240   1.000678
502.227280   1.005460
503.772060   1.010258
505.321590   1.015071
506.875890   1.019900
508.434970   1.024744
509.998840   1.029604
511.567530   1.034480
513.141030   1.039371
514.719380   1.044278
516.302590   1.049201
517.890660   1.054140
519.483620   1.059094
521.081480   1.064064
522.684250   1.069050
524.291950   1.074051
525.904600   1.079069
527.522210   1.084102
529.144790   1.089151
530.772360   1.094216
532.404950   1.099297
534.042550   1.104393
535.685190   1.109506
537.332880   1.114634
538.985640   1.119779
540.643480   1.124939
542.306420   1.130116
543.974480   1.135308
545.647670   1.140516
547.326000   1.145741
549.009500   1.150981
550.698180   1.156238
552.392050   1.161511
554.091120   1.166799
555.795430   1.172104
557.504980   1.177425
559.219780   1.182762
560.939860   1.188116
562.665240   1.193485
564.395910   1.198871
566.131920   1.204273
567.873260   1.209691
569.619950   1.215126
571.372020   1.220577
573.129480   1.226044
574.892350   1.231527
576.660640   1.237027
578.434360   1.242543
580.213540   1.248076
581.998200   1.253625
583.788340   1.259190
585.583990   1.264772
587.385170   1.270370
589.191880   1.275985
591.004150   1.281616
592.821990   1.287264
594.645430   1.292928
596.474480   1.298609
598.309150   1.304307
600.149460   1.310021
601.995430   1.315752
603.847090   1.321499
605.704430   1.327263
607.567500   1.333044
609.436290   1.338842
611.310830   1.344656
613.191130   1.350487
615.077220   1.356335
616.969110   1.362200
618.866820   1.368082
620.770370   1.373980
622.679770   1.379895
624.595040   1.385828
626.516210   1.391777
628.443280   1.397743
630.376290   1.403726
632.315230   1.409726
634.260140   1.415744
636.211040   1.421778
638.167930   1.427829
640.130850   1.433898
642.099800   1.439984
644.074810   1.446087
646.055890   1.452207
648.043070   1.458344
650.036350   1.464499
652.035770   1.470670
654.041340   1.476860
656.053080   1.483066
658.071010   1.489290
660.095140   1.495531
662.125500   1.501790
664.162100   1.508066
666.204970   1.514360
668.254120   1.520671
670.309580   1.527000
672.371360   1.533346
674.439470   1.539710
676.513950   1.546092
678.594810   1.552491
680.682080   1.558908
682.775760   1.565343
684.875880   1.571795
686.982460   1.578266
689.095520   1.584754
691.215080   1.591260
693.341160   1.597784
695.473780   1.604325
697.612960   1.610885
699.758720   1.617463
701.911070   1.624059
704.070050   1.630673
706.235670   1.637305
708.407950   1.643955
710.586910   1.650623
712.772580   1.657310
714.964970   1.664015
717.164100   1.670738
719.369990   1.677479
721.582670   1.684239
723.802160   1.691017
726.028470   1.697814
728.261630   1.704629
730.501660   1.711463
732.748580   1.718315
735.002410   1.725186
737.263170   1.732075
739.530890   1.738983
741.805580   1.745910
744.087270   1.752855
746.375980   1.759820
748.671720   1.766803
750.974530   1.773805
753.284420   1.780826
755.601420   1.787866
757.925540   1.794924
760.256810   1.802002
762.595250   1.809099
764.940890   1.816215
767.293740   1.823350
769.653820   1.830505
772.021170   1.837678
774.395800   1.844871
776.777730   1.852083
779.166990   1.859315
781.563590   1.866566
783.967570   1.873836
786.378950   1.881126
788.797740   1.888435
791.223970   1.895764
793.657660   1.903113
796.098840   1.910481
798.547520   1.917868
801.003740   1.925275
803.467520   1.932702
805.938870   1.940148
808.417820   1.947614
810.904400   1.955099
813.398630   1.962603
815.900520   1.970126
818.410120   1.977667
820.927430   1.985224
823.452490   1.992798
825.985310   2.000382
828.525920   2.007969
831.074350   2.015538
833.630620   2.023020
836.194750   2.030091
838.766760   2.032497
841.346690   2.022683
843.934560   2.052799
846.530380   2.061600
849.134190   2.069648
851.746000   2.077562
854.365850   2.085446
856.993760   2.093331
859.629750   2.101226
862.273850   2.109136
864.926080   2.117064
867.586470   2.125011
870.255040   2.132978
872.931820   2.140965
875.616840   2.148973
878.310110   2.157002
881.011670   2.165052
883.721540   2.173124
886.439740   2.181216
889.166300   2.189330
891.901250   2.197466
894.644610   2.205623
897.396410   2.213802
900.156670   2.222003
902.925430   2.230226
905.702700   2.238471
908.488510   2.246737
911.282890   2.255026
914.085870   2.263337
916.897470   2.271670
919.717710   2.280026
922.546640   2.288404
925.384260   2.296804
928.230610   2.305227
931.085710   2.313672
933.949600   2.322141
936.822300   2.330631
939.703830   2.339145
942.594230   2.347681
945.493510   2.356240
948.401720   2.364822
951.318860   2.373428
954.244990   2.382056
957.180110   2.390707
960.124260   2.399382
963.077460   2.408080
966.039750   2.416802
969.011150   2.425546
971.991690   2.434315
974.981400   2.443107
977.980310   2.451922
980.988440   2.460762
984.005820   2.469625
987.032480   2.478512
990.068450   2.487423
993.113760   2.496358
996.168440   2.505317
999.232510   2.514300
1002.306000   2.523307
1005.389000   2.532339
1008.481400   2.541395
1011.583300   2.550475
1014.694800   2.559580
1017.815900   2.568710
1020.946500   2.577864
1024.086800   2.587043
1027.236800   2.596247
1030.396400   2.605476
1033.565800   2.614730
1036.744900   2.624008
1039.933700   2.633312
1043.132400   2.642641
1046.341000   2.651996
1049.559400   2.661376
1052.787600   2.670780
1056.025900   2.680211
1059.274100   2.689668
1062.532200   2.699149
1065.800400   2.708657
1069.078700   2.718191
1072.367000   2.727750
1075.665500   2.737336
1078.974100   2.746947
1082.292800   2.756584
1085.621800   2.766248
1088.961000   2.775938
1092.310500   2.785655
1095.670300   2.795398
1099.040400   2.805168
1102.420900   2.814964
1105.811800   2.824787
1109.213100   2.834637
1112.624900   2.844514
1116.047200   2.854418
1119.480000   2.864348
1122.923400   2.874307
1126.377300   2.884291
1129.841900   2.894304
1133.317100   2.904344
1136.803000   2.914411
1140.299700   2.924506
1143.807100   2.934629
1147.325300   2.944780
1150.854300   2.954958
1154.394200   2.965164
1157.944900   2.975398
1161.506600   2.985661
1165.079200   2.995951
1168.662800   3.006270
1172.257500   3.016618
1175.863200   3.026994
1179.480000   3.037398
1183.107900   3.047831
1186.746900   3.058292
1190.397200   3.068783
1194.058700   3.079302
1197.731400   3.089851
1201.415500   3.100428
1205.110900   3.111035
1208.817600   3.121671
1212.535800   3.132337
1216.265400   3.143032
1220.006400   3.153756
1223.759000   3.164510
1227.523100   3.175293
1231.298800   3.186106
1235.086100   3.196949
1238.885000   3.207821
1242.695700   3.218722
1246.518000   3.229650
1250.352100   3.240600
1254.198100   3.251547
1258.055800   3.262175
1261.925400   3.271435
1265.806900   3.284671
1269.700300   3.295875
1273.605800   3.307046
1277.523200   3.318234
1281.452700   3.329449
1285.394200   3.340694
1289.347900   3.351969
1293.313800   3.363275
1297.291800   3.374613
1301.282100   3.385982
1305.284700   3.397383
1309.299500   3.408815
1313.326800   3.420280
1317.366400   3.431776
1321.418400   3.443304
1325.482900   3.454865
1329.559900   3.466459
1333.649400   3.478084
1337.751500   3.489742
1341.866300   3.501433
1345.993700   3.513157
1350.133700   3.524913
1354.286600   3.536703
1358.452200   3.548526
1362.630600   3.560382
1366.821800   3.572271
1371.026000   3.584194
1375.243100   3.596151
1379.473100   3.608141
1383.716200   3.620165
1387.972300   3.632222
1392.241500   3.644314
1396.523800   3.656439
1400.819300   3.668599
1405.128100   3.680794
1409.450000   3.693022
1413.785300   3.705286
1418.133900   3.717584
1422.495900   3.729917
1426.871300   3.742284
1431.260100   3.754687
1435.662500   3.767125
1440.078400   3.779598
1444.507900   3.792106
1448.951000   3.804650
1453.407700   3.817229
1457.878200   3.829844
1462.362400   3.842495
1466.860400   3.855181
1471.372300   3.867903
1475.898000   3.880660
1480.437700   3.893455
1484.991300   3.906285
1489.558900   3.919152
1494.140600   3.932056
1498.736400   3.944997
1503.346300   3.957974
1507.970300   3.970988
1512.608600   3.984040
1517.261200   3.997129
1521.928100   4.010255
1526.609300   4.023418
1531.305000   4.036620
1536.015000   4.049858
1540.739600   4.063135
1545.478700   4.076450
1550.232400   4.089802
1555.000700   4.103192
1559.783600   4.116611
1564.581300   4.130068
1569.393700   4.143564
1574.221000   4.157099
1579.063000   4.170672
1583.920000   4.184285
1588.791900   4.197936
1593.678800   4.211627
1598.580700   4.225357
1603.497800   4.239127
1608.429900   4.252936
1613.377200   4.266785
1618.339700   4.280674
1623.317500   4.294603
1628.310600   4.308572
1633.319000   4.322580
1638.342900   4.336630
1643.382200   4.350720
1648.437000   4.364850
1653.507400   4.379022
1658.593300   4.393233
1663.694900   4.407485
1668.812200   4.421777
1673.945200   4.436099
1679.094100   4.450220
1684.258700   4.464829
1689.439300   4.479363
1694.635700   4.493873
1699.848200   4.508420
1705.076700   4.523008
1710.321300   4.537637
1715.582000   4.552309
1720.858800   4.567022
1726.152000   4.581779
1731.461400   4.596578
1736.787100   4.611420
1742.129200   4.626305
1747.487700   4.641234
1752.862800   4.656206
1758.254300   4.671220
1763.662500   4.686280
1769.087200   4.701382
1774.528700   4.716528
1779.986900   4.731719
1785.461900   4.746954
1790.953700   4.762233
1796.462400   4.777556
1801.988100   4.792924
1807.530800   4.808337
1813.090500   4.823795
1818.667300   4.839298
1824.261200   4.854845
1829.872400   4.870439
1835.500800   4.886078
1841.146600   4.901763
1846.809700   4.917493
1852.490200   4.933269
1858.188200   4.949091
1863.903700   4.964959
1869.636800   4.980874
1875.387600   4.996836
1881.156000   5.012844
1886.942200   5.028898
1892.746100   5.045000
1898.567900   5.061149
1904.407700   5.077345
1910.265300   5.093588
1916.141100   5.109880
1922.034800   5.126218
1927.946700   5.142605
1933.876800   5.159040
1939.825200   5.175523
1945.791800   5.192018
1951.776800   5.208545
1957.780200   5.225120
1963.802000   5.241744
1969.842400   5.258418
1975.901300   5.275141
1981.978900   5.291913
1988.075200   5.308735
1994.190300   5.325607
2000.324100   5.342528
2006.476800   5.359500
2012.648400   5.376521
2018.839100   5.393593
2025.048700   5.410716
2031.277500   5.427889
2037.525400   5.445113
2043.792600   5.462388
2050.079000   5.479714
2056.384700   5.497091
2062.709900   5.514520
2069.054500   5.532000
2075.418600   5.549532
2081.802300   5.567116
2088.205600   5.584751
2094.628600   5.602433
2101.071400   5.595341
2107.534000   5.637968
2114.016500   5.655821
2120.518900   5.673722
2127.041300   5.691675
2133.583800   5.709681
2140.146400   5.727741
2146.729200   5.745853
2153.332200   5.764020
2159.955600   5.782241
2166.599300   5.800516
2173.263400   5.818845
2179.948100   5.837229
2186.653300   5.855667
2193.379100   5.874160
2200.125600   5.892708
2206.892900   5.911312
2213.681000   5.929970
2220.490000   5.948685
2227.319900   5.967455
2234.170800   5.986280
2241.042800   6.005162
2247.935900   6.024100
2254.850300   6.043095
2261.785900   6.062146
2268.742800   6.081254
2275.721100   6.100418
2282.720900   6.119640
2289.742200   6.138919
2296.785200   6.158256
2303.849700   6.177649
2310.936100   6.197102
2318.044200   6.216612
2325.174100   6.236180
2332.326100   6.255807
2339.500000   6.275492
2346.695900   6.295236
2353.914000   6.315039
2361.154300   6.334901
2368.416900   6.354822
2375.701800   6.374803
2383.009100   6.394844
2390.338900   6.414944
2397.691300   6.435105
2405.066200   6.455325
2412.463900   6.475606
2419.884300   6.495948
2427.327500   6.516350
2434.793600   6.536814
2442.282700   6.557339
2449.794800   6.577924
2457.330000   6.598572
2464.888400   6.619281
2472.470100   6.640053
2480.075000   6.660886
2487.703400   6.681782
2495.355200   6.702740
2503.030600   6.723761
2510.729500   6.744844
2518.452200   6.765975
2526.198600   6.787196
2533.968800   6.808476
2541.763000   6.829815
2549.581100   6.851217
2557.423200   6.872682
2565.289500   6.894213
2573.179900   6.915807
2581.094700   6.937467
2589.033800   6.959191
2596.997300   6.980980
2604.985200   7.002834
2612.997800   7.024755
2621.035000   7.046741
2629.097000   7.068793
2637.183700   7.090911
2645.295300   7.113095
2653.431800   7.135346
2661.593400   7.157664
2669.780100   7.180048
2677.992000   7.202500
2686.229100   7.225019
2694.491500   7.247606
2702.779400   7.270261
2711.092800   7.292983
2719.431700   7.315774
2727.796300   7.338633
2736.186600   7.361561
2744.602700   7.384558
2753.044800   7.407624
2761.512700   7.430759
2770.006700   7.453963
2778.526900   7.477238
2787.073200   7.500582
2795.645900   7.523997
2804.244900   7.547481
2812.870400   7.571037
2821.522300   7.594662
2830.201000   7.618360
2838.906200   7.642128
2847.638300   7.665968
2856.397200   7.689880
2865.183100   7.713863
2873.996000   7.737919
2882.836000   7.762047
2891.703200   7.786247
2900.597700   7.810521
2909.519500   7.834867
2918.468800   7.859287
2927.445600   7.883780
2936.450000   7.908344
2945.482100   7.932982
2954.542000   7.957702
2963.629700   7.982491
2972.745400   8.007355
2981.889200   8.032294
2991.061000   8.057308
3000.261100   8.082397
3009.489500   8.107562
3018.746300   8.132802
3028.031500   8.158119
3037.345300   8.183511
3046.687700   8.208980
3056.058900   8.234526
3065.458900   8.260149
3074.887800   8.285848
3084.345700   8.311625
3093.832700   8.337480
3103.348900   8.363413
3112.894400   8.389425
3122.469200   8.415514
3132.073500   8.441682
3141.707300   8.467929
3151.370800   8.494255
3161.063900   8.520660
3170.786900   8.547144
3180.539800   8.573709
3190.322700   8.600354
3200.135700   8.627079
3209.978800   8.653884
3219.852300   8.680771
3229.756100   8.707739
3239.690300   8.734787
3249.655200   8.761917
3259.650600   8.789129
3269.676900   8.816424
3279.733900   8.843800
3289.821900   8.871259
3299.941000   8.898801
3310.091100   8.926426
3320.272500   8.954134
3330.485200   8.981926
3340.729300   9.009801
3351.004900   9.037760
3361.312100   9.065677
3371.651000   9.093933
3382.021700   9.122147
3392.424300   9.150445
3402.859000   9.178829
3413.325700   9.207299
3423.824600   9.235854
3434.355800   9.264495
3444.919400   9.293224
3455.515400   9.322037
3466.144100   9.350939
3476.805500   9.379928
3487.499600   9.409004
3498.226700   9.438168
3508.986700   9.467420
3519.779900   9.496760
3530.606200   9.526189
3541.465900   9.555707
3552.358900   9.585313
3563.285500   9.615010
3574.245600   9.644795
3585.239500   9.674670
3596.267200   9.704636
3607.328800   9.734692
3618.424400   9.764839
3629.554200   9.795076
3640.718200   9.825406
3651.916500   9.855826
3663.149300   9.886339
3674.416600   9.916943
3685.718600   9.947640
3697.055300   9.978429
3708.427000   10.009312
3719.833600   10.040288
3731.275200   10.071356
3742.752100   10.102519
3754.264300   10.133776
3765.811900   10.165127
3777.395000   10.196572
3789.013700   10.228113
3800.668200   10.259750
3812.358500   10.291482
3824.084800   10.323309
3835.847100   10.355232
3847.645600   10.387252
3859.480400   10.419368
3871.351600   10.451581
3883.259400   10.483892
3895.203700   10.516300
3907.184800   10.548806
3919.202800   10.581410
3931.257700   10.614112
3943.349700   10.646913
3955.478800   10.679813
3967.645300   10.712812
3979.849300   10.745911
3992.090700   10.779110
4004.369800   10.812409
4016.686700   10.845809
4029.041400   10.879308
4041.434200   10.912910
4053.865100   10.946613
4066.334200   10.980418
4078.841700   11.014324
4091.387600   11.048333
4103.972100   11.082444
4116.595400   11.116658
4129.257400   11.150976
4141.958400   11.185397
4154.698500   11.219922
4167.477800   11.254551
4180.296300   11.289284
4193.154300   11.324123
4206.051900   11.359065
4218.989100   11.394115
4231.966100   11.429270
4244.983000   11.464530
4258.040000   11.499897
4271.137100   11.535371
4284.274500   11.570952
4297.452400   11.606640
4310.670700   11.642436
4323.929700   11.678339
4337.229500   11.714351
4350.570200   11.750471
4363.951900   11.786700
4377.374800   11.823039
4390.839000   11.859487
4404.344600   11.896045
4417.891800   11.932714
4431.480600   11.969492
4445.111200   12.006382
4458.783700   12.043383
4472.498300   12.080495
4486.255100   12.117720
4500.054100   12.155056
4513.895700   12.192505
4527.779800   12.230067
4541.706600   12.267742
4555.676200   12.305530
4569.688800   12.343432
4583.744600   12.381449
4597.843500   12.419580
4611.985800   12.457826
4626.171600   12.496187
4640.401100   12.534664
4654.674300   12.573257
4668.991400   12.611966
4683.352600   12.650791
4697.757900   12.689734
4712.207500   12.728793
4726.701600   12.767971
4741.240300   12.807266
4755.823600   12.846679
4770.451900   12.886211
4785.125100   12.925862
4799.843500   12.965633
4814.607100   13.005523
4829.416200   13.045533
4844.270800   13.085664
4859.171100   13.125915
4874.117200   13.166287
4889.109300   13.206781
4904.147500   13.247397
4919.231900   13.288134
4934.362800   13.328995
4949.540200   13.369978
4964.764300   13.411085
4980.035200   13.452314
4995.353100   13.493668
5010.718100   13.535147
5026.130300   13.576750
5041.590000   13.618473
5057.097200   13.660331
5072.652100   13.702310
5088.254900   13.744416
5103.905600   13.786647
5119.604500   13.829006
5135.351700   13.871492
5151.147300   13.914105
5166.991500   13.956846
5182.884400   13.999716
5198.826200   14.042714
5214.817100   14.085842
5230.857100   14.129099
5246.946500   14.172486
5263.085400   14.216003
5279.273900   14.259651
5295.512200   14.303429
5311.800400   14.347338
5328.138700   14.391380
5344.527300   14.435553
5360.966300   14.479859
5377.455900   14.524298
5393.996200   14.568870
5410.587400   14.613576
5427.229600   14.658416
5443.923000   14.703390
5460.667700   14.748497
5477.463900   14.793742
5494.311800   14.839121
5511.211600   14.884637
5528.163300   14.930289
5545.167100   14.976077
5562.223300   15.022002
5579.331900   15.068065
5596.493100   15.114265
5613.707100   15.160604
5630.974100   15.207081
5648.294200   15.253698
5665.667500   15.300453
5683.094300   15.347349
5700.574700   15.394385
5718.108800   15.441561
5735.696900   15.488878
5753.339100   15.536337
5771.035600   15.583938
5788.786500   15.631680
5806.591900   15.679565
5824.452200   15.727594
5842.367400   15.775764
5860.337700   15.824079
5878.363200   15.872537
5896.444300   15.921140
5914.580900   15.969889
5932.773300   16.018782
5951.021700   16.067821
5969.326200   16.117007
5987.687000   16.166339
6006.104200   16.215818
6024.578100   16.265444
6043.108900   16.315219
6061.696600   16.365141
6080.341600   16.415213
6099.043800   16.465433
6117.803600   16.515802
6136.621100   16.566322
6155.496500   16.616991
6174.429900   16.667812
6193.421600   16.718783
6212.471700   16.769907
6231.580400   16.821181
6250.747800   16.872608
6269.974200   16.924188
6289.259800   16.975921
6308.604600   17.027808
6328.009000   17.079848
6347.473100   17.132044
6366.997000   17.184394
6386.581000   17.236899
6406.225200   17.289560
6425.929800   17.342376
6445.695100   17.395350
6465.521100   17.448480
6485.408100   17.501767
6505.356300   17.555213
6525.365900   17.608816
6545.437000   17.662578
6565.569800   17.716499
6585.764600   17.770579
6606.021500   17.824820
6626.340600   17.879219
6646.722300   17.933781
6667.166700   17.988503
6687.674000   18.043387
6708.244300   18.098433
6728.877900   18.153640
6749.575000   18.209011
6770.335700   18.264545
6791.160300   18.320243
6812.048900   18.376104
6833.001800   18.432131
6854.019200   18.488322
6875.101200   18.544678
6896.248000   18.601200
6917.459900   18.657888
6938.737000   18.714743
6960.079600   18.771765
6981.487800   18.828954
7002.961900   18.886311
7024.502000   18.943837
7046.108300   19.001530
7067.781200   19.059394
7089.520700   19.117426
7111.327000   19.175628
7133.200400   19.234001
7155.141200   19.292545
7177.149400   19.351260
7199.225200   19.410146
7221.369000   19.469205
7243.580900   19.528436
7265.861200   19.587840
7288.209900   19.647417
7310.627400   19.707168
7333.113900   19.767093
7355.669500   19.827192
7378.294500   19.887467
7400.989100   19.947916
7423.753500   20.008542
7446.587900   20.069344
7469.492500   20.130321
7492.467600   20.191477
7515.513400   20.252810
7538.630000   20.314320
7561.817800   20.376009
7585.076900   20.437876
7608.407500   20.499922
7631.809900   20.562148
7655.284200   20.624553
7678.830800   20.687139
7702.449800   20.749905
7726.141400   20.812852
7749.906000   20.875982
7773.743600   20.939292
7797.654500   21.002785
7821.639000   21.066460
7845.697200   21.130318
7869.829500   21.194360
7894.035900   21.258585
7918.316900   21.322995
7942.672500   21.387588
7967.103000   21.452367
7991.608700   21.517331
8016.189800   21.582480
8040.846400   21.647816
8065.578900   21.713337
8090.387500   21.779046
8115.272400   21.844941
8140.233800   21.911024
8165.272000   21.977295
8190.387200   22.043753
8215.579700   22.110400
8240.849600   22.177236
8266.197300   22.244261
8291.623000   22.311476
8317.126800   22.378879
8342.709100   22.446473
8368.370100   22.514258
8394.110000   22.582233
8419.929100   22.650400
8445.827600   22.718757
8471.805800   22.787306
8497.863900   22.856048
8524.002100   22.924981
8550.220700   22.994107
8576.520000   23.063426
8602.900100   23.132937
8629.361400   23.202642
8655.904100   23.272540
8682.528500   23.342633
8709.234700   23.412919
8736.023100   23.483400
8762.893800   23.554075
8789.847200   23.624944
8816.883600   23.696009
8844.003000   23.767269
8871.205900   23.838724
8898.492500   23.910375
8925.863000   23.982221
8953.317700   24.054264
8980.856800   24.126502
9008.480700   24.198937
9036.189500   24.271568
9063.983500   24.344395
9091.863000   24.417418
9119.828300   24.490639
9147.879600   24.564055
9176.017200   24.637669
9204.241300   24.711480
9232.552200   24.785487
9260.950300   24.859692
9289.435600   24.934094
9318.008600   25.008692
9346.669500   25.083488
9375.418500   25.158479
9404.256000   25.233669
9433.182100   25.309054
9462.197300   25.384637
9491.301600   25.460416
9520.495500   25.536391
9549.779200   25.612563
9579.153000   25.688931
9608.617100   25.765495
9638.171800   25.842254
9667.817500   25.919209
9697.554300   25.996360
9727.382600   26.073705
9757.302700   26.151245
9787.314700   26.228978
9817.419100   26.306906
9847.616100   26.385028
9877.906000   26.463342
9908.289000   26.541849
9938.765500   26.620547
9969.335700   26.699437
10000.000000   26.778519
