2.882892   1.731912e-03
347.416438   1.057259e-08
565.558214   4.738324e-09
762.317328   3.150093e-09
495.003050   5.790754e-09
573.889400   4.632465e-09
460.175492   6.509599e-09
543.974458   5.015976e-09
654.888638   3.845965e-09
756.617576   3.176632e-09
495.886474   5.777911e-09
706.612418   3.474371e-09
263.557398   1.801562e-08
460.529544   6.499594e-09
411.061398   4.823770e-10
1065.426876   4.207746e-10
5.638062   5.676900e-05
4.236960   2.810233e-04
2.476582   7.880879e-04
6.137172   2.227139e-03
19.716270   4.183502e-06
4.315240   6.146892e-04
14.602634   7.638360e-06
7.340780   5.427875e-05
10.187382   1.710825e-05
30.447712   2.519378e-06
3.171834   1.255789e-03
860.922132   3.225903e-09
4.467192   2.423512e-04
2.799084   3.128141e-03
7.429406   3.764518e-05
10.150734   4.266184e-05
12.789162   6.285252e-06
3.668024   9.408332e-04
3.363752   3.115634e-03
5.118820   1.573140e-04
347.375898   3.453081e-10
4.440020   6.254297e-04
3.643390   2.041151e-03
5.869760   3.879040e-05
6.241754   1.785428e-03
3.132020   2.727691e-03
6.209988   7.992695e-05
8.276700   4.741343e-05
60.450874   2.217483e-07
9.974498   4.606670e-04
124.052380   9.396101e-07
13.970552   6.936653e-06
39.604888   1.995498e-05
8.130916   5.043571e-05
5.050898   8.169967e-04
35.907924   9.951772e-07
6.711808   3.867471e-05
653.201134   3.786967e-10
5.970862   2.125106e-04
69.314814   1.453490e-07
4.196190   1.381981e-03
6.949932   1.484665e-04
8.435280   2.094447e-06
10.919600   3.826963e-05
5.196274   2.678844e-05
10.221242   4.272242e-06
364.234476   2.058871e-09
3.920336   1.399664e-03
7.947270   6.578771e-05
6.242852   1.553571e-04
88.108138   1.406254e-08
5.334472   8.911051e-04
11.993118   1.232579e-05
9.309412   7.608994e-05
574.915718   5.850397e-10
5.041234   1.975278e-03
3.768888   1.935564e-04
6.416972   4.036726e-04
16.513048   3.078034e-05
22.389300   3.968110e-07
3.694096   1.415232e-03
6.481288   1.373456e-04
9.571408   7.762066e-05
5.435474   6.115332e-04
30.918528   7.605934e-06
6.120434   2.588595e-04
180.023686   6.744177e-09
4.524936   1.452988e-03
5.775548   4.459684e-04
7.887804   4.069421e-05
4.979762   7.319526e-05
18.734558   1.482087e-05
4.644472   2.038521e-04
2.679904   2.130544e-02
2.704526   6.873817e-03
22.845340   5.529972e-06
3.010382   1.224037e-02
6.031626   1.157855e-04
7.903102   3.970564e-06
4.229812   1.748239e-03
9.825272   6.718603e-05
7.822366   3.650955e-05
6.513136   1.018179e-04
380.535676   9.527172e-10
14.297798   2.183832e-05
22.770186   6.034197e-06
18.624322   2.135165e-05
12.307790   1.856296e-04
14.236912   1.357671e-04
121.558898   7.976124e-09
387.431374   9.403231e-10
6.527184   8.774628e-04
4.308414   1.860108e-03
69.320346   1.824302e-07
6.929966   4.171643e-04
267.586304   1.155408e-08
5.413794   3.579479e-04
6.129866   8.891927e-05
6.054588   1.739317e-04
10.078032   4.269423e-05
16.171984   9.934316e-06
11.074718   1.034130e-04
5.210634   4.528969e-04
5.765202   3.672654e-04
4.457962   7.702740e-04
4.734320   2.095099e-03
10.146742   1.380663e-05
5.043032   7.423751e-04
7.119838   4.797230e-05
31.649104   5.217199e-06
7.912228   2.772987e-05
5.984210   8.538614e-04
30.787300   2.321920e-05
7.698922   1.104372e-04
4.905016   1.059518e-03
8.168650   1.230959e-04
7.368272   1.400818e-04
8.584560   4.382112e-05
14.780428   4.651711e-05
760.346200   1.250885e-09
9.865002   7.666236e-05
3.451748   1.834384e-03
7.801748   1.126796e-04
5.483876   1.815191e-04
17.012040   7.164144e-05
3.714490   1.591308e-03
6.861828   9.130563e-05
5.077458   3.361088e-04
7.316026   4.971447e-05
5.311104   1.720759e-04
7.091904   4.331317e-05
6.934586   4.644482e-04
4.993482   1.017756e-03
45.882896   4.708080e-07
3.808986   2.220282e-03
4.416956   1.103905e-03
6.475408   1.721157e-04
4.715528   2.032505e-04
7.148798   2.389275e-04
5.346924   2.388073e-03
9.238890   2.477506e-05
6.785186   2.065233e-04
3.904404   1.575913e-03
5.148258   1.115995e-03
7.267254   1.644582e-04
10.083942   2.190652e-04
7.827902   4.600271e-05
10.839978   1.781720e-05
321.619318   1.918163e-09
10.838458   1.260284e-04
3.012822   3.964462e-03
41.873850   1.550352e-06
4.675498   3.950700e-03
4.303854   2.315188e-03
4.469096   4.791649e-04
5.833874   1.520103e-03
7.033550   2.740577e-04
7.149774   8.635672e-05
2.984908   1.563221e-03
3.683184   5.244312e-03
4.184180   2.819046e-03
3.774204   3.543906e-03
10.179222   5.831519e-05
7.125604   6.220091e-04
3.754466   1.254511e-03
3.074868   1.482304e-03
18.566962   8.997606e-06
9.617558   1.627158e-04
5.282312   1.639391e-04
10.344484   7.438200e-05
3.188342   9.703192e-03
3.278894   7.700567e-03
7.711204   9.477790e-05
6.763630   1.140414e-04
12.040336   2.646303e-05
15.686178   2.127535e-05
6.936034   1.531584e-04
9.386382   9.552655e-05
4.062198   3.450576e-03
7.175418   4.339748e-05
3.779600   3.145983e-03
6.344676   3.098122e-04
5.063986   3.926135e-04
7.002198   2.418355e-04
6.839766   6.677576e-04
6.766346   1.432932e-04
58.621576   2.099108e-07
29.334168   6.392198e-06
5.453544   7.339345e-04
5.661506   8.573880e-05
3.506984   1.837522e-03
6.528100   2.119940e-04
4.228370   4.164244e-04
213.950144   1.841120e-08
4.277010   1.252358e-03
69.844868   5.832585e-08
4.351560   9.747839e-04
5.172970   5.365735e-04
12.903946   5.293107e-05
11.143008   1.387634e-05
345.285820   2.073076e-09
44.200094   9.367395e-07
250.400490   3.019198e-09
7.593682   7.645137e-06
5.118502   1.135407e-03
3.734796   2.552675e-03
4.842788   5.301708e-04
5.623428   3.445616e-04
6.974546   4.007460e-05
22.491682   5.142402e-06
5.899036   6.501218e-04
9.980852   2.086196e-05
6.633268   1.938922e-04
15.540722   4.681028e-05
13.275140   3.066690e-05
4.397158   3.647694e-04
13.441178   2.312270e-05
6.977242   2.296728e-04
48.857960   1.441142e-07
5.058772   4.778809e-04
25.569382   3.887064e-06
7.133974   1.394222e-04
6.624976   1.763089e-04
32.882714   6.768944e-07
7.169570   2.964197e-05
23.752494   3.649297e-06
6.903958   9.892608e-05
4.620366   4.908828e-04
3.528992   3.587507e-03
6.510890   9.270634e-05
52.764266   1.795828e-07
7.227362   7.104917e-05
19.106774   2.190255e-05
5.861444   1.910559e-04
8.217190   5.569587e-05
6.760466   1.883949e-04
3.337532   2.963076e-03
2.820620   3.226365e-03
5.303372   5.271919e-04
11.201106   9.631147e-06
3.443290   5.432263e-03
8.257968   9.878249e-05
3.318190   4.273348e-03
11.700422   4.762303e-05
6.936094   3.504604e-05
4.411172   1.736648e-03
6.075576   3.113006e-04
7.780402   2.511977e-05
10.285184   4.696650e-05
10.384150   4.887845e-05
555.875414   2.646629e-09
6.933454   9.200899e-05
2.314206   3.447834e-02
7.065380   9.789765e-05
14.093580   1.773482e-05
4.031632   3.144641e-03
134.753164   2.579994e-08
6.108408   1.441722e-04
3.791714   7.689970e-04
5.858180   1.261980e-04
4.741402   8.934438e-05
5.835620   3.549850e-04
8.012534   5.913177e-05
4.156976   2.052576e-03
10.959404   2.601417e-05
5.230454   3.483703e-04
4.371568   1.455933e-03
8.632082   9.007893e-05
5.540816   5.574818e-04
3.526838   8.378909e-03
28.836374   5.502032e-06
9.825456   3.282395e-05
5.377440   5.984908e-04
4.369852   1.262483e-03
7.545114   1.037872e-04
180.574664   1.797324e-08
2.755838   1.214114e-02
8.577650   4.603589e-05
4.457090   1.293466e-03
4.344620   1.947418e-03
5.403344   4.091038e-04
6.804384   2.523407e-04
4.074508   5.316364e-04
14.210014   3.327452e-05
5.674334   3.308835e-04
333.299812   3.167725e-09
3.472394   5.590648e-03
3.577362   4.830584e-03
8.750280   8.522522e-05
2.458656   5.380434e-02
5.679520   4.056376e-04
4.581832   2.185015e-03
4.647202   1.893598e-03
16.839072   1.151610e-05
7.909208   1.257946e-04
12.984700   3.192855e-05
16.977706   2.488528e-05
7.190694   1.175803e-04
5.873668   2.392979e-04
7.559782   7.974131e-05
3.865446   3.392820e-03
632.247968   9.812451e-10
11.213776   4.543978e-05
432.746682   7.150601e-09
8.425200   8.240385e-05
2.787426   1.770479e-02
4.395028   1.217077e-03
5.158764   2.812461e-04
4.867830   4.056491e-04
8.635454   8.528439e-05
12.124910   3.642590e-05
7.632840   1.096055e-04
3.590544   3.984568e-03
6.718348   3.287430e-04
5.251138   4.465129e-04
12.787776   3.337621e-05
3.865158   3.412047e-03
6.547780   8.943077e-05
6.556574   1.473091e-04
3.280802   6.562569e-03
4.797616   8.694372e-04
7.047418   1.235800e-04
6.193704   6.495699e-04
381.565340   1.258297e-08
556.505910   6.824113e-09
525.427490   7.444943e-09
6.864796   1.076190e-04
10.980818   4.018812e-05
8.315184   7.351355e-05
6.529056   5.524846e-05
6.689244   3.104111e-05
7.830052   5.864471e-05
6.270742   1.358582e-04
7.505432   1.870244e-04
3.062534   2.232302e-03
19.519956   3.656141e-06
431.853862   2.701821e-09
4.465710   1.891594e-03
3.407236   4.919332e-03
6.979312   1.534692e-04
4.297706   1.345981e-03
19.489704   8.443614e-06
7.832090   4.892331e-05
437.623688   1.615424e-09
7.181818   9.671479e-05
5.026926   9.980597e-04
5.715454   6.384221e-04
6.215168   3.254262e-04
26.784548   3.991324e-06
10.576722   5.236290e-05
8.493464   1.213840e-04
3.223476   1.865740e-03
7.132060   1.310489e-04
571.978696   1.482213e-09
4.191488   9.431614e-04
5.010228   5.958351e-04
8.468362   3.255593e-05
9.151052   8.049510e-05
9.865730   4.075360e-05
8.336130   4.611874e-05
6.958178   1.655521e-04
5.181298   2.290300e-04
14.341008   1.893204e-05
246.220578   2.153724e-09
2.410136   3.551701e-02
3.184812   8.297698e-03
4.134196   7.111769e-04
6.008050   2.794612e-04
6.183640   3.319482e-04
376.467030   3.378550e-09
5.924420   1.616108e-04
5.524068   8.927137e-04
4.769456   6.330939e-04
5.698602   6.331664e-04
3.977702   1.077307e-03
5.030374   2.483452e-04
2.601890   2.014346e-02
4.440178   1.281277e-03
341.874746   4.378730e-09
5.720972   2.055095e-04
4.510620   7.745684e-04
6.194206   1.191370e-04
3.777570   4.065063e-03
8.540838   6.928155e-05
17.487420   9.270534e-06
8.357110   9.316851e-05
5.851846   5.686105e-05
3.296066   3.778612e-03
12.979666   7.531459e-06
3.506868   8.722786e-03
3.883490   2.140798e-03
547.895836   3.441610e-09
3.904638   2.084872e-03
5.767064   3.063718e-04
8.946232   5.379844e-05
4.497970   3.201326e-04
4.934166   5.920973e-04
10.357038   6.968893e-05
6.532382   1.363744e-04
490.852248   5.753538e-10
5.443232   1.503801e-04
103.218864   6.949305e-08
20.240302   4.537674e-06
5.074424   3.827811e-04
6.929942   1.925387e-04
237.076506   3.972319e-08
2.694138   3.779912e-03
5.065398   7.954522e-04
510.872230   1.622164e-09
3.648136   6.010278e-03
3.555192   1.142196e-03
4.889368   3.463291e-04
10.469192   6.292373e-05
3.785466   5.365870e-03
31.768780   1.971031e-06
5.529588   3.645026e-04
5.092896   2.366207e-04
8.563820   8.988690e-05
7.634908   4.733062e-05
4.938512   6.142104e-04
70.270146   2.177648e-07
8.543336   4.467574e-05
10.792720   3.297046e-05
225.480128   6.896069e-09
2.887872   9.961160e-03
4.338638   8.706402e-04
7.851748   8.134826e-05
3.481892   1.616542e-03
2.553674   1.133189e-02
16.009708   1.575686e-05
4.810046   1.903453e-03
551.709426   1.805495e-09
5.329114   4.169015e-04
158.132848   3.649502e-08
14.968130   3.128542e-05
86.576882   3.731246e-07
214.063302   6.621025e-09
9.144464   5.521310e-05
4.398982   1.533512e-03
4.928906   1.467379e-03
5.589610   5.861173e-04
3.826884   1.756800e-03
4.151192   3.163651e-03
12.215428   2.261960e-05
5.480770   3.536647e-04
24.170094   4.196696e-06
4.599696   1.950415e-03
7.661388   3.314128e-05
9.207530   6.437286e-05
13.010984   3.080767e-05
60.934286   4.389040e-07
4.331698   7.805892e-04
4.809856   5.418709e-04
4.640468   1.960359e-03
4.689702   1.412537e-03
10.078830   8.281552e-05
9.189374   3.510141e-05
5.167732   3.603478e-04
8.904568   1.349656e-04
5.201740   4.821010e-04
6.861330   1.926258e-04
3.628884   5.459822e-03
6.633722   2.916177e-04
6.453600   2.601153e-04
3.344058   2.590417e-03
5.929074   1.311148e-04
6.001630   4.124670e-04
9.312240   8.276051e-05
4.381046   8.175554e-04
7.147230   1.288518e-04
367.646870   1.537951e-08
7.040906   3.574304e-05
4.589692   1.457136e-03
10.563288   4.346816e-05
654.811330   3.846873e-09
5.517362   4.117069e-04
5.564920   3.902002e-04
4.851660   1.129049e-03
2.600834   4.540500e-03
7.163660   1.108325e-04
19.711064   8.058474e-06
5.234604   9.694317e-04
8.138116   8.736576e-05
7.393660   1.401337e-04
3.902074   1.986221e-03
7.423500   1.593403e-04
13.055088   2.576252e-05
8.119270   6.143959e-05
27.757872   6.496522e-06
6.511838   1.625590e-04
10.042812   3.046488e-05
48.768802   1.549732e-07
6.281390   1.911708e-04
4.937744   4.364201e-04
5.785396   3.808146e-04
13.113726   1.452214e-05
29.732330   3.527621e-06
3.089792   7.923017e-03
6.054110   2.701829e-04
3.745898   8.068604e-04
23.450988   6.880222e-06
2.912462   1.186720e-02
4.136856   1.873679e-03
32.328106   3.045965e-06
6.893980   5.356552e-05
6.069214   1.810408e-04
4.099086   2.231824e-03
6.302888   3.316078e-04
3.898788   2.158706e-03
5.581820   2.240576e-04
6.539578   1.876487e-04
13.760190   2.279023e-05
6.612704   7.112226e-05
12.054948   1.987856e-05
5.645946   2.755053e-04
3.554224   4.026006e-03
4.374022   1.891108e-03
11.188414   2.932828e-05
3.241298   3.216119e-03
9.947152   4.696394e-05
20.769682   1.074566e-05
3.234374   3.894829e-03
5.251676   7.262023e-04
8.499672   5.996004e-05
8.375988   9.068021e-05
3.839216   2.274401e-03
13.381448   2.593529e-05
3.416940   4.293857e-03
4.448912   1.406610e-03
4.773624   8.997063e-04
10.744224   4.182850e-05
5.244948   2.189476e-04
67.175464   2.673520e-07
3.015130   1.383517e-02
9.800650   4.002213e-05
4.486830   9.938860e-04
5.656068   2.382740e-04
8.571690   4.054268e-05
4.939252   1.362066e-03
3.797356   2.134365e-03
5.803110   3.831287e-04
15.115602   3.592733e-05
10.437648   3.934055e-05
3.728466   2.555671e-03
1083.619508   8.285216e-10
7.821688   9.685329e-05
5.326752   1.806825e-04
3.939162   2.527256e-03
3.809168   4.521609e-03
7.422712   1.472262e-04
5.967254   2.316205e-04
4.108878   1.534736e-03
9.632254   6.512075e-05
19.103192   1.248081e-05
3.152812   7.197243e-03
9.698382   5.717820e-05
4.604340   5.709205e-04
5.712498   5.690038e-04
3.345774   3.295434e-03
3.032912   7.051114e-03
3.952908   5.902759e-04
6.085228   1.376156e-04
3.720074   8.941186e-04
7.284470   2.900482e-04
8.888712   1.419089e-04
6.716604   1.137850e-04
3.688978   2.753416e-03
2.627450   1.013917e-02
7.255802   7.841257e-05
2.992186   3.794219e-03
5.787340   1.648213e-04
7.025000   6.889864e-05
4.595654   1.314504e-03
4.274472   1.363457e-03
4.429946   1.129586e-03
4.662234   1.077638e-03
3.815696   1.636138e-03
5.946414   1.040968e-04
5.026618   8.268440e-04
7.257484   7.447692e-05
15.822756   1.679663e-05
488.782756   1.929020e-09
19.716916   1.286245e-05
7.731422   1.112194e-04
5.790368   2.558876e-04
7.478324   5.859477e-05
5.398352   2.613715e-04
5.603356   1.640175e-04
4.809738   1.217858e-03
372.988162   1.726867e-09
14.310240   2.318806e-05
5.715082   6.401840e-04
3.976746   3.521374e-03
5.343856   3.442775e-04
5.129926   7.292941e-04
5.192188   3.065863e-04
6.939164   6.730163e-05
6.273186   2.532169e-04
3.605186   6.981589e-03
3.253320   1.048328e-02
5.622318   1.748022e-04
4.630840   1.514496e-03
5.345920   6.418366e-04
5.599812   2.610118e-04
6.634406   8.435513e-05
14.334386   2.866953e-05
7.594608   1.562625e-04
5.271660   4.256258e-04
528.484692   1.433422e-09
7.482930   1.636861e-04
13.881954   2.167885e-05
5.683764   4.281108e-04
8.328016   1.177445e-04
5.499396   3.402130e-04
8.845366   9.075134e-05
6.872362   1.044091e-04
9.418294   6.041433e-06
10.787646   7.562005e-05
5.942572   4.063180e-04
7.051182   9.253243e-05
8.970650   9.413779e-05
678.631386   8.533003e-10
5.919702   2.969935e-04
6.145992   2.357113e-04
401.317610   3.257431e-09
239.297466   2.015353e-08
221.354384   2.372197e-08
437.467716   6.495173e-09
432.342462   2.371642e-09
551.610686   1.595425e-09
4.885800   5.433750e-04
14.879956   5.039086e-05
12.251464   2.179691e-05
55.696944   6.245678e-07
6.534482   4.395030e-04
4.943880   6.469261e-04
33.881078   4.550599e-06
6.303060   2.417841e-04
5.834700   4.189232e-04
6.722822   2.005018e-04
7.400434   5.269741e-05
7.096164   1.293635e-04
3.691726   4.989952e-03
4.545504   1.522083e-03
10.275856   3.586158e-05
4.695968   1.280913e-03
5.392536   5.162788e-05
261.579032   5.226084e-09
3.235290   5.224312e-03
9.494494   3.568500e-05
8.410778   1.416456e-04
3.449330   6.868622e-03
6.704356   1.251269e-04
6.889300   1.686264e-04
29.099888   6.840528e-06
14.614002   2.142270e-05
6.362226   2.101652e-04
8.829334   4.270491e-06
7.456638   1.638967e-04
13.843728   4.718938e-05
564.424636   6.106563e-10
5.575092   5.045517e-04
9.951228   2.585116e-05
1283.856522   2.904832e-09
3.099322   1.202834e-02
4.964530   5.598664e-04
4.482030   8.057431e-04
385.713042   2.289478e-09
4.539074   1.627903e-04
4.597064   1.392448e-03
4.066152   1.980767e-03
7.272048   3.211316e-05
50.592958   4.617126e-07
4.687388   6.786872e-05
326.095826   1.307950e-08
3.854026   8.567265e-04
6.580876   1.212993e-04
6.500200   2.090136e-04
1244.244062   5.510606e-10
2.870426   1.706599e-02
7.233338   1.201900e-04
6.140160   1.342790e-04
4.359818   7.060317e-04
3.394460   3.122110e-03
382.901824   2.337818e-09
8.688338   1.603785e-04
3.723402   2.044161e-03
3.584528   6.888127e-04
508.320692   1.032510e-09
19.282270   3.997561e-05
5.824076   1.372700e-04
3.779312   1.057634e-03
5.367412   1.407604e-04
336.193358   3.163238e-09
20.805038   1.954985e-06
5.056186   2.129656e-04
4.195204   2.862963e-03
443.592574   1.805761e-09
5.859326   5.174065e-05
9.029034   6.299217e-05
4.543874   8.466333e-04
405.587794   4.101090e-10
6.139276   1.073760e-04
18.072610   3.214371e-05
35.629642   7.219694e-06
65.510846   8.946079e-07
416.423376   2.059869e-08
429.974816   1.919663e-08
536.718464   2.664861e-09
124.591778   9.419243e-09
6.020366   2.431593e-04
3.369650   1.429189e-03
5.344794   2.485576e-04
3.714236   1.433543e-03
2.930238   4.518043e-03
4.514116   1.127418e-03
671.632426   1.086235e-09
38.741990   5.212596e-06
33.463082   7.558994e-07
4.190824   6.764433e-04
5.431146   4.694674e-04
3.732534   2.153420e-04
4.209926   7.038451e-04
5.723546   5.300502e-05
580.509216   1.758131e-09
415.936334   1.248421e-09
8.559740   6.107999e-05
4.037954   9.087982e-04
