1.000000   0.000000
1.003076   0.000000
1.006161   0.000000
1.009256   0.000000
1.012360   0.000000
1.015474   0.000000
1.018598   0.000000
1.021731   0.000000
1.024873   0.000000
1.028026   0.000000
1.031188   0.000000
1.034360   0.000000
1.037541   0.000000
1.040733   0.000000
1.043934   0.000000
1.047145   0.000000
1.050366   0.000000
1.053596   0.000000
1.056837   0.000000
1.060088   0.000000
1.063348   0.000000
1.066619   0.000000
1.069900   0.000000
1.073191   0.000000
1.076492   0.000000
1.079803   0.000000
1.083124   0.000000
1.086456   0.000000
1.089797   0.000000
1.093149   0.000000
1.096512   0.000000
1.099885   0.000000
1.103268   0.000000
1.106661   0.000000
1.110065   0.000000
1.113479   0.000000
1.116904   0.000000
1.120340   0.000000
1.123786   0.000000
1.127242   0.000000
1.130710   0.000000
1.134188   0.000000
1.137676   0.000000
1.141175   0.000000
1.144686   0.000000
1.148206   0.000000
1.151738   0.000000
1.155281   0.000000
1.158834   0.000000
1.162399   0.000000
1.165974   0.000000
1.169561   0.000000
1.173158   0.000000
1.176766   0.000000
1.180386   0.000000
1.184017   0.000000
1.187658   0.000000
1.191312   0.000000
1.194976   0.000000
1.198651   0.000000
1.202338   0.000000
1.206036   0.000000
1.209746   0.000000
1.213467   0.000000
1.217200   0.000000
1.220943   0.000000
1.224699   0.000000
1.228466   0.000000
1.232244   0.000000
1.236035   0.000000
1.239837   0.000000
1.243650   0.000000
1.247475   0.000000
1.251313   0.000000
1.255161   0.000000
1.259022   0.000000
1.262895   0.000000
1.266779   0.000000
1.270676   0.000000
1.274584   0.000000
1.278504   0.000000
1.282437   0.000000
1.286382   0.000000
1.290338   0.000000
1.294307   0.000000
1.298288   0.000000
1.302282   0.000000
1.306287   0.000000
1.310305   0.000000
1.314336   0.000000
1.318378   0.000000
1.322433   0.000000
1.326501   0.000000
1.330581   0.000000
1.334674   0.000000
1.338779   0.000000
1.342897   0.000000
1.347028   0.000000
1.351171   0.000000
1.355327   0.000000
1.359496   0.000000
1.363677   0.000000
1.367872   0.000000
1.372079   0.000000
1.376299   0.000000
1.380533   0.000000
1.384779   0.000000
1.389038   0.000000
1.393311   0.000000
1.397596   0.000000
1.401895   0.000000
1.406207   0.000000
1.410533   0.000000
1.414871   0.000000
1.419223   0.000000
1.423588   0.000000
1.427967   0.000000
1.432359   0.000000
1.436765   0.000000
1.441185   0.000000
1.445617   0.000000
1.450064   0.000000
1.454524   0.000000
1.458998   0.000000
1.463486   0.000000
1.467987   0.000000
1.472502   0.000000
1.477032   0.000000
1.481575   0.000000
1.486132   0.000000
1.490703   0.000000
1.495288   0.000000
1.499888   0.000000
1.504501   0.000000
1.509129   0.000000
1.513770   0.000000
1.518427   0.000000
1.523097   0.000000
1.527782   0.000000
1.532481   0.000000
1.537195   0.000000
1.541923   0.000000
1.546666   0.000000
1.551423   0.000000
1.556195   0.000000
1.560982   0.000000
1.565783   0.000000
1.570599   0.000000
1.575430   0.000000
1.580276   0.000000
1.585137   0.000000
1.590012   0.000000
1.594903   0.000000
1.599809   0.000000
1.604729   0.000000
1.609665   0.000000
1.614616   0.000000
1.619583   0.000000
1.624564   0.000000
1.629561   0.000001
1.634574   0.000001
1.639601   0.000001
1.644645   0.000001
1.649703   0.000001
1.654777   0.000001
1.659867   0.000001
1.664973   0.000001
1.670094   0.000001
1.675231   0.000001
1.680384   0.000001
1.685552   0.000001
1.690737   0.000001
1.695937   0.000001
1.701154   0.000001
1.706386   0.000001
1.711635   0.000002
1.716900   0.000002
1.722181   0.000002
1.727478   0.000002
1.732791   0.000002
1.738121   0.000002
1.743467   0.000002
1.748830   0.000002
1.754209   0.000002
1.759605   0.000002
1.765017   0.000002
1.770446   0.000002
1.775892   0.000002
1.781354   0.000002
1.786833   0.000003
1.792329   0.000003
1.797842   0.000003
1.803372   0.000003
1.808919   0.000003
1.814483   0.000003
1.820064   0.000003
1.825662   0.000003
1.831278   0.000003
1.836911   0.000003
1.842561   0.000003
1.848228   0.000003
1.853913   0.000003
1.859615   0.000003
1.865335   0.000003
1.871073   0.000004
1.876828   0.000004
1.882601   0.000004
1.888392   0.000004
1.894200   0.000004
1.900026   0.000004
1.905870   0.000004
1.911733   0.000004
1.917613   0.000004
1.923511   0.000004
1.929428   0.000004
1.935362   0.000004
1.941315   0.000004
1.947286   0.000005
1.953276   0.000005
1.959284   0.000005
1.965310   0.000005
1.971355   0.000005
1.977419   0.000005
1.983501   0.000005
1.989602   0.000005
1.995722   0.000005
2.001860   0.000005
2.008018   0.000006
2.014194   0.000006
2.020390   0.000006
2.026604   0.000006
2.032838   0.000006
2.039090   0.000006
2.045362   0.000006
2.051654   0.000006
2.057964   0.000006
2.064294   0.000007
2.070644   0.000007
2.077013   0.000007
2.083401   0.000007
2.089809   0.000007
2.096237   0.000007
2.102685   0.000007
2.109153   0.000007
2.115640   0.000008
2.122148   0.000008
2.128675   0.000008
2.135223   0.000008
2.141790   0.000008
2.148378   0.000008
2.154986   0.000008
2.161615   0.000009
2.168263   0.000009
2.174933   0.000009
2.181622   0.000009
2.188333   0.000009
2.195064   0.000009
2.201815   0.000010
2.208588   0.000010
2.215381   0.000010
2.222196   0.000010
2.229031   0.000010
2.235887   0.000010
2.242764   0.000011
2.249662   0.000011
2.256582   0.000011
2.263523   0.000011
2.270485   0.000011
2.277469   0.000012
2.284474   0.000012
2.291501   0.000012
2.298549   0.000012
2.305619   0.000013
2.312711   0.000013
2.319825   0.000013
2.326960   0.000013
2.334118   0.000014
2.341297   0.000014
2.348498   0.000014
2.355722   0.000014
2.362968   0.000015
2.370236   0.000015
2.377527   0.000015
2.384840   0.000015
2.392175   0.000016
2.399533   0.000016
2.406913   0.000016
2.414317   0.000017
2.421743   0.000017
2.429192   0.000017
2.436664   0.000017
2.444159   0.000018
2.451676   0.000018
2.459217   0.000018
2.466782   0.000019
2.474369   0.000019
2.481980   0.000019
2.489614   0.000020
2.497272   0.000020
2.504953   0.000021
2.512658   0.000021
2.520387   0.000021
2.528139   0.000022
2.535915   0.000022
2.543715   0.000023
2.551539   0.000023
2.559388   0.000023
2.567260   0.000024
2.575156   0.000024
2.583077   0.000025
2.591022   0.000025
2.598992   0.000026
2.606986   0.000026
2.615005   0.000026
2.623048   0.000027
2.631116   0.000027
2.639209   0.000028
2.647327   0.000028
2.655470   0.000029
2.663638   0.000030
2.671831   0.000030
2.680049   0.000031
2.688292   0.000031
2.696561   0.000032
2.704855   0.000032
2.713175   0.000033
2.721521   0.000033
2.729891   0.000034
2.738288   0.000035
2.746711   0.000035
2.755159   0.000036
2.763634   0.000037
2.772134   0.000037
2.780661   0.000038
2.789214   0.000039
2.797793   0.000039
2.806399   0.000040
2.815031   0.000041
2.823689   0.000042
2.832375   0.000042
2.841087   0.000043
2.849826   0.000044
2.858591   0.000045
2.867384   0.000045
2.876203   0.000046
2.885050   0.000047
2.893924   0.000048
2.902826   0.000049
2.911754   0.000050
2.920710   0.000051
2.929694   0.000051
2.938705   0.000052
2.947744   0.000053
2.956811   0.000054
2.965906   0.000055
2.975029   0.000056
2.984180   0.000057
2.993358   0.000058
3.002566   0.000059
3.011801   0.000060
3.021065   0.000061
3.030357   0.000063
3.039678   0.000064
3.049028   0.000065
3.058406   0.000066
3.067813   0.000067
3.077250   0.000068
3.086715   0.000070
3.096209   0.000071
3.105733   0.000072
3.115285   0.000073
3.124868   0.000075
3.134479   0.000076
3.144120   0.000077
3.153791   0.000079
3.163492   0.000080
3.173222   0.000082
3.182983   0.000083
3.192773   0.000084
3.202594   0.000086
3.212444   0.000087
3.222325   0.000089
3.232237   0.000091
3.242179   0.000092
3.252151   0.000094
3.262154   0.000095
3.272188   0.000097
3.282253   0.000099
3.292349   0.000101
3.302476   0.000102
3.312634   0.000104
3.322823   0.000106
3.333043   0.000108
3.343295   0.000110
3.353579   0.000112
3.363894   0.000114
3.374241   0.000116
3.384619   0.000118
3.395030   0.000120
3.405473   0.000122
3.415947   0.000124
3.426454   0.000126
3.436994   0.000129
3.447565   0.000131
3.458169   0.000133
3.468806   0.000135
3.479476   0.000138
3.490178   0.000140
3.500914   0.000143
3.511682   0.000145
3.522483   0.000148
3.533318   0.000150
3.544186   0.000153
3.555087   0.000156
3.566022   0.000158
3.576991   0.000161
3.587993   0.000164
3.599029   0.000167
3.610100   0.000170
3.621204   0.000173
3.632342   0.000176
3.643515   0.000179
3.654721   0.000182
3.665963   0.000185
3.677239   0.000188
3.688550   0.000192
3.699895   0.000195
3.711275   0.000198
3.722691   0.000202
3.734141   0.000205
3.745627   0.000209
3.757148   0.000212
3.768704   0.000216
3.780296   0.000220
3.791924   0.000224
3.803587   0.000228
3.815287   0.000232
3.827022   0.000236
3.838793   0.000240
3.850601   0.000244
3.862445   0.000248
3.874325   0.000252
3.886242   0.000257
3.898195   0.000261
3.910186   0.000266
3.922213   0.000270
3.934277   0.000275
3.946378   0.000280
3.958517   0.000284
3.970693   0.000289
3.982906   0.000294
3.995157   0.000299
4.007446   0.000304
4.019772   0.000310
4.032136   0.000315
4.044538   0.000320
4.056979   0.000326
4.069458   0.000331
4.081975   0.000337
4.094530   0.000343
4.107124   0.000349
4.119757   0.000355
4.132429   0.000361
4.145140   0.000367
4.157890   0.000373
4.170679   0.000380
4.183507   0.000386
4.196375   0.000393
4.209282   0.000399
4.222230   0.000406
4.235217   0.000413
4.248244   0.000420
4.261310   0.000427
4.274418   0.000435
4.287565   0.000442
4.300753   0.000450
4.313982   0.000457
4.327251   0.000465
4.340561   0.000473
4.353912   0.000481
4.367304   0.000489
4.380737   0.000497
4.394211   0.000506
4.407728   0.000514
4.421285   0.000523
4.434884   0.000532
4.448525   0.000541
4.462208   0.000550
4.475934   0.000560
4.489701   0.000569
4.503510   0.000579
4.517363   0.000588
4.531257   0.000598
4.545195   0.000608
4.559175   0.000619
4.573199   0.000629
4.587265   0.000640
4.601375   0.000651
4.615528   0.000662
4.629725   0.000673
4.643965   0.000684
4.658249   0.000695
4.672578   0.000707
4.686950   0.000719
4.701366   0.000731
4.715827   0.000743
4.730332   0.000756
4.744882   0.000769
4.759476   0.000781
4.774116   0.000795
4.788800   0.000808
4.803530   0.000821
4.818305   0.000835
4.833126   0.000849
4.847992   0.000863
4.862903   0.000878
4.877861   0.000892
4.892864   0.000907
4.907914   0.000922
4.923010   0.000938
4.938153   0.000954
4.953342   0.000969
4.968578   0.000986
4.983860   0.001002
4.999190   0.001019
5.014567   0.001036
5.029991   0.001053
5.045462   0.001070
5.060981   0.001088
5.076548   0.001106
5.092163   0.001124
5.107826   0.001143
5.123537   0.001162
5.139296   0.001181
5.155104   0.001201
5.170960   0.001221
5.186865   0.001241
5.202819   0.001261
5.218822   0.001282
5.234875   0.001303
5.250977   0.001325
5.267128   0.001347
5.283329   0.001369
5.299580   0.001391
5.315880   0.001414
5.332231   0.001437
5.348632   0.001461
5.365084   0.001485
5.381586   0.001509
5.398139   0.001534
5.414743   0.001559
5.431398   0.001584
5.448104   0.001610
5.464862   0.001637
5.481671   0.001663
5.498532   0.001690
5.515445   0.001718
5.532409   0.001746
5.549426   0.001774
5.566496   0.001803
5.583617   0.001832
5.600792   0.001862
5.618019   0.001892
5.635299   0.001922
5.652633   0.001953
5.670019   0.001985
5.687459   0.002017
5.704953   0.002049
5.722501   0.002082
5.740102   0.002116
5.757758   0.002149
5.775468   0.002184
5.793233   0.002219
5.811052   0.002254
5.828926   0.002290
5.846855   0.002326
5.864839   0.002363
5.882878   0.002400
5.900973   0.002438
5.919124   0.002477
5.937330   0.002515
5.955592   0.002555
5.973911   0.002595
5.992286   0.002635
6.010717   0.002676
6.029205   0.002718
6.047751   0.002760
6.066352   0.002803
6.085012   0.002846
6.103728   0.002889
6.122503   0.002934
6.141335   0.002978
6.160224   0.003024
6.179172   0.003070
6.198179   0.003116
6.217243   0.003163
6.236367   0.003210
6.255549   0.003258
6.274790   0.003306
6.294090   0.003355
6.313450   0.003404
6.332869   0.003454
6.352348   0.003505
6.371887   0.003555
6.391486   0.003607
6.411146   0.003658
6.430866   0.003710
6.450646   0.003763
6.470487   0.003816
6.490389   0.003869
6.510353   0.003923
6.530378   0.003977
6.550464   0.004032
6.570613   0.004087
6.590823   0.004142
6.611095   0.004197
6.631430   0.004253
6.651827   0.004309
6.672288   0.004366
6.692811   0.004423
6.713397   0.004480
6.734046   0.004537
6.754759   0.004594
6.775536   0.004652
6.796376   0.004710
6.817281   0.004768
6.838250   0.004826
6.859284   0.004884
6.880382   0.004943
6.901545   0.005001
6.922773   0.005060
6.944066   0.005119
6.965426   0.005178
6.986850   0.005236
7.008341   0.005296
7.029897   0.005355
7.051520   0.005414
7.073210   0.005473
7.094966   0.005532
7.116789   0.005591
7.138679   0.005651
7.160637   0.005710
7.182662   0.005769
7.204755   0.005829
7.226916   0.005888
7.249145   0.005947
7.271442   0.006007
7.293808   0.006066
7.316243   0.006125
7.338746   0.006184
7.361319   0.006244
7.383962   0.006303
7.406674   0.006362
7.429456   0.006421
7.452307   0.006481
7.475230   0.006540
7.498222   0.006599
7.521286   0.006658
7.544420   0.006717
7.567626   0.006777
7.590903   0.006836
7.614251   0.006895
7.637672   0.006954
7.661164   0.007013
7.684729   0.007072
7.708366   0.007131
7.732076   0.007190
7.755859   0.007250
7.779714   0.007309
7.803644   0.007368
7.827647   0.007427
7.851723   0.007486
7.875874   0.007545
7.900099   0.007604
7.924399   0.007664
7.948773   0.007723
7.973222   0.007782
7.997747   0.007841
8.022347   0.007901
8.047022   0.007960
8.071774   0.008019
8.096602   0.008079
8.121506   0.008138
8.146486   0.008198
8.171544   0.008257
8.196678   0.008317
8.221890   0.008377
8.247179   0.008437
8.272546   0.008497
8.297992   0.008557
8.323515   0.008617
8.349117   0.008678
8.374798   0.008738
8.400557   0.008799
8.426396   0.008859
8.452315   0.008920
8.478313   0.008981
8.504391   0.009042
8.530549   0.009103
8.556788   0.009165
8.583107   0.009226
8.609508   0.009288
8.635990   0.009349
8.662553   0.009411
8.689197   0.009473
8.715924   0.009535
8.742733   0.009597
8.769624   0.009659
8.796598   0.009722
8.823656   0.009785
8.850796   0.009847
8.878020   0.009910
8.905327   0.009973
8.932719   0.010036
8.960195   0.010100
8.987755   0.010163
9.015400   0.010227
9.043130   0.010291
9.070945   0.010355
9.098846   0.010419
9.126833   0.010484
9.154906   0.010549
9.183065   0.010613
9.211311   0.010679
9.239644   0.010744
9.268063   0.010810
9.296571   0.010875
9.325166   0.010941
9.353848   0.011008
9.382620   0.011074
9.411479   0.011141
9.440428   0.011208
9.469465   0.011276
9.498592   0.011343
9.527808   0.011411
9.557114   0.011480
9.586510   0.011548
9.615997   0.011617
9.645575   0.011686
9.675243   0.011755
9.705003   0.011825
9.734854   0.011895
9.764797   0.011966
9.794832   0.012037
9.824960   0.012108
9.855180   0.012179
9.885493   0.012251
9.915899   0.012323
9.946399   0.012396
9.976993   0.012469
10.007681   0.012542
10.038463   0.012616
10.069340   0.012690
10.100312   0.012765
10.131379   0.012840
10.162542   0.012915
10.193800   0.012991
10.225155   0.013067
10.256606   0.013144
10.288154   0.013221
10.319799   0.013299
10.351541   0.013377
10.383381   0.013456
10.415319   0.013535
10.447355   0.013614
10.479489   0.013694
10.511723   0.013775
10.544055   0.013856
10.576487   0.013938
10.609019   0.014020
10.641651   0.014102
10.674383   0.014186
10.707216   0.014269
10.740150   0.014354
10.773185   0.014438
10.806322   0.014524
10.839560   0.014610
10.872901   0.014697
10.906345   0.014784
10.939891   0.014872
10.973541   0.014960
11.007294   0.015049
11.041151   0.015139
11.075112   0.015229
11.109177   0.015320
11.143347   0.015411
11.177623   0.015504
11.212004   0.015597
11.246490   0.015690
11.281083   0.015784
11.315782   0.015879
11.350587   0.015975
11.385500   0.016072
11.420520   0.016169
11.455648   0.016266
11.490884   0.016365
11.526229   0.016464
11.561682   0.016565
11.597244   0.016665
11.632915   0.016767
11.668696   0.016869
11.704588   0.016973
11.740589   0.017077
11.776702   0.017182
11.812925   0.017287
11.849260   0.017394
11.885707   0.017501
11.922265   0.017609
11.958937   0.017718
11.995721   0.017828
12.032618   0.017939
12.069628   0.018051
12.106753   0.018163
12.143991   0.018277
12.181345   0.018391
12.218813   0.018507
12.256396   0.018623
12.294095   0.018740
12.331910   0.018859
12.369841   0.018978
12.407889   0.019098
12.446054   0.019219
12.484336   0.019342
12.522736   0.019465
12.561254   0.019589
12.599891   0.019715
12.638646   0.019841
12.677521   0.019969
12.716515   0.020097
12.755630   0.020227
12.794864   0.020358
12.834219   0.020490
12.873696   0.020623
12.913293   0.020757
12.953013   0.020892
12.992854   0.021029
13.032818   0.021167
13.072906   0.021305
13.113116   0.021446
13.153450   0.021587
13.193908   0.021729
13.234491   0.021873
13.275198   0.022018
13.316031   0.022165
13.356989   0.022312
13.398073   0.022461
13.439284   0.022611
13.480621   0.022763
13.522086   0.022916
13.563678   0.023070
13.605398   0.023225
13.647246   0.023382
13.689223   0.023540
13.731329   0.023700
13.773565   0.023861
13.815930   0.024023
13.858426   0.024187
13.901052   0.024352
13.943810   0.024518
13.986699   0.024686
14.029720   0.024855
14.072874   0.025025
14.116160   0.025196
14.159579   0.025368
14.203132   0.025542
14.246819   0.025716
14.290640   0.025891
14.334596   0.026066
14.378687   0.026241
14.422914   0.026416
14.467277   0.026588
14.511776   0.026758
14.556412   0.026922
14.601186   0.027077
14.646097   0.027216
14.691146   0.027329
14.736334   0.027387
14.781661   0.027312
14.827127   0.025312
14.872734   0.017880
14.918480   0.013818
14.964367   0.014629
15.010395   0.020071
15.056565   0.026955
15.102877   0.028451
15.149331   0.029110
15.195929   0.029551
15.242669   0.029889
15.289553   0.030185
15.336582   0.030458
15.383755   0.030719
15.431073   0.030973
15.478537   0.031223
15.526147   0.031472
15.573903   0.031720
15.621806   0.031968
15.669857   0.032217
15.718055   0.032467
15.766401   0.032718
15.814897   0.032971
15.863541   0.033227
15.912335   0.033484
15.961279   0.033743
16.010374   0.034005
16.059619   0.034269
16.109016   0.034535
16.158565   0.034804
16.208267   0.035076
16.258121   0.035350
16.308129   0.035626
16.358290   0.035906
16.408606   0.036188
16.459077   0.036473
16.509702   0.036761
16.560484   0.037051
16.611422   0.037345
16.662516   0.037641
16.713768   0.037941
16.765177   0.038243
16.816744   0.038549
16.868470   0.038858
16.920355   0.039170
16.972400   0.039485
17.024604   0.039803
17.076970   0.040125
17.129496   0.040449
17.182184   0.040778
17.235034   0.041109
17.288046   0.041444
17.341222   0.041782
17.394561   0.042124
17.448064   0.042470
17.501732   0.042819
17.555565   0.043171
17.609563   0.043527
17.663728   0.043887
17.718059   0.044251
17.772557   0.044618
17.827223   0.044989
17.882057   0.045364
17.937060   0.045743
17.992231   0.046125
18.047573   0.046512
18.103085   0.046902
18.158767   0.047297
18.214621   0.047695
18.270647   0.048098
18.326845   0.048504
18.383215   0.048915
18.439759   0.049330
18.496478   0.049749
18.553370   0.050172
18.610438   0.050599
18.667681   0.051031
18.725100   0.051467
18.782696   0.051907
18.840468   0.052351
18.898419   0.052800
18.956548   0.053253
19.014856   0.053710
19.073343   0.054172
19.132009   0.054638
19.190857   0.055108
19.249885   0.055583
19.309095   0.056061
19.368487   0.056544
19.428062   0.057031
19.487820   0.057522
19.547762   0.058017
19.607888   0.058516
19.668199   0.059018
19.728695   0.059524
19.789378   0.060033
19.850247   0.060545
19.911304   0.061059
19.972548   0.061575
20.033981   0.062093
20.095603   0.062611
20.157414   0.063127
20.219415   0.063642
20.281607   0.064152
20.343991   0.064654
20.406566   0.065144
20.469333   0.065616
20.532294   0.066060
20.595449   0.066461
20.658797   0.066796
20.722341   0.067024
20.786080   0.067053
20.850015   0.066700
20.914147   0.065456
20.978475   0.062774
21.043002   0.054793
21.107728   0.039490
21.172652   0.032643
21.237776   0.033802
21.303100   0.045138
21.368626   0.066117
21.434353   0.071671
21.500282   0.073654
21.566413   0.075032
21.632749   0.076161
21.699288   0.077144
21.766032   0.078031
21.832981   0.078862
21.900136   0.079657
21.967498   0.080427
22.035067   0.081181
22.102844   0.081923
22.170829   0.082657
22.239023   0.083386
22.307427   0.084112
22.376042   0.084835
22.444867   0.085556
22.513904   0.086276
22.583154   0.086995
22.652617   0.087715
22.722293   0.088434
22.792183   0.089153
22.862289   0.089872
22.932610   0.090590
23.003147   0.091309
23.073902   0.092027
23.144874   0.092746
23.216064   0.093463
23.287474   0.094180
23.359102   0.094896
23.430952   0.095612
23.503022   0.096326
23.575314   0.097039
23.647828   0.097750
23.720566   0.098459
23.793527   0.099167
23.866712   0.099872
23.940123   0.100575
24.013759   0.101276
24.087622   0.101974
24.161712   0.102669
24.236030   0.103360
24.310577   0.104049
24.385353   0.104734
24.460359   0.105415
24.535595   0.106093
24.611063   0.106766
24.686763   0.107436
24.762696   0.108101
24.838863   0.108762
24.915264   0.109419
24.991900   0.110071
25.068771   0.110718
25.145879   0.111361
25.223224   0.111999
25.300807   0.112632
25.378629   0.113260
25.456690   0.113883
25.534991   0.114502
25.613533   0.115116
25.692317   0.115725
25.771343   0.116329
25.850612   0.116929
25.930124   0.117524
26.009882   0.118114
26.089885   0.118700
26.170133   0.119282
26.250629   0.119859
26.331372   0.120433
26.412364   0.121002
26.493604   0.121568
26.575095   0.122130
26.656836   0.122688
26.738829   0.123243
26.821074   0.123796
26.903571   0.124345
26.986323   0.124892
27.069329   0.125436
27.152591   0.125978
27.236108   0.126518
27.319882   0.127057
27.403915   0.127594
27.488205   0.128130
27.572755   0.128665
27.657565   0.129199
27.742636   0.129733
27.827968   0.130268
27.913563   0.130802
27.999421   0.131337
28.085543   0.131873
28.171930   0.132410
28.258583   0.132949
28.345503   0.133490
28.432689   0.134033
28.520144   0.134579
28.607868   0.135128
28.695862   0.135680
28.784126   0.136236
28.872662   0.136796
28.961470   0.137361
29.050552   0.137931
29.139907   0.138506
29.229537   0.139086
29.319443   0.139673
29.409626   0.140267
29.500085   0.140867
29.590824   0.141475
29.681841   0.142090
29.773138   0.142714
29.864716   0.143346
29.956575   0.143988
30.048718   0.144639
30.141143   0.145300
30.233853   0.145971
30.326848   0.146654
30.420129   0.147347
30.513697   0.148053
30.607553   0.148770
30.701697   0.149500
30.796131   0.150244
30.890856   0.151000
30.985872   0.151771
31.081180   0.152556
31.176781   0.153356
31.272677   0.154171
31.368867   0.155001
31.465353   0.155848
31.562136   0.156711
31.659217   0.157591
31.756596   0.158489
31.854275   0.159404
31.952254   0.160337
32.050535   0.161289
32.149118   0.162260
32.248004   0.163249
32.347194   0.164259
32.446689   0.165289
32.546491   0.166339
32.646599   0.167409
32.747015   0.168501
32.847741   0.169614
32.948776   0.170750
33.050121   0.171907
33.151779   0.173086
33.253749   0.174289
33.356033   0.175514
33.458631   0.176763
33.561545   0.178035
33.664776   0.179332
33.768324   0.180653
33.872190   0.181998
33.976376   0.183368
34.080883   0.184763
34.185711   0.186183
34.290861   0.187629
34.396335   0.189101
34.502133   0.190599
34.608257   0.192123
34.714707   0.193673
34.821485   0.195250
34.928590   0.196854
35.036026   0.198486
35.143792   0.200144
35.251889   0.201831
35.360319   0.203545
35.469082   0.205286
35.578180   0.207056
35.687613   0.208855
35.797383   0.210681
35.907491   0.212536
36.017937   0.214421
36.128724   0.216334
36.239850   0.218276
36.351319   0.220247
36.463130   0.222248
36.575286   0.224278
36.687786   0.226338
36.800633   0.228428
36.913826   0.230548
37.027368   0.232698
37.141259   0.234878
37.255500   0.237089
37.370093   0.239330
37.485038   0.241602
37.600336   0.243904
37.715990   0.246238
37.831999   0.248602
37.948365   0.250997
38.065088   0.253424
38.182171   0.255882
38.299614   0.258371
38.417418   0.260892
38.535585   0.263445
38.654115   0.266029
38.773009   0.268646
38.892270   0.271294
39.011897   0.273974
39.131892   0.276687
39.252256   0.279432
39.372990   0.282209
39.494096   0.285019
39.615574   0.287861
39.737426   0.290736
39.859653   0.293644
39.982255   0.296585
40.105235   0.299559
40.228593   0.302566
40.352331   0.305606
40.476449   0.308680
40.600948   0.311787
40.725831   0.314927
40.851098   0.318101
40.976750   0.321309
41.102789   0.324551
41.229215   0.327826
41.356030   0.331136
41.483236   0.334480
41.610832   0.337858
41.738821   0.341270
41.867204   0.344717
41.995982   0.348198
42.125155   0.351714
42.254726   0.355265
42.384696   0.358851
42.515065   0.362472
42.645835   0.366127
42.777008   0.369818
42.908584   0.373544
43.040565   0.377306
43.172951   0.381103
43.305745   0.384936
43.438947   0.388804
43.572559   0.392709
43.706582   0.396649
43.841018   0.400625
43.975866   0.404638
44.111130   0.408687
44.246810   0.412772
44.382906   0.416893
44.519422   0.421051
44.656357   0.425245
44.793714   0.429476
44.931493   0.433744
45.069696   0.438046
45.208324   0.442379
45.347378   0.446706
45.486860   0.451045
45.626772   0.455488
45.767113   0.460011
45.907886   0.464579
46.049092   0.469183
46.190733   0.473829
46.332809   0.478500
46.475322   0.483193
46.618273   0.487921
46.761665   0.492686
46.905497   0.497489
47.049772   0.502331
47.194490   0.507212
47.339654   0.512132
47.485264   0.517092
47.631321   0.522091
47.777829   0.527130
47.924786   0.532209
48.072196   0.537329
48.220060   0.542488
48.368378   0.547688
48.517152   0.552929
48.666384   0.558210
48.816075   0.563533
48.966226   0.568896
49.116839   0.574301
49.267916   0.579748
49.419457   0.585236
49.571464   0.590766
49.723939   0.596338
49.876882   0.601952
50.030297   0.607609
50.184183   0.613308
50.338542   0.619050
50.493376   0.624835
50.648687   0.630663
50.804475   0.636535
50.960742   0.642450
51.117490   0.648409
51.274720   0.654412
51.432434   0.660459
51.590633   0.666551
51.749319   0.672687
51.908492   0.678868
52.068155   0.685094
52.228309   0.691365
52.388956   0.697682
52.550097   0.704045
52.711734   0.710454
52.873868   0.716908
53.036500   0.723410
53.199633   0.729958
53.363268   0.736552
53.527405   0.743194
53.692048   0.749884
53.857197   0.756621
54.022854   0.763406
54.189021   0.770239
54.355699   0.777121
54.522889   0.784051
54.690594   0.791030
54.858814   0.798058
55.027552   0.805136
55.196809   0.812264
55.366587   0.819442
55.536886   0.826670
55.707710   0.833949
55.879059   0.841278
56.050935   0.848659
56.223340   0.856091
56.396275   0.863575
56.569742   0.871111
56.743742   0.878700
56.918278   0.886341
57.093350   0.894035
57.268961   0.901783
57.445113   0.909584
57.621806   0.917439
57.799042   0.925348
57.976824   0.933312
58.155152   0.941331
58.334029   0.949405
58.513456   0.957535
58.693435   0.965721
58.873968   0.973963
59.055056   0.982261
59.236701   0.990617
59.418905   0.999030
59.601669   1.007501
59.784995   1.016030
59.968885   1.024617
60.153341   1.033263
60.338364   1.041968
60.523956   1.050733
60.710119   1.059557
60.896855   1.068442
61.084165   1.077388
61.272051   1.086395
61.460516   1.095463
61.649559   1.104593
61.839185   1.113786
62.029393   1.123041
62.220187   1.132359
62.411567   1.141741
62.603536   1.151187
62.796096   1.160697
62.989248   1.170272
63.182994   1.179912
63.377336   1.189618
63.572275   1.199390
63.767815   1.209228
63.963955   1.219134
64.160699   1.229106
64.358049   1.239147
64.556005   1.249256
64.754570   1.259434
64.953746   1.269681
65.153534   1.279998
65.353937   1.290385
65.554957   1.300843
65.756594   1.311372
65.958852   1.321972
66.161732   1.332645
66.365237   1.343391
66.569367   1.354209
66.774125   1.365101
66.979512   1.376067
67.185532   1.387108
67.392185   1.398224
67.599474   1.409416
67.807400   1.420684
68.015966   1.432028
68.225173   1.443450
68.435024   1.454950
68.645521   1.466528
68.856665   1.478185
69.068458   1.489921
69.280903   1.501737
69.494001   1.513634
69.707755   1.525611
69.922166   1.537671
70.137236   1.549812
70.352969   1.562037
70.569364   1.574345
70.786426   1.586736
71.004155   1.599213
71.222553   1.611774
71.441624   1.624421
71.661368   1.637155
71.881788   1.649975
72.102886   1.662883
72.324665   1.675879
72.547125   1.688963
72.770270   1.702137
72.994101   1.715402
73.218620   1.728756
73.443830   1.742202
73.669733   1.755740
73.896331   1.769371
74.123625   1.783094
74.351619   1.796912
74.580314   1.810824
74.809713   1.824831
75.039817   1.838934
75.270628   1.853134
75.502150   1.867430
75.734384   1.881825
75.967332   1.896318
76.200997   1.910911
76.435380   1.925603
76.670485   1.940396
76.906312   1.955290
77.142865   1.970287
77.380146   1.985386
77.618156   2.000589
77.856898   2.015896
78.096375   2.031308
78.336589   2.046826
78.577541   2.062450
78.819234   2.078181
79.061671   2.094020
79.304853   2.109968
79.548784   2.126026
79.793465   2.142193
80.038898   2.158472
80.285086   2.174862
80.532032   2.191365
80.779737   2.207982
81.028204   2.224712
81.277435   2.241557
81.527433   2.258518
81.778200   2.275596
82.029738   2.292791
82.282050   2.310104
82.535138   2.327537
82.789004   2.345089
83.043651   2.362761
83.299082   2.380556
83.555298   2.398472
83.812302   2.416512
84.070097   2.434676
84.328684   2.452965
84.588067   2.471379
84.848248   2.489921
85.109230   2.508590
85.371013   2.527387
85.633603   2.546313
85.896999   2.565370
86.161206   2.584558
86.426226   2.603878
86.692061   2.623332
86.958713   2.642918
87.226186   2.662640
87.494481   2.682498
87.763602   2.702492
88.033550   2.722624
88.304329   2.742894
88.575940   2.763304
88.848387   2.783854
89.121672   2.804546
89.395798   2.825381
89.670767   2.846358
89.946581   2.867481
90.223244   2.888748
90.500758   2.910162
90.779126   2.931724
91.058349   2.953434
91.338432   2.975293
91.619376   2.997303
91.901184   3.019464
92.183859   3.041778
92.467404   3.064245
92.751820   3.086867
93.037112   3.109645
93.323280   3.132580
93.610330   3.155672
93.898262   3.178923
94.187079   3.202335
94.476786   3.225907
94.767383   3.249642
95.058874   3.273540
95.351261   3.297602
95.644548   3.321830
95.938737   3.346224
96.233831   3.370786
96.529833   3.395518
96.826745   3.420419
97.124570   3.445491
97.423312   3.470736
97.722972   3.496155
98.023554   3.521748
98.325060   3.547517
98.627494   3.573463
98.930858   3.599587
99.235156   3.625891
99.540389   3.652376
99.846561   3.679043
100.153670   3.705892
100.461730   3.732926
100.770740   3.760146
101.080700   3.787553
101.391610   3.815148
101.703470   3.842931
102.016300   3.870906
102.330080   3.899073
102.644840   3.927433
102.960560   3.955987
103.277250   3.984738
103.594920   4.013685
103.913560   4.042831
104.233180   4.072176
104.553790   4.101723
104.875380   4.131472
105.197960   4.161425
105.521540   4.191583
105.846110   4.221948
106.171680   4.252521
106.498240   4.283301
106.825820   4.314294
107.154400   4.345499
107.483990   4.376916
107.814600   4.408549
108.146220   4.440398
108.478860   4.472465
108.812530   4.504751
109.147220   4.537257
109.482940   4.569985
109.819690   4.602937
110.157480   4.636114
110.496310   4.669518
110.836180   4.703149
111.177100   4.737010
111.519060   4.771101
111.862080   4.805426
112.206150   4.839984
112.551280   4.874777
112.897470   4.909808
113.244730   4.945078
113.593060   4.980588
113.942450   5.016338
114.292920   5.052333
114.644470   5.088572
114.997100   5.125058
115.350820   5.161793
115.705620   5.198776
116.061510   5.236011
116.418500   5.273499
116.776590   5.311242
117.135780   5.349241
117.496070   5.387497
117.857470   5.426013
118.219980   5.464790
118.583610   5.503831
118.948360   5.543136
119.314230   5.582707
119.681220   5.622546
120.049340   5.662655
120.418600   5.703036
120.788990   5.743690
121.160520   5.784619
121.533190   5.825824
121.907010   5.867308
122.281980   5.909072
122.658100   5.951118
123.035380   5.993449
123.413820   6.036065
123.793420   6.078968
124.174190   6.122160
124.556130   6.165644
124.939250   6.209421
125.323550   6.253494
125.709020   6.297861
126.095690   6.342529
126.483540   6.387497
126.872590   6.432767
127.262830   6.478341
127.654270   6.524222
128.046920   6.570411
128.440770   6.616909
128.835840   6.663721
129.232120   6.710846
129.629620   6.758287
130.028340   6.806045
130.428290   6.854124
130.829470   6.902525
131.231880   6.951250
131.635530   7.000301
132.040420   7.049679
132.446560   7.099388
132.853950   7.149430
133.262590   7.199805
133.672480   7.250516
134.083640   7.301566
134.496060   7.352956
134.909750   7.404689
135.324720   7.456767
135.740960   7.509191
136.158480   7.561964
136.577280   7.615088
136.997370   7.668565
137.418760   7.722399
137.841440   7.776589
138.265420   7.831140
138.690700   7.886052
139.117300   7.941329
139.545200   7.996971
139.974420   8.052983
140.404960   8.109365
140.836830   8.166121
141.270020   8.223252
141.704550   8.280761
142.140410   8.338650
142.577620   8.396922
143.016170   8.455577
143.456060   8.514619
143.897310   8.574052
144.339920   8.633876
144.783890   8.694093
145.229220   8.754707
145.675930   8.815720
146.124010   8.877134
146.573460   8.938951
147.024300   9.001175
147.476530   9.063807
147.930150   9.126850
148.385160   9.190306
148.841570   9.254177
149.299390   9.318467
149.758610   9.383177
150.219250   9.448311
150.681300   9.513870
151.144770   9.579857
151.609670   9.646275
152.076000   9.713127
152.543770   9.780415
153.012970   9.848141
153.483620   9.916308
153.955710   9.984917
154.429260   10.053974
154.904260   10.123479
155.380720   10.193435
155.858650   10.263845
156.338050   10.334712
156.818920   10.406038
157.301280   10.477827
157.785110   10.550079
158.270440   10.622800
158.757250   10.695989
159.245570   10.769652
159.735390   10.843791
160.226710   10.918407
160.719540   10.993503
161.213890   11.069084
161.709760   11.145152
162.207160   11.221709
162.706090   11.298758
163.206550   11.376301
163.708550   11.454342
164.212090   11.532883
164.717190   11.611928
165.223830   11.691478
165.732040   11.771539
166.241810   11.852110
166.753140   11.933196
167.266050   12.014800
167.780540   12.096925
168.296610   12.179573
168.814260   12.262746
169.333510   12.346450
169.854360   12.430686
170.376810   12.515457
170.900860   12.600766
171.426530   12.686617
171.953810   12.773011
172.482720   12.859953
173.013250   12.947444
173.545410   13.035488
174.079210   13.124090
174.614660   13.213251
175.151750   13.302974
175.690490   13.393261
176.230890   13.484118
176.772950   13.575546
177.316680   13.667549
177.862080   13.760130
178.409160   13.853291
178.957920   13.947037
179.508370   14.041370
180.060510   14.136292
180.614350   14.231809
181.169890   14.327921
181.727150   14.424635
182.286110   14.521951
182.846800   14.619874
183.409210   14.718406
183.973350   14.817550
184.539230   14.917311
185.106840   15.017690
185.676210   15.118693
186.247320   15.220320
186.820190   15.322577
187.394820   15.425466
187.971220   15.528991
188.549390   15.633154
189.129350   15.737961
189.711080   15.843412
190.294600   15.949511
190.879920   16.056264
191.467040   16.163672
192.055970   16.271740
192.646710   16.380469
193.239260   16.489863
193.833640   16.599928
194.429840   16.710664
195.027880   16.822076
195.627760   16.934168
196.229480   17.046942
196.833050   17.160402
197.438490   17.274554
198.045780   17.389397
198.654940   17.504936
199.265970   17.621176
199.878890   17.738120
200.493690   17.855771
201.110380   17.974132
201.728960   18.093206
202.349450   18.212997
202.971850   18.333511
203.596160   18.454749
204.222400   18.576716
204.850560   18.699414
205.480650   18.822847
206.112680   18.947019
206.746650   19.071932
207.382570   19.197591
208.020450   19.324001
208.660290   19.451162
209.302100   19.579082
209.945890   19.707762
210.591650   19.837205
211.239400   19.967415
211.889140   20.098397
212.540880   20.230153
213.194630   20.362688
213.850390   20.496006
214.508160   20.630108
215.167960   20.765001
215.829780   20.900684
216.493640   21.037166
217.159550   21.174448
217.827500   21.312534
218.497500   21.451426
219.169570   21.591131
219.843710   21.731652
220.519910   21.872989
221.198200   22.015151
221.878580   22.158139
222.561040   22.301955
223.245610   22.446606
223.932280   22.592094
224.621070   22.738424
225.311970   22.885598
226.005000   23.033620
226.700160   23.182496
227.397450   23.332224
228.096890   23.482814
228.798490   23.634269
229.502240   23.786590
230.208160   23.939783
230.916240   24.093847
231.626510   24.248793
232.338960   24.404621
233.053600   24.561334
233.770440   24.718937
234.489490   24.877434
235.210740   25.036827
235.934220   25.197123
236.659920   25.358323
237.387850   25.520431
238.118020   25.683452
238.850440   25.847389
239.585110   26.012246
240.322040   26.178028
241.061230   26.344734
241.802700   26.512374
242.546460   26.680951
243.292490   26.850462
244.040830   27.020920
244.791460   27.192322
245.544410   27.364676
246.299670   27.537983
247.057250   27.712248
247.817160   27.887473
248.579410   28.063664
249.344010   28.240826
250.110950   28.418958
250.880260   28.598069
251.651930   28.778159
252.425980   28.959235
253.202400   29.141296
253.981220   29.324352
254.762430   29.508402
255.546040   29.693450
256.332060   29.879502
257.120500   30.066561
257.911370   30.254631
258.704670   30.443716
259.500410   30.633818
260.298590   30.824940
261.099240   31.017091
261.902340   31.210268
262.707920   31.404481
263.515970   31.599729
264.326500   31.796015
265.139540   31.993350
265.955070   32.191730
266.773110   32.391162
267.593660   32.591647
268.416740   32.793193
269.242360   32.995804
270.070510   33.199479
270.901210   33.404224
271.734460   33.610042
272.570280   33.816939
273.408660   34.024915
274.249630   34.233978
275.093180   34.444127
275.939330   34.655369
276.788080   34.867707
277.639440   35.081143
278.493420   35.295683
279.350030   35.511330
280.209270   35.728084
281.071150   35.945953
281.935690   36.164940
282.802880   36.385047
283.672740   36.606278
284.545280   36.828638
285.420500   37.052129
286.298410   37.276754
287.179030   37.502520
288.062350   37.729425
288.948390   37.957478
289.837150   38.186678
290.728650   38.417031
291.622890   38.648540
292.519880   38.881208
293.419630   39.115040
294.322150   39.350038
295.227440   39.586204
296.135520   39.823545
297.046390   40.062062
297.960060   40.301758
298.876540   40.542638
299.795840   40.784703
300.717970   41.027961
301.642940   41.272413
302.570750   41.518060
303.501420   41.764908
304.434940   42.012956
305.371340   42.262214
306.310620   42.512681
307.252790   42.764362
308.197850   43.017257
309.145830   43.271376
310.096720   43.526714
311.050530   43.783279
312.007280   44.041075
312.966970   44.300101
313.929610   44.560363
314.895210   44.821863
315.863780   45.084605
316.835340   45.348596
317.809880   45.613831
318.787410   45.880317
319.767960   46.148060
320.751520   46.417058
321.738110   46.687319
322.727730   46.958841
323.720390   47.231627
324.716110   47.505686
325.714890   47.781015
326.716740   48.057620
327.721680   48.335504
328.729700   48.614666
329.740830   48.895114
330.755060   49.176846
331.772420   49.459872
332.792900   49.744185
333.816530   50.029798
334.843300   50.316704
335.873230   50.604914
336.906330   50.894426
337.942610   51.185244
338.982070   51.477369
340.024730   51.770805
341.070600   52.065555
342.119680   52.361621
343.171990   52.659005
344.227540   52.957712
345.286340   53.257744
346.348390   53.559098
347.413710   53.861782
348.482300   54.165795
349.554180   54.471141
350.629360   54.777824
351.707850   55.085845
352.789650   55.395204
353.874780   55.705905
354.963250   56.017949
356.055070   56.331338
357.150240   56.646074
358.248790   56.962162
359.350710   57.279596
360.456020   57.598384
361.564730   57.918524
362.676850   58.240020
363.792400   58.562875
364.911370   58.887085
366.033790   59.212655
367.159650   59.539578
368.288980   59.867863
369.421790   60.197510
370.558080   60.528515
371.697860   60.860878
372.841150   61.194600
373.987960   61.529680
375.138290   61.866114
376.292160   62.203900
377.449590   62.543042
378.610570   62.883528
379.775120   63.225355
380.943250   63.568520
382.114980   63.913016
383.290310   64.258834
384.469260   64.605965
385.651830   64.954395
386.838040   65.304110
388.027900   65.655092
389.221420   66.007318
390.418610   66.360760
391.619480   66.715384
392.824050   67.071152
394.032320   67.428005
395.244310   67.785881
396.460020   68.144688
397.679480   68.504326
398.902680   68.864642
400.129650   69.225454
401.360390   69.586502
402.594920   69.947443
403.833240   70.307783
405.075380   70.666833
406.321330   71.023558
407.571120   71.376410
408.824750   71.722920
410.082240   72.059011
411.343590   72.377522
412.608830   72.664943
413.877950   72.893192
415.150980   72.995877
416.427930   72.783437
417.708800   71.527080
418.993610   64.427352
420.282380   4.356627
421.575110   66.437204
422.871810   73.393316
424.172510   75.274103
425.477200   76.215743
426.785910   76.870034
428.098640   77.409344
429.415410   77.894527
430.736230   78.351394
432.061110   78.792377
433.390070   79.224061
434.723120   79.650190
436.060270   80.073016
437.401530   80.493968
438.746910   80.913975
440.096430   81.333674
441.450110   81.753513
442.807950   82.173799
444.169960   82.594764
445.536160   83.016580
446.906570   83.439383
448.281190   83.863267
449.660040   84.288309
451.043130   84.714575
452.430470   85.142108
453.822090   85.570958
455.217980   86.001148
456.618160   86.432703
458.022660   86.865659
459.431470   87.300020
460.844620   87.735808
462.262110   88.173036
463.683960   88.611715
465.110190   89.051859
466.540800   89.493470
467.975810   89.936559
469.415240   90.381135
470.859100   90.827205
472.307390   91.274767
473.760140   91.723833
475.217360   92.174405
476.679060   92.626489
478.145260   93.080087
479.615970   93.535205
481.091200   93.991840
482.570960   94.450000
484.055280   94.909688
485.544170   95.370910
487.037630   95.833658
488.535690   96.297948
490.038360   96.763775
491.545650   97.231139
493.057570   97.700046
494.574150   98.170501
496.095390   98.642498
497.621310   99.116048
499.151920   99.591144
500.687240   100.067796
502.227280   100.546000
503.772060   101.025762
505.321590   101.507080
506.875890   101.989962
508.434970   102.474405
509.998840   102.960410
511.567530   103.447983
513.141030   103.937116
514.719380   104.427825
516.302590   104.920107
517.890660   105.413953
519.483620   105.909380
521.081480   106.406381
522.684250   106.904958
524.291950   107.405113
525.904600   107.906854
527.522210   108.410175
529.144790   108.915077
530.772360   109.421567
532.404950   109.929650
534.042550   110.439318
535.685190   110.950576
537.332880   111.463428
538.985640   111.977875
540.643480   112.493917
542.306420   113.011555
543.974480   113.530796
545.647670   114.051641
547.326000   114.574084
549.009500   115.098136
550.698180   115.623793
552.392050   116.151060
554.091120   116.679932
555.795430   117.210422
557.504980   117.742525
559.219780   118.276240
560.939860   118.811575
562.665240   119.348533
564.395910   119.887106
566.131920   120.427312
567.873260   120.969134
569.619950   121.512582
571.372020   122.057664
573.129480   122.604375
574.892350   123.152721
576.660640   123.702701
578.434360   124.254313
580.213540   124.807566
581.998200   125.362464
583.788340   125.919000
585.583990   126.477183
587.385170   127.037014
589.191880   127.598493
591.004150   128.161621
592.821990   128.726401
594.645430   129.292839
596.474480   129.860937
598.309150   130.430691
600.149460   131.002107
601.995430   131.575185
603.847090   132.149935
605.704430   132.726345
607.567500   133.304436
609.436290   133.884192
611.310830   134.465627
613.191130   135.048736
615.077220   135.633527
616.969110   136.220002
618.866820   136.808161
620.770370   137.398005
622.679770   137.989542
624.595040   138.582766
626.516210   139.177690
628.443280   139.774307
630.376290   140.372628
632.315230   140.972645
634.260140   141.574368
636.211040   142.177804
638.167930   142.782941
640.130850   143.389801
642.099800   143.998370
644.074810   144.608657
646.055890   145.220664
648.043070   145.834398
650.036350   146.449850
652.035770   147.067039
654.041340   147.685956
656.053080   148.306609
658.071010   148.929000
660.095140   149.553131
662.125500   150.179003
664.162100   150.806622
666.204970   151.435992
668.254120   152.067112
670.309580   152.699992
672.371360   153.334627
674.439470   153.971017
676.513950   154.609178
678.594810   155.249107
680.682080   155.890809
682.775760   156.534282
684.875880   157.179530
686.982460   157.826560
689.095520   158.475371
691.215080   159.125974
693.341160   159.778364
695.473780   160.432549
697.612960   161.088533
699.758720   161.746313
701.911070   162.405897
704.070050   163.067290
706.235670   163.730494
708.407950   164.395512
710.586910   165.062345
712.772580   165.731006
714.964970   166.401492
717.164100   167.073802
719.369990   167.747942
721.582670   168.423922
723.802160   169.101744
726.028470   169.781407
728.261630   170.462919
730.501660   171.146280
732.748580   171.831497
735.002410   172.518573
737.263170   173.207511
739.530890   173.898317
741.805580   174.590992
744.087270   175.285542
746.375980   175.981972
748.671720   176.680282
750.974530   177.380482
753.284420   178.082569
755.601420   178.786556
757.925540   179.492438
760.256810   180.200218
762.595250   180.909910
764.940890   181.621516
767.293740   182.335035
769.653820   183.050468
772.021170   183.767831
774.395800   184.487124
776.777730   185.208340
779.166990   185.931494
781.563590   186.656584
783.967570   187.383623
786.378950   188.112607
788.797740   188.843542
791.223970   189.576425
793.657660   190.311263
796.098840   191.048058
798.547520   191.786807
801.003740   192.527521
803.467520   193.270191
805.938870   194.014811
808.417820   194.761374
810.904400   195.509872
813.398630   196.260281
815.900520   197.012555
818.410120   197.766651
820.927430   198.522446
823.452490   199.279758
825.985310   200.038189
828.525920   200.796909
831.074350   201.553779
833.630620   202.302008
836.194750   203.009145
838.766760   203.249672
841.346690   202.268321
843.934560   205.279850
846.530380   206.160023
849.134190   206.964780
851.746000   207.756181
854.365850   208.544635
856.993760   209.333073
859.629750   210.122569
862.273850   210.913601
864.926080   211.706410
867.586470   212.501122
870.255040   213.297816
872.931820   214.096545
875.616840   214.897348
878.310110   215.700234
881.011670   216.505235
883.721540   217.312363
886.439740   218.121621
889.166300   218.933027
891.901250   219.746595
894.644610   220.562323
897.396410   221.380230
900.156670   222.200315
902.925430   223.022596
905.702700   223.847064
908.488510   224.673737
911.282890   225.502624
914.085870   226.333725
916.897470   227.167048
919.717710   228.002599
922.546640   228.840395
925.384260   229.680428
928.230610   230.522711
931.085710   231.367248
933.949600   232.214054
936.822300   233.063128
939.703830   233.914475
942.594230   234.768109
945.493510   235.624025
948.401720   236.482247
951.318860   237.342764
954.244990   238.205601
957.180110   239.070748
960.124260   239.938220
963.077460   240.808020
966.039750   241.680158
969.011150   242.554644
971.991690   243.431478
974.981400   244.310670
977.980310   245.192232
980.988440   246.076166
984.005820   246.962476
987.032480   247.851172
990.068450   248.742259
993.113760   249.635751
996.168440   250.531652
999.232510   251.429968
1002.306000   252.330703
1005.389000   253.233893
1008.481400   254.139481
1011.583300   255.047508
1014.694800   255.958014
1017.815900   256.870998
1020.946500   257.786395
1024.086800   258.704305
1027.236800   259.624717
1030.396400   260.547573
1033.565800   261.472966
1036.744900   262.400841
1039.933700   263.331188
1043.132400   264.264103
1046.341000   265.199576
1049.559400   266.137550
1052.787600   267.078016
1056.025900   268.021121
1059.274100   268.966756
1062.532200   269.914908
1065.800400   270.865678
1069.078700   271.819055
1072.367000   272.774979
1075.665500   273.733551
1078.974100   274.694704
1082.292800   275.658430
1085.621800   276.624828
1088.961000   277.593839
1092.310500   278.565507
1095.670300   279.539818
1099.040400   280.516772
1102.420900   281.496404
1105.811800   282.478710
1109.213100   283.463688
1112.624900   284.451371
1116.047200   285.441757
1119.480000   286.434837
1122.923400   287.430652
1126.377300   288.429146
1129.841900   289.430410
1133.317100   290.434388
1136.803000   291.441117
1140.299700   292.450647
1143.807100   293.462918
1147.325300   294.477974
1150.854300   295.495797
1154.394200   296.516442
1157.944900   297.539844
1161.506600   298.566094
1165.079200   299.595141
1168.662800   300.627017
1172.257500   301.661777
1175.863200   302.699352
1179.480000   303.739790
1183.107900   304.783078
1186.746900   305.829211
1190.397200   306.878282
1194.058700   307.930233
1197.731400   308.985050
1201.415500   310.042836
1205.110900   311.103520
1208.817600   312.167097
1212.535800   313.233664
1216.265400   314.303155
1220.006400   315.375556
1223.759000   316.450970
1227.523100   317.529320
1231.298800   318.610644
1235.086100   319.694914
1238.885000   320.782097
1242.695700   321.872216
1246.518000   322.964991
1250.352100   324.059985
1254.198100   325.154732
1258.055800   326.217545
1261.925400   327.143543
1265.806900   328.467060
1269.700300   329.587529
1273.605800   330.704578
1277.523200   331.823386
1281.452700   332.944921
1285.394200   334.069365
1289.347900   335.196898
1293.313800   336.327549
1297.291800   337.461282
1301.282100   338.598192
1305.284700   339.738283
1309.299500   340.881493
1313.326800   342.027973
1317.366400   343.177609
1321.418400   344.330448
1325.482900   345.486536
1329.559900   346.645854
1333.649400   347.808402
1337.751500   348.974217
1341.866300   350.143346
1345.993700   351.315722
1350.133700   352.491340
1354.286600   353.670347
1358.452200   354.852628
1362.630600   356.038226
1366.821800   357.227131
1371.026000   358.419437
1375.243100   359.615082
1379.473100   360.814056
1383.716200   362.016453
1387.972300   363.222213
1392.241500   364.431376
1396.523800   365.643933
1400.819300   366.859922
1405.128100   368.079395
1409.450000   369.302232
1413.785300   370.528580
1418.133900   371.758373
1422.495900   372.991657
1426.871300   374.228423
1431.260100   375.468655
1435.662500   376.712455
1440.078400   377.959753
1444.507900   379.210594
1448.951000   380.464968
1453.407700   381.722868
1457.878200   382.984385
1462.362400   384.249452
1466.860400   385.518055
1471.372300   386.790260
1475.898000   388.066042
1480.437700   389.345488
1484.991300   390.628543
1489.558900   391.915247
1494.140600   393.205642
1498.736400   394.499712
1503.346300   395.797449
1507.970300   397.098846
1512.608600   398.403990
1517.261200   399.712876
1521.928100   401.025488
1526.609300   402.341823
1531.305000   403.661969
1536.015000   404.985808
1540.739600   406.313492
1545.478700   407.644954
1550.232400   408.980236
1555.000700   410.319234
1559.783600   411.661091
1564.581300   413.006840
1569.393700   414.356416
1574.221000   415.709916
1579.063000   417.067224
1583.920000   418.428484
1588.791900   419.793633
1593.678800   421.162714
1598.580700   422.535707
1603.497800   423.912718
1608.429900   425.293622
1613.377200   426.678513
1618.339700   428.067379
1623.317500   429.460265
1628.310600   430.857154
1633.319000   432.258039
1638.342900   433.663007
1643.382200   435.071990
1648.437000   436.485036
1653.507400   437.902168
1658.593300   439.323310
1663.694900   440.748524
1668.812200   442.177658
1673.945200   443.609925
1679.094100   445.022032
1684.258700   446.482917
1689.439300   447.936335
1694.635700   449.387344
1699.848200   450.842044
1705.076700   452.300798
1710.321300   453.763741
1715.582000   455.230883
1720.858800   456.702223
1726.152000   458.177910
1731.461400   459.657833
1736.787100   461.142027
1742.129200   462.630537
1747.487700   464.123351
1752.862800   465.620558
1758.254300   467.122044
1763.662500   468.627957
1769.087200   470.138172
1774.528700   471.652838
1779.986900   473.171891
1785.461900   474.695366
1790.953700   476.223253
1796.462400   477.755594
1801.988100   479.292423
1807.530800   480.833730
1813.090500   482.379505
1818.667300   483.929782
1824.261200   485.484546
1829.872400   487.043898
1835.500800   488.607761
1841.146600   490.176259
1846.809700   491.749253
1852.490200   493.326891
1858.188200   494.909083
1863.903700   496.495923
1869.636800   498.087418
1875.387600   499.683570
1881.156000   501.284376
1886.942200   502.889844
1892.746100   504.499969
1898.567900   506.114859
1904.407700   507.734516
1910.265300   509.358834
1916.141100   510.987978
1922.034800   512.621837
1927.946700   514.260520
1933.876800   515.903979
1939.825200   517.552316
1945.791800   519.201752
1951.776800   520.854450
1957.780200   522.512028
1963.802000   524.174436
1969.842400   525.841830
1975.901300   527.514107
1981.978900   529.191326
1988.075200   530.873535
1994.190300   532.560689
2000.324100   534.252832
2006.476800   535.949974
2012.648400   537.652114
2018.839100   539.359310
2025.048700   541.071553
2031.277500   542.788856
2037.525400   544.511263
2043.792600   546.238783
2050.079000   547.971362
2056.384700   549.709104
2062.709900   551.451966
2069.054500   553.200044
2075.418600   554.953243
2081.802300   556.711616
2088.205600   558.475113
2094.628600   560.243346
2101.071400   559.534146
2107.534000   563.796786
2114.016500   565.582146
2120.518900   567.372200
2127.041300   569.167493
2133.583800   570.968079
2140.146400   572.774057
2146.729200   574.585332
2153.332200   576.402002
2159.955600   578.224125
2166.599300   580.051599
2173.263400   581.884476
2179.948100   583.722913
2186.653300   585.566709
2193.379100   587.416015
2200.125600   589.270835
2206.892900   591.131174
2213.681000   592.997032
2220.490000   594.868462
2227.319900   596.745463
2234.170800   598.628041
2241.042800   600.516198
2247.935900   602.409985
2254.850300   604.309459
2261.785900   606.214566
2268.742800   608.125361
2275.721100   610.041796
2282.720900   611.963976
2289.742200   613.891852
2296.785200   615.825578
2303.849700   617.764950
2310.936100   619.710181
2318.044200   621.661215
2325.174100   623.618004
2332.326100   625.580711
2339.500000   627.549228
2346.695900   629.523608
2353.914000   631.503859
2361.154300   633.490081
2368.416900   635.482228
2375.701800   637.480300
2383.009100   639.484351
2390.338900   641.494384
2397.691300   643.510453
2405.066200   645.532504
2412.463900   647.560600
2419.884300   649.594785
2427.327500   651.635014
2434.793600   653.681391
2442.282700   655.733869
2449.794800   657.792448
2457.330000   659.857183
2464.888400   661.928126
2472.470100   664.005282
2480.075000   666.088598
2487.703400   668.178183
2495.355200   670.274035
2503.030600   672.376112
2510.729500   674.484409
2518.452200   676.597498
2526.198600   678.719647
2533.968800   680.847632
2541.763000   682.981509
2549.581100   685.121672
2557.423200   687.268225
2565.289500   689.421274
2573.179900   691.580717
2581.094700   693.746664
2589.033800   695.919113
2596.997300   698.098016
2604.985200   700.283424
2612.997800   702.475497
2621.035000   704.674083
2629.097000   706.879289
2637.183700   709.091061
2645.295300   711.309507
2653.431800   713.534577
2661.593400   715.766377
2669.780100   718.004810
2677.992000   720.250028
2686.229100   722.501930
2694.491500   724.760572
2702.779400   727.026061
2711.092800   729.298346
2719.431700   731.577378
2727.796300   733.863315
2736.186600   736.156106
2744.602700   738.455755
2753.044800   740.762420
2761.512700   743.075893
2770.006700   745.396335
2778.526900   747.723802
2787.073200   750.058188
2795.645900   752.399655
2804.244900   754.748150
2812.870400   757.103680
2821.522300   759.466241
2830.201000   761.836048
2838.906200   764.212841
2847.638300   766.596834
2856.397200   768.987973
2865.183100   771.386317
2873.996000   773.791915
2882.836000   776.204721
2891.703200   778.624740
2900.597700   781.052124
2909.519500   783.486723
2918.468800   785.928697
2927.445600   788.377993
2936.450000   790.834418
2945.482100   793.298223
2954.542000   795.770213
2963.629700   798.249138
2972.745400   800.735506
2981.889200   803.229421
2991.061000   805.730778
3000.261100   808.239690
3009.489500   810.756156
3018.746300   813.280230
3028.031500   815.811862
3037.345300   818.351110
3046.687700   820.897973
3056.058900   823.452561
3065.458900   826.014872
3074.887800   828.584810
3084.345700   831.162529
3093.832700   833.748034
3103.348900   836.341327
3112.894400   838.942464
3122.469200   841.551393
3132.073500   844.168173
3141.707300   846.792853
3151.370800   849.425491
3161.063900   852.065984
3170.786900   854.714443
3180.539800   857.370918
3190.322700   860.035412
3200.135700   862.707931
3209.978800   865.388422
3219.852300   868.077100
3229.756100   870.773858
3239.690300   873.478702
3249.655200   876.191743
3259.650600   878.912922
3269.676900   881.642407
3279.733900   884.379988
3289.821900   887.125878
3299.941000   889.880130
3310.091100   892.642590
3320.272500   895.413420
3330.485200   898.192571
3340.729300   900.980145
3351.004900   903.776047
3361.312100   906.567708
3371.651000   909.393300
3382.021700   912.214658
3392.424300   915.044510
3402.859000   917.882912
3413.325700   920.729862
3423.824600   923.585417
3434.355800   926.449530
3444.919400   929.322355
3455.515400   932.203744
3466.144100   935.093906
3476.805500   937.992843
3487.499600   940.900403
3498.226700   943.816850
3508.986700   946.741978
3519.779900   949.676050
3530.606200   952.618911
3541.465900   955.570674
3552.358900   958.531334
3563.285500   961.500953
3574.245600   964.479477
3585.239500   967.467017
3596.267200   970.463575
3607.328800   973.469203
3618.424400   976.483855
3629.554200   979.507640
3640.718200   982.540557
3651.916500   985.582610
3663.149300   988.633856
3674.416600   991.694297
3685.718600   994.763989
3697.055300   997.842882
3708.427000   1000.931189
3719.833600   1004.028755
3731.275200   1007.135584
3742.752100   1010.251888
3754.264300   1013.377617
3765.811900   1016.512724
3777.395000   1019.657214
3789.013700   1022.811340
3800.668200   1025.975011
3812.358500   1029.148176
3824.084800   1032.330892
3835.847100   1035.523211
3847.645600   1038.725189
3859.480400   1041.936780
3871.351600   1045.158139
3883.259400   1048.389223
3895.203700   1051.629979
3907.184800   1054.880567
3919.202800   1058.140992
3931.257700   1061.411204
3943.349700   1064.691310
3955.478800   1067.981261
3967.645300   1071.281218
3979.849300   1074.591135
3992.090700   1077.911008
4004.369800   1081.240899
4016.686700   1084.580862
4029.041400   1087.930846
4041.434200   1091.291013
4053.865100   1094.661314
4066.334200   1098.041752
4078.841700   1101.432385
4091.387600   1104.833263
4103.972100   1108.244393
4116.595400   1111.665834
4129.257400   1115.097582
4141.958400   1118.539697
4154.698500   1121.992185
4167.477800   1125.455098
4180.296300   1128.928438
4193.154300   1132.412265
4206.051900   1135.906533
4218.989100   1139.411544
4231.966100   1142.926953
4244.983000   1146.453015
4258.040000   1149.989738
4271.137100   1153.537122
4284.274500   1157.095175
4297.452400   1160.664004
4310.670700   1164.243555
4323.929700   1167.833891
4337.229500   1171.435064
4350.570200   1175.047130
4363.951900   1178.670041
4377.374800   1182.303906
4390.839000   1185.948728
4404.344600   1189.604511
4417.891800   1193.271364
4431.480600   1196.949235
4445.111200   1200.638234
4458.783700   1204.338262
4472.498300   1208.049530
4486.255100   1211.771990
4500.054100   1215.505592
4513.895700   1219.250501
4527.779800   1223.006665
4541.706600   1226.774191
4555.676200   1230.553032
4569.688800   1234.343247
4583.744600   1238.144942
4597.843500   1241.958015
4611.985800   1245.782627
4626.171600   1249.618682
4640.401100   1253.466437
4654.674300   1257.325693
4668.991400   1261.196607
4683.352600   1265.079137
4697.757900   1268.973383
4712.207500   1272.879303
4726.701600   1276.797055
4741.240300   1280.726592
4755.823600   1284.667865
4770.451900   1288.621139
4785.125100   1292.586210
4799.843500   1296.563289
4814.607100   1300.552278
4829.416200   1304.553337
4844.270800   1308.566366
4859.171100   1312.591524
4874.117200   1316.628713
4889.109300   1320.678143
4904.147500   1324.739666
4919.231900   1328.813437
4934.362800   1332.899467
4949.540200   1336.997807
4964.764300   1341.108464
4980.035200   1345.231441
4995.353100   1349.366848
5010.718100   1353.514687
5026.130300   1357.674962
5041.590000   1361.847283
5057.097200   1366.033108
5072.652100   1370.230985
5088.254900   1374.441577
5103.905600   1378.664682
5119.604500   1382.900562
5135.351700   1387.149172
5151.147300   1391.410515
5166.991500   1395.684649
5182.884400   1399.971577
5198.826200   1404.271408
5214.817100   1408.584200
5230.857100   1412.909902
5246.946500   1417.248576
5263.085400   1421.600276
5279.273900   1425.965056
5295.512200   1430.342873
5311.800400   1434.733831
5328.138700   1439.137989
5344.527300   1443.555304
5360.966300   1447.985930
5377.455900   1452.429825
5393.996200   1456.887042
5410.587400   1461.357590
5427.229600   1465.841572
5443.923000   1470.338996
5460.667700   1474.849715
5477.463900   1479.374189
5494.311800   1483.912124
5511.211600   1488.463679
5528.163300   1493.028853
5545.167100   1497.607654
5562.223300   1502.200193
5579.331900   1506.806472
5596.493100   1511.426497
5613.707100   1516.060376
5630.974100   1520.708118
5648.294200   1525.369775
5665.667500   1530.045303
5683.094300   1534.734862
5700.574700   1539.438456
5718.108800   1544.156090
5735.696900   1548.887826
5753.339100   1553.633666
5771.035600   1558.393769
5788.786500   1563.168038
5806.591900   1567.956529
5824.452200   1572.759355
5842.367400   1577.576417
5860.337700   1582.407874
5878.363200   1587.253678
5896.444300   1592.114046
5914.580900   1596.988873
5932.773300   1601.878222
5951.021700   1606.782149
5969.326200   1611.700710
5987.687000   1616.633912
6006.104200   1621.581758
6024.578100   1626.544411
6043.108900   1631.521878
6061.696600   1636.514110
6080.341600   1641.521271
6099.043800   1646.543258
6117.803600   1651.580187
6136.621100   1656.632161
6155.496500   1661.699139
6174.429900   1666.781174
6193.421600   1671.878328
6212.471700   1676.990655
6231.580400   1682.118112
6250.747800   1687.260804
6269.974200   1692.418793
6289.259800   1697.592136
6308.604600   1702.780782
6328.009000   1707.984849
6347.473100   1713.204390
6366.997000   1718.439358
6386.581000   1723.689866
6406.225200   1728.955967
6425.929800   1734.237619
6445.695100   1739.534984
6465.521100   1744.847962
6485.408100   1750.176715
6505.356300   1755.521250
6525.365900   1760.881576
6545.437000   1766.257796
6565.569800   1771.649868
6585.764600   1777.057905
6606.021500   1782.481959
6626.340600   1787.921935
6646.722300   1793.378098
6667.166700   1798.850303
6687.674000   1804.338708
6708.244300   1809.843265
6728.877900   1815.364038
6749.575000   1820.901134
6770.335700   1826.454506
6791.160300   1832.024317
6812.048900   1837.610421
6833.001800   1843.213080
6854.019200   1848.832200
6875.101200   1854.467837
6896.248000   1860.119998
6917.459900   1865.788845
6938.737000   1871.474332
6960.079600   1877.176521
6981.487800   1882.895416
7002.961900   1888.631128
7024.502000   1894.383662
7046.108300   1900.153026
7067.781200   1905.939384
7089.520700   1911.742638
7111.327000   1917.562845
7133.200400   1923.400118
7155.141200   1929.254517
7177.149400   1935.126044
7199.225200   1941.014605
7221.369000   1946.920467
7243.580900   1952.843584
7265.861200   1958.783968
7288.209900   1964.741669
7310.627400   1970.716752
7333.113900   1976.709276
7355.669500   1982.719194
7378.294500   1988.746670
7400.989100   1994.791609
7423.753500   2000.854171
7446.587900   2006.934364
7469.492500   2013.032146
7492.467600   2019.147677
7515.513400   2025.280968
7538.630000   2031.431971
7561.817800   2037.600852
7585.076900   2043.787616
7608.407500   2049.992221
7631.809900   2056.214779
7655.284200   2062.455293
7678.830800   2068.713880
7702.449800   2074.990544
7726.141400   2081.285242
7749.906000   2087.598192
7773.743600   2093.929193
7797.654500   2100.278457
7821.639000   2106.645997
7845.697200   2113.031815
7869.829500   2119.435980
7894.035900   2125.858490
7918.316900   2132.299466
7942.672500   2138.758808
7967.103000   2145.236678
7991.608700   2151.733089
8016.189800   2158.248048
8040.846400   2164.781560
8065.578900   2171.333741
8090.387500   2177.904599
8115.272400   2184.494142
8140.233800   2191.102380
8165.272000   2197.729473
8190.387200   2204.375282
8215.579700   2211.040016
8240.849600   2217.723582
8266.197300   2224.426094
8291.623000   2231.147563
8317.126800   2237.887942
8342.709100   2244.647347
8368.370100   2251.425787
8394.110000   2258.223320
8419.929100   2265.039960
8445.827600   2271.875713
8471.805800   2278.730644
8497.863900   2285.604759
8524.002100   2292.498119
8550.220700   2299.410685
8576.520000   2306.342570
8602.900100   2313.293680
8629.361400   2320.264179
8655.904100   2327.254027
8682.528500   2334.263288
8709.234700   2341.291915
8736.023100   2348.339975
8762.893800   2355.407474
8789.847200   2362.494427
8816.883600   2369.600949
8844.003000   2376.726889
8871.205900   2383.872420
8898.492500   2391.037499
8925.863000   2398.222136
8953.317700   2405.426394
8980.856800   2412.650182
9008.480700   2419.893668
9036.189500   2427.156756
9063.983500   2434.439460
9091.863000   2441.741794
9119.828300   2449.063870
9147.879600   2456.405548
9176.017200   2463.766942
9204.241300   2471.148011
9232.552200   2478.548720
9260.950300   2485.969234
9289.435600   2493.409357
9318.008600   2500.869210
9346.669500   2508.348753
9375.418500   2515.847947
9404.256000   2523.366859
9433.182100   2530.905396
9462.197300   2538.463679
9491.301600   2546.041562
9520.495500   2553.639116
9549.779200   2561.256303
9579.153000   2568.893136
9608.617100   2576.549478
9638.171800   2584.225442
9667.817500   2591.920948
9697.554300   2599.635952
9727.382600   2607.370475
9757.302700   2615.124482
9787.314700   2622.897830
9817.419100   2630.690643
9847.616100   2638.502783
9877.906000   2646.334216
9908.289000   2654.184855
9938.765500   2662.054719
9969.335700   2669.943722
10000.000000   2677.851884
