1.000000   0.000000
1.003076   0.000000
1.006161   0.000000
1.009256   0.000000
1.012360   0.000000
1.015474   0.000000
1.018598   0.000000
1.021731   0.000000
1.024873   0.000000
1.028026   0.000000
1.031188   0.000000
1.034360   0.000000
1.037541   0.000000
1.040733   0.000000
1.043934   0.000000
1.047145   0.000000
1.050366   0.000000
1.053596   0.000000
1.056837   0.000000
1.060088   0.000000
1.063348   0.000000
1.066619   0.000000
1.069900   0.000000
1.073191   0.000000
1.076492   0.000000
1.079803   0.000000
1.083124   0.000000
1.086456   0.000000
1.089797   0.000000
1.093149   0.000000
1.096512   0.000000
1.099885   0.000000
1.103268   0.000000
1.106661   0.000000
1.110065   0.000000
1.113479   0.000000
1.116904   0.000000
1.120340   0.000000
1.123786   0.000000
1.127242   0.000000
1.130710   0.000000
1.134188   0.000000
1.137676   0.000000
1.141175   0.000000
1.144686   0.000000
1.148206   0.000000
1.151738   0.000000
1.155281   0.000000
1.158834   0.000000
1.162399   0.000000
1.165974   0.000000
1.169561   0.000000
1.173158   0.000000
1.176766   0.000000
1.180386   0.000000
1.184017   0.000000
1.187658   0.000000
1.191312   0.000000
1.194976   0.000000
1.198651   0.000000
1.202338   0.000000
1.206036   0.000000
1.209746   0.000000
1.213467   0.000000
1.217200   0.000000
1.220943   0.000000
1.224699   0.000000
1.228466   0.000000
1.232244   0.000000
1.236035   0.000000
1.239837   0.000000
1.243650   0.000000
1.247475   0.000000
1.251313   0.000000
1.255161   0.000000
1.259022   0.000000
1.262895   0.000000
1.266779   0.000000
1.270676   0.000000
1.274584   0.000000
1.278504   0.000000
1.282437   0.000000
1.286382   0.000000
1.290338   0.000000
1.294307   0.000000
1.298288   0.000000
1.302282   0.000000
1.306287   0.000000
1.310305   0.000000
1.314336   0.000000
1.318378   0.000000
1.322433   0.000000
1.326501   0.000000
1.330581   0.000000
1.334674   0.000000
1.338779   0.000000
1.342897   0.000000
1.347028   0.000000
1.351171   0.000000
1.355327   0.000000
1.359496   0.000000
1.363677   0.000000
1.367872   0.000000
1.372079   0.000000
1.376299   0.000000
1.380533   0.000000
1.384779   0.000000
1.389038   0.000000
1.393311   0.000000
1.397596   0.000000
1.401895   0.000000
1.406207   0.000000
1.410533   0.000000
1.414871   0.000000
1.419223   0.000000
1.423588   0.000000
1.427967   0.000000
1.432359   0.000000
1.436765   0.000000
1.441185   0.000000
1.445617   0.000000
1.450064   0.000000
1.454524   0.000000
1.458998   0.000000
1.463486   0.000000
1.467987   0.000000
1.472502   0.000000
1.477032   0.000000
1.481575   0.000000
1.486132   0.000000
1.490703   0.000000
1.495288   0.000000
1.499888   0.000000
1.504501   0.000000
1.509129   0.000000
1.513770   0.000000
1.518427   0.000000
1.523097   0.000000
1.527782   0.000000
1.532481   0.000000
1.537195   0.000000
1.541923   0.000000
1.546666   0.000000
1.551423   0.000000
1.556195   0.000000
1.560982   0.000000
1.565783   0.000000
1.570599   0.000000
1.575430   0.000000
1.580276   0.000000
1.585137   0.000000
1.590012   0.000000
1.594903   0.000000
1.599809   0.000000
1.604729   0.000000
1.609665   0.000000
1.614616   0.000000
1.619583   0.000000
1.624564   0.000000
1.629561   0.000000
1.634574   0.000000
1.639601   0.000000
1.644645   0.000000
1.649703   0.000000
1.654777   0.000000
1.659867   0.000000
1.664973   0.000000
1.670094   0.000000
1.675231   0.000000
1.680384   0.000000
1.685552   0.000000
1.690737   0.000000
1.695937   0.000000
1.701154   0.000000
1.706386   0.000000
1.711635   0.000000
1.716900   0.000000
1.722181   0.000000
1.727478   0.000000
1.732791   0.000000
1.738121   0.000000
1.743467   0.000000
1.748830   0.000000
1.754209   0.000000
1.759605   0.000000
1.765017   0.000000
1.770446   0.000000
1.775892   0.000000
1.781354   0.000000
1.786833   0.000000
1.792329   0.000000
1.797842   0.000000
1.803372   0.000000
1.808919   0.000000
1.814483   0.000000
1.820064   0.000000
1.825662   0.000000
1.831278   0.000000
1.836911   0.000000
1.842561   0.000000
1.848228   0.000000
1.853913   0.000000
1.859615   0.000000
1.865335   0.000000
1.871073   0.000000
1.876828   0.000000
1.882601   0.000000
1.888392   0.000000
1.894200   0.000000
1.900026   0.000000
1.905870   0.000000
1.911733   0.000000
1.917613   0.000000
1.923511   0.000000
1.929428   0.000000
1.935362   0.000000
1.941315   0.000000
1.947286   0.000000
1.953276   0.000000
1.959284   0.000000
1.965310   0.000000
1.971355   0.000000
1.977419   0.000001
1.983501   0.000001
1.989602   0.000001
1.995722   0.000001
2.001860   0.000001
2.008018   0.000001
2.014194   0.000001
2.020390   0.000001
2.026604   0.000001
2.032838   0.000001
2.039090   0.000001
2.045362   0.000001
2.051654   0.000001
2.057964   0.000001
2.064294   0.000001
2.070644   0.000001
2.077013   0.000001
2.083401   0.000001
2.089809   0.000001
2.096237   0.000001
2.102685   0.000001
2.109153   0.000001
2.115640   0.000001
2.122148   0.000001
2.128675   0.000001
2.135223   0.000001
2.141790   0.000001
2.148378   0.000001
2.154986   0.000001
2.161615   0.000001
2.168263   0.000001
2.174933   0.000001
2.181622   0.000001
2.188333   0.000001
2.195064   0.000001
2.201815   0.000001
2.208588   0.000001
2.215381   0.000001
2.222196   0.000001
2.229031   0.000001
2.235887   0.000001
2.242764   0.000001
2.249662   0.000001
2.256582   0.000001
2.263523   0.000001
2.270485   0.000001
2.277469   0.000001
2.284474   0.000001
2.291501   0.000001
2.298549   0.000001
2.305619   0.000001
2.312711   0.000001
2.319825   0.000001
2.326960   0.000001
2.334118   0.000001
2.341297   0.000001
2.348498   0.000001
2.355722   0.000001
2.362968   0.000001
2.370236   0.000001
2.377527   0.000002
2.384840   0.000002
2.392175   0.000002
2.399533   0.000002
2.406913   0.000002
2.414317   0.000002
2.421743   0.000002
2.429192   0.000002
2.436664   0.000002
2.444159   0.000002
2.451676   0.000002
2.459217   0.000002
2.466782   0.000002
2.474369   0.000002
2.481980   0.000002
2.489614   0.000002
2.497272   0.000002
2.504953   0.000002
2.512658   0.000002
2.520387   0.000002
2.528139   0.000002
2.535915   0.000002
2.543715   0.000002
2.551539   0.000002
2.559388   0.000002
2.567260   0.000002
2.575156   0.000002
2.583077   0.000002
2.591022   0.000003
2.598992   0.000003
2.606986   0.000003
2.615005   0.000003
2.623048   0.000003
2.631116   0.000003
2.639209   0.000003
2.647327   0.000003
2.655470   0.000003
2.663638   0.000003
2.671831   0.000003
2.680049   0.000003
2.688292   0.000003
2.696561   0.000003
2.704855   0.000003
2.713175   0.000003
2.721521   0.000003
2.729891   0.000003
2.738288   0.000003
2.746711   0.000004
2.755159   0.000004
2.763634   0.000004
2.772134   0.000004
2.780661   0.000004
2.789214   0.000004
2.797793   0.000004
2.806399   0.000004
2.815031   0.000004
2.823689   0.000004
2.832375   0.000004
2.841087   0.000004
2.849826   0.000004
2.858591   0.000004
2.867384   0.000005
2.876203   0.000005
2.885050   0.000005
2.893924   0.000005
2.902826   0.000005
2.911754   0.000005
2.920710   0.000005
2.929694   0.000005
2.938705   0.000005
2.947744   0.000005
2.956811   0.000005
2.965906   0.000006
2.975029   0.000006
2.984180   0.000006
2.993358   0.000006
3.002566   0.000006
3.011801   0.000006
3.021065   0.000006
3.030357   0.000006
3.039678   0.000006
3.049028   0.000006
3.058406   0.000007
3.067813   0.000007
3.077250   0.000007
3.086715   0.000007
3.096209   0.000007
3.105733   0.000007
3.115285   0.000007
3.124868   0.000007
3.134479   0.000008
3.144120   0.000008
3.153791   0.000008
3.163492   0.000008
3.173222   0.000008
3.182983   0.000008
3.192773   0.000008
3.202594   0.000009
3.212444   0.000009
3.222325   0.000009
3.232237   0.000009
3.242179   0.000009
3.252151   0.000009
3.262154   0.000010
3.272188   0.000010
3.282253   0.000010
3.292349   0.000010
3.302476   0.000010
3.312634   0.000010
3.322823   0.000011
3.333043   0.000011
3.343295   0.000011
3.353579   0.000011
3.363894   0.000011
3.374241   0.000012
3.384619   0.000012
3.395030   0.000012
3.405473   0.000012
3.415947   0.000012
3.426454   0.000013
3.436994   0.000013
3.447565   0.000013
3.458169   0.000013
3.468806   0.000014
3.479476   0.000014
3.490178   0.000014
3.500914   0.000014
3.511682   0.000015
3.522483   0.000015
3.533318   0.000015
3.544186   0.000015
3.555087   0.000016
3.566022   0.000016
3.576991   0.000016
3.587993   0.000016
3.599029   0.000017
3.610100   0.000017
3.621204   0.000017
3.632342   0.000018
3.643515   0.000018
3.654721   0.000018
3.665963   0.000019
3.677239   0.000019
3.688550   0.000019
3.699895   0.000019
3.711275   0.000020
3.722691   0.000020
3.734141   0.000021
3.745627   0.000021
3.757148   0.000021
3.768704   0.000022
3.780296   0.000022
3.791924   0.000022
3.803587   0.000023
3.815287   0.000023
3.827022   0.000024
3.838793   0.000024
3.850601   0.000024
3.862445   0.000025
3.874325   0.000025
3.886242   0.000026
3.898195   0.000026
3.910186   0.000027
3.922213   0.000027
3.934277   0.000027
3.946378   0.000028
3.958517   0.000028
3.970693   0.000029
3.982906   0.000029
3.995157   0.000030
4.007446   0.000030
4.019772   0.000031
4.032136   0.000031
4.044538   0.000032
4.056979   0.000033
4.069458   0.000033
4.081975   0.000034
4.094530   0.000034
4.107124   0.000035
4.119757   0.000035
4.132429   0.000036
4.145140   0.000037
4.157890   0.000037
4.170679   0.000038
4.183507   0.000039
4.196375   0.000039
4.209282   0.000040
4.222230   0.000041
4.235217   0.000041
4.248244   0.000042
4.261310   0.000043
4.274418   0.000043
4.287565   0.000044
4.300753   0.000045
4.313982   0.000046
4.327251   0.000047
4.340561   0.000047
4.353912   0.000048
4.367304   0.000049
4.380737   0.000050
4.394211   0.000051
4.407728   0.000051
4.421285   0.000052
4.434884   0.000053
4.448525   0.000054
4.462208   0.000055
4.475934   0.000056
4.489701   0.000057
4.503510   0.000058
4.517363   0.000059
4.531257   0.000060
4.545195   0.000061
4.559175   0.000062
4.573199   0.000063
4.587265   0.000064
4.601375   0.000065
4.615528   0.000066
4.629725   0.000067
4.643965   0.000068
4.658249   0.000070
4.672578   0.000071
4.686950   0.000072
4.701366   0.000073
4.715827   0.000074
4.730332   0.000076
4.744882   0.000077
4.759476   0.000078
4.774116   0.000079
4.788800   0.000081
4.803530   0.000082
4.818305   0.000084
4.833126   0.000085
4.847992   0.000086
4.862903   0.000088
4.877861   0.000089
4.892864   0.000091
4.907914   0.000092
4.923010   0.000094
4.938153   0.000095
4.953342   0.000097
4.968578   0.000099
4.983860   0.000100
4.999190   0.000102
5.014567   0.000104
5.029991   0.000105
5.045462   0.000107
5.060981   0.000109
5.076548   0.000111
5.092163   0.000112
5.107826   0.000114
5.123537   0.000116
5.139296   0.000118
5.155104   0.000120
5.170960   0.000122
5.186865   0.000124
5.202819   0.000126
5.218822   0.000128
5.234875   0.000130
5.250977   0.000132
5.267128   0.000135
5.283329   0.000137
5.299580   0.000139
5.315880   0.000141
5.332231   0.000144
5.348632   0.000146
5.365084   0.000148
5.381586   0.000151
5.398139   0.000153
5.414743   0.000156
5.431398   0.000158
5.448104   0.000161
5.464862   0.000164
5.481671   0.000166
5.498532   0.000169
5.515445   0.000172
5.532409   0.000175
5.549426   0.000177
5.566496   0.000180
5.583617   0.000183
5.600792   0.000186
5.618019   0.000189
5.635299   0.000192
5.652633   0.000195
5.670019   0.000198
5.687459   0.000202
5.704953   0.000205
5.722501   0.000208
5.740102   0.000212
5.757758   0.000215
5.775468   0.000218
5.793233   0.000222
5.811052   0.000225
5.828926   0.000229
5.846855   0.000233
5.864839   0.000236
5.882878   0.000240
5.900973   0.000244
5.919124   0.000248
5.937330   0.000252
5.955592   0.000255
5.973911   0.000259
5.992286   0.000264
6.010717   0.000268
6.029205   0.000272
6.047751   0.000276
6.066352   0.000280
6.085012   0.000285
6.103728   0.000289
6.122503   0.000293
6.141335   0.000298
6.160224   0.000302
6.179172   0.000307
6.198179   0.000312
6.217243   0.000316
6.236367   0.000321
6.255549   0.000326
6.274790   0.000331
6.294090   0.000336
6.313450   0.000340
6.332869   0.000345
6.352348   0.000350
6.371887   0.000356
6.391486   0.000361
6.411146   0.000366
6.430866   0.000371
6.450646   0.000376
6.470487   0.000382
6.490389   0.000387
6.510353   0.000392
6.530378   0.000398
6.550464   0.000403
6.570613   0.000409
6.590823   0.000414
6.611095   0.000420
6.631430   0.000425
6.651827   0.000431
6.672288   0.000437
6.692811   0.000442
6.713397   0.000448
6.734046   0.000454
6.754759   0.000459
6.775536   0.000465
6.796376   0.000471
6.817281   0.000477
6.838250   0.000483
6.859284   0.000488
6.880382   0.000494
6.901545   0.000500
6.922773   0.000506
6.944066   0.000512
6.965426   0.000518
6.986850   0.000524
7.008341   0.000530
7.029897   0.000535
7.051520   0.000541
7.073210   0.000547
7.094966   0.000553
7.116789   0.000559
7.138679   0.000565
7.160637   0.000571
7.182662   0.000577
7.204755   0.000583
7.226916   0.000589
7.249145   0.000595
7.271442   0.000601
7.293808   0.000607
7.316243   0.000613
7.338746   0.000618
7.361319   0.000624
7.383962   0.000630
7.406674   0.000636
7.429456   0.000642
7.452307   0.000648
7.475230   0.000654
7.498222   0.000660
7.521286   0.000666
7.544420   0.000672
7.567626   0.000678
7.590903   0.000684
7.614251   0.000689
7.637672   0.000695
7.661164   0.000701
7.684729   0.000707
7.708366   0.000713
7.732076   0.000719
7.755859   0.000725
7.779714   0.000731
7.803644   0.000737
7.827647   0.000743
7.851723   0.000749
7.875874   0.000755
7.900099   0.000760
7.924399   0.000766
7.948773   0.000772
7.973222   0.000778
7.997747   0.000784
8.022347   0.000790
8.047022   0.000796
8.071774   0.000802
8.096602   0.000808
8.121506   0.000814
8.146486   0.000820
8.171544   0.000826
8.196678   0.000832
8.221890   0.000838
8.247179   0.000844
8.272546   0.000850
8.297992   0.000856
8.323515   0.000862
8.349117   0.000868
8.374798   0.000874
8.400557   0.000880
8.426396   0.000886
8.452315   0.000892
8.478313   0.000898
8.504391   0.000904
8.530549   0.000910
8.556788   0.000916
8.583107   0.000923
8.609508   0.000929
8.635990   0.000935
8.662553   0.000941
8.689197   0.000947
8.715924   0.000954
8.742733   0.000960
8.769624   0.000966
8.796598   0.000972
8.823656   0.000978
8.850796   0.000985
8.878020   0.000991
8.905327   0.000997
8.932719   0.001004
8.960195   0.001010
8.987755   0.001016
9.015400   0.001023
9.043130   0.001029
9.070945   0.001036
9.098846   0.001042
9.126833   0.001048
9.154906   0.001055
9.183065   0.001061
9.211311   0.001068
9.239644   0.001074
9.268063   0.001081
9.296571   0.001088
9.325166   0.001094
9.353848   0.001101
9.382620   0.001107
9.411479   0.001114
9.440428   0.001121
9.469465   0.001128
9.498592   0.001134
9.527808   0.001141
9.557114   0.001148
9.586510   0.001155
9.615997   0.001162
9.645575   0.001169
9.675243   0.001176
9.705003   0.001183
9.734854   0.001190
9.764797   0.001197
9.794832   0.001204
9.824960   0.001211
9.855180   0.001218
9.885493   0.001225
9.915899   0.001232
9.946399   0.001240
9.976993   0.001247
10.007681   0.001254
10.038463   0.001262
10.069340   0.001269
10.100312   0.001276
10.131379   0.001284
10.162542   0.001292
10.193800   0.001299
10.225155   0.001307
10.256606   0.001314
10.288154   0.001322
10.319799   0.001330
10.351541   0.001338
10.383381   0.001346
10.415319   0.001353
10.447355   0.001361
10.479489   0.001369
10.511723   0.001377
10.544055   0.001386
10.576487   0.001394
10.609019   0.001402
10.641651   0.001410
10.674383   0.001419
10.707216   0.001427
10.740150   0.001435
10.773185   0.001444
10.806322   0.001452
10.839560   0.001461
10.872901   0.001470
10.906345   0.001478
10.939891   0.001487
10.973541   0.001496
11.007294   0.001505
11.041151   0.001514
11.075112   0.001523
11.109177   0.001532
11.143347   0.001541
11.177623   0.001550
11.212004   0.001560
11.246490   0.001569
11.281083   0.001578
11.315782   0.001588
11.350587   0.001598
11.385500   0.001607
11.420520   0.001617
11.455648   0.001627
11.490884   0.001637
11.526229   0.001646
11.561682   0.001656
11.597244   0.001667
11.632915   0.001677
11.668696   0.001687
11.704588   0.001697
11.740589   0.001708
11.776702   0.001718
11.812925   0.001729
11.849260   0.001739
11.885707   0.001750
11.922265   0.001761
11.958937   0.001772
11.995721   0.001783
12.032618   0.001794
12.069628   0.001805
12.106753   0.001816
12.143991   0.001828
12.181345   0.001839
12.218813   0.001851
12.256396   0.001862
12.294095   0.001874
12.331910   0.001886
12.369841   0.001898
12.407889   0.001910
12.446054   0.001922
12.484336   0.001934
12.522736   0.001947
12.561254   0.001959
12.599891   0.001971
12.638646   0.001984
12.677521   0.001997
12.716515   0.002010
12.755630   0.002023
12.794864   0.002036
12.834219   0.002049
12.873696   0.002062
12.913293   0.002076
12.953013   0.002089
12.992854   0.002103
13.032818   0.002117
13.072906   0.002131
13.113116   0.002145
13.153450   0.002159
13.193908   0.002173
13.234491   0.002187
13.275198   0.002202
13.316031   0.002216
13.356989   0.002231
13.398073   0.002246
13.439284   0.002261
13.480621   0.002276
13.522086   0.002292
13.563678   0.002307
13.605398   0.002323
13.647246   0.002338
13.689223   0.002354
13.731329   0.002370
13.773565   0.002386
13.815930   0.002402
13.858426   0.002419
13.901052   0.002435
13.943810   0.002452
13.986699   0.002469
14.029720   0.002485
14.072874   0.002502
14.116160   0.002520
14.159579   0.002537
14.203132   0.002554
14.246819   0.002572
14.290640   0.002589
14.334596   0.002607
14.378687   0.002624
14.422914   0.002642
14.467277   0.002659
14.511776   0.002676
14.556412   0.002692
14.601186   0.002708
14.646097   0.002722
14.691146   0.002733
14.736334   0.002739
14.781661   0.002731
14.827127   0.002531
14.872734   0.001788
14.918480   0.001382
14.964367   0.001463
15.010395   0.002007
15.056565   0.002696
15.102877   0.002845
15.149331   0.002911
15.195929   0.002955
15.242669   0.002989
15.289553   0.003018
15.336582   0.003046
15.383755   0.003072
15.431073   0.003097
15.478537   0.003122
15.526147   0.003147
15.573903   0.003172
15.621806   0.003197
15.669857   0.003222
15.718055   0.003247
15.766401   0.003272
15.814897   0.003297
15.863541   0.003323
15.912335   0.003348
15.961279   0.003374
16.010374   0.003400
16.059619   0.003427
16.109016   0.003454
16.158565   0.003480
16.208267   0.003508
16.258121   0.003535
16.308129   0.003563
16.358290   0.003591
16.408606   0.003619
16.459077   0.003647
16.509702   0.003676
16.560484   0.003705
16.611422   0.003734
16.662516   0.003764
16.713768   0.003794
16.765177   0.003824
16.816744   0.003855
16.868470   0.003886
16.920355   0.003917
16.972400   0.003948
17.024604   0.003980
17.076970   0.004012
17.129496   0.004045
17.182184   0.004078
17.235034   0.004111
17.288046   0.004144
17.341222   0.004178
17.394561   0.004212
17.448064   0.004247
17.501732   0.004282
17.555565   0.004317
17.609563   0.004353
17.663728   0.004389
17.718059   0.004425
17.772557   0.004462
17.827223   0.004499
17.882057   0.004536
17.937060   0.004574
17.992231   0.004613
18.047573   0.004651
18.103085   0.004690
18.158767   0.004730
18.214621   0.004770
18.270647   0.004810
18.326845   0.004850
18.383215   0.004891
18.439759   0.004933
18.496478   0.004975
18.553370   0.005017
18.610438   0.005060
18.667681   0.005103
18.725100   0.005147
18.782696   0.005191
18.840468   0.005235
18.898419   0.005280
18.956548   0.005325
19.014856   0.005371
19.073343   0.005417
19.132009   0.005464
19.190857   0.005511
19.249885   0.005558
19.309095   0.005606
19.368487   0.005654
19.428062   0.005703
19.487820   0.005752
19.547762   0.005802
19.607888   0.005852
19.668199   0.005902
19.728695   0.005952
19.789378   0.006003
19.850247   0.006055
19.911304   0.006106
19.972548   0.006158
20.033981   0.006209
20.095603   0.006261
20.157414   0.006313
20.219415   0.006364
20.281607   0.006415
20.343991   0.006465
20.406566   0.006514
20.469333   0.006562
20.532294   0.006606
20.595449   0.006646
20.658797   0.006680
20.722341   0.006702
20.786080   0.006705
20.850015   0.006670
20.914147   0.006546
20.978475   0.006277
21.043002   0.005479
21.107728   0.003949
21.172652   0.003264
21.237776   0.003380
21.303100   0.004514
21.368626   0.006612
21.434353   0.007167
21.500282   0.007365
21.566413   0.007503
21.632749   0.007616
21.699288   0.007714
21.766032   0.007803
21.832981   0.007886
21.900136   0.007966
21.967498   0.008043
22.035067   0.008118
22.102844   0.008192
22.170829   0.008266
22.239023   0.008339
22.307427   0.008411
22.376042   0.008483
22.444867   0.008556
22.513904   0.008628
22.583154   0.008700
22.652617   0.008771
22.722293   0.008843
22.792183   0.008915
22.862289   0.008987
22.932610   0.009059
23.003147   0.009131
23.073902   0.009203
23.144874   0.009275
23.216064   0.009346
23.287474   0.009418
23.359102   0.009490
23.430952   0.009561
23.503022   0.009633
23.575314   0.009704
23.647828   0.009775
23.720566   0.009846
23.793527   0.009917
23.866712   0.009987
23.940123   0.010058
24.013759   0.010128
24.087622   0.010197
24.161712   0.010267
24.236030   0.010336
24.310577   0.010405
24.385353   0.010473
24.460359   0.010542
24.535595   0.010609
24.611063   0.010677
24.686763   0.010744
24.762696   0.010810
24.838863   0.010876
24.915264   0.010942
24.991900   0.011007
25.068771   0.011072
25.145879   0.011136
25.223224   0.011200
25.300807   0.011263
25.378629   0.011326
25.456690   0.011388
25.534991   0.011450
25.613533   0.011512
25.692317   0.011572
25.771343   0.011633
25.850612   0.011693
25.930124   0.011752
26.009882   0.011811
26.089885   0.011870
26.170133   0.011928
26.250629   0.011986
26.331372   0.012043
26.412364   0.012100
26.493604   0.012157
26.575095   0.012213
26.656836   0.012269
26.738829   0.012324
26.821074   0.012380
26.903571   0.012435
26.986323   0.012489
27.069329   0.012544
27.152591   0.012598
27.236108   0.012652
27.319882   0.012706
27.403915   0.012759
27.488205   0.012813
27.572755   0.012866
27.657565   0.012920
27.742636   0.012973
27.827968   0.013027
27.913563   0.013080
27.999421   0.013134
28.085543   0.013187
28.171930   0.013241
28.258583   0.013295
28.345503   0.013349
28.432689   0.013403
28.520144   0.013458
28.607868   0.013513
28.695862   0.013568
28.784126   0.013624
28.872662   0.013680
28.961470   0.013736
29.050552   0.013793
29.139907   0.013851
29.229537   0.013909
29.319443   0.013967
29.409626   0.014027
29.500085   0.014087
29.590824   0.014147
29.681841   0.014209
29.773138   0.014271
29.864716   0.014335
29.956575   0.014399
30.048718   0.014464
30.141143   0.014530
30.233853   0.014597
30.326848   0.014665
30.420129   0.014735
30.513697   0.014805
30.607553   0.014877
30.701697   0.014950
30.796131   0.015024
30.890856   0.015100
30.985872   0.015177
31.081180   0.015256
31.176781   0.015336
31.272677   0.015417
31.368867   0.015500
31.465353   0.015585
31.562136   0.015671
31.659217   0.015759
31.756596   0.015849
31.854275   0.015940
31.952254   0.016034
32.050535   0.016129
32.149118   0.016226
32.248004   0.016325
32.347194   0.016426
32.446689   0.016529
32.546491   0.016634
32.646599   0.016741
32.747015   0.016850
32.847741   0.016961
32.948776   0.017075
33.050121   0.017191
33.151779   0.017309
33.253749   0.017429
33.356033   0.017551
33.458631   0.017676
33.561545   0.017804
33.664776   0.017933
33.768324   0.018065
33.872190   0.018200
33.976376   0.018337
34.080883   0.018476
34.185711   0.018618
34.290861   0.018763
34.396335   0.018910
34.502133   0.019060
34.608257   0.019212
34.714707   0.019367
34.821485   0.019525
34.928590   0.019685
35.036026   0.019849
35.143792   0.020014
35.251889   0.020183
35.360319   0.020354
35.469082   0.020529
35.578180   0.020706
35.687613   0.020885
35.797383   0.021068
35.907491   0.021254
36.017937   0.021442
36.128724   0.021633
36.239850   0.021828
36.351319   0.022025
36.463130   0.022225
36.575286   0.022428
36.687786   0.022634
36.800633   0.022843
36.913826   0.023055
37.027368   0.023270
37.141259   0.023488
37.255500   0.023709
37.370093   0.023933
37.485038   0.024160
37.600336   0.024390
37.715990   0.024624
37.831999   0.024860
37.948365   0.025100
38.065088   0.025342
38.182171   0.025588
38.299614   0.025837
38.417418   0.026089
38.535585   0.026344
38.654115   0.026603
38.773009   0.026865
38.892270   0.027129
39.011897   0.027397
39.131892   0.027669
39.252256   0.027943
39.372990   0.028221
39.494096   0.028502
39.615574   0.028786
39.737426   0.029074
39.859653   0.029364
39.982255   0.029659
40.105235   0.029956
40.228593   0.030257
40.352331   0.030561
40.476449   0.030868
40.600948   0.031179
40.725831   0.031493
40.851098   0.031810
40.976750   0.032131
41.102789   0.032455
41.229215   0.032783
41.356030   0.033114
41.483236   0.033448
41.610832   0.033786
41.738821   0.034127
41.867204   0.034472
41.995982   0.034820
42.125155   0.035171
42.254726   0.035527
42.384696   0.035885
42.515065   0.036247
42.645835   0.036613
42.777008   0.036982
42.908584   0.037354
43.040565   0.037731
43.172951   0.038110
43.305745   0.038494
43.438947   0.038880
43.572559   0.039271
43.706582   0.039665
43.841018   0.040063
43.975866   0.040464
44.111130   0.040869
44.246810   0.041277
44.382906   0.041689
44.519422   0.042105
44.656357   0.042525
44.793714   0.042948
44.931493   0.043374
45.069696   0.043805
45.208324   0.044238
45.347378   0.044671
45.486860   0.045104
45.626772   0.045549
45.767113   0.046001
45.907886   0.046458
46.049092   0.046918
46.190733   0.047383
46.332809   0.047850
46.475322   0.048319
46.618273   0.048792
46.761665   0.049269
46.905497   0.049749
47.049772   0.050233
47.194490   0.050721
47.339654   0.051213
47.485264   0.051709
47.631321   0.052209
47.777829   0.052713
47.924786   0.053221
48.072196   0.053733
48.220060   0.054249
48.368378   0.054769
48.517152   0.055293
48.666384   0.055821
48.816075   0.056353
48.966226   0.056890
49.116839   0.057430
49.267916   0.057975
49.419457   0.058524
49.571464   0.059077
49.723939   0.059634
49.876882   0.060195
50.030297   0.060761
50.184183   0.061331
50.338542   0.061905
50.493376   0.062483
50.648687   0.063066
50.804475   0.063653
50.960742   0.064245
51.117490   0.064841
51.274720   0.065441
51.432434   0.066046
51.590633   0.066655
51.749319   0.067269
51.908492   0.067887
52.068155   0.068509
52.228309   0.069137
52.388956   0.069768
52.550097   0.070404
52.711734   0.071045
52.873868   0.071691
53.036500   0.072341
53.199633   0.072996
53.363268   0.073655
53.527405   0.074319
53.692048   0.074988
53.857197   0.075662
54.022854   0.076341
54.189021   0.077024
54.355699   0.077712
54.522889   0.078405
54.690594   0.079103
54.858814   0.079806
55.027552   0.080514
55.196809   0.081226
55.366587   0.081944
55.536886   0.082667
55.707710   0.083395
55.879059   0.084128
56.050935   0.084866
56.223340   0.085609
56.396275   0.086358
56.569742   0.087111
56.743742   0.087870
56.918278   0.088634
57.093350   0.089404
57.268961   0.090178
57.445113   0.090958
57.621806   0.091744
57.799042   0.092535
57.976824   0.093331
58.155152   0.094133
58.334029   0.094941
58.513456   0.095754
58.693435   0.096572
58.873968   0.097396
59.055056   0.098226
59.236701   0.099062
59.418905   0.099903
59.601669   0.100750
59.784995   0.101603
59.968885   0.102462
60.153341   0.103326
60.338364   0.104197
60.523956   0.105073
60.710119   0.105956
60.896855   0.106844
61.084165   0.107739
61.272051   0.108639
61.460516   0.109546
61.649559   0.110459
61.839185   0.111379
62.029393   0.112304
62.220187   0.113236
62.411567   0.114174
62.603536   0.115119
62.796096   0.116070
62.989248   0.117027
63.182994   0.117991
63.377336   0.118962
63.572275   0.119939
63.767815   0.120923
63.963955   0.121913
64.160699   0.122911
64.358049   0.123915
64.556005   0.124926
64.754570   0.125943
64.953746   0.126968
65.153534   0.128000
65.353937   0.129039
65.554957   0.130084
65.756594   0.131137
65.958852   0.132197
66.161732   0.133265
66.365237   0.134339
66.569367   0.135421
66.774125   0.136510
66.979512   0.137607
67.185532   0.138711
67.392185   0.139822
67.599474   0.140942
67.807400   0.142068
68.015966   0.143203
68.225173   0.144345
68.435024   0.145495
68.645521   0.146653
68.856665   0.147818
69.068458   0.148992
69.280903   0.150174
69.494001   0.151363
69.707755   0.152561
69.922166   0.153767
70.137236   0.154981
70.352969   0.156204
70.569364   0.157434
70.786426   0.158674
71.004155   0.159921
71.222553   0.161177
71.441624   0.162442
71.661368   0.163715
71.881788   0.164997
72.102886   0.166288
72.324665   0.167588
72.547125   0.168896
72.770270   0.170214
72.994101   0.171540
73.218620   0.172876
73.443830   0.174220
73.669733   0.175574
73.896331   0.176937
74.123625   0.178309
74.351619   0.179691
74.580314   0.181082
74.809713   0.182483
75.039817   0.183893
75.270628   0.185313
75.502150   0.186743
75.734384   0.188182
75.967332   0.189632
76.200997   0.191091
76.435380   0.192560
76.670485   0.194040
76.906312   0.195529
77.142865   0.197029
77.380146   0.198539
77.618156   0.200059
77.856898   0.201590
78.096375   0.203131
78.336589   0.204683
78.577541   0.206245
78.819234   0.207818
79.061671   0.209402
79.304853   0.210997
79.548784   0.212603
79.793465   0.214219
80.038898   0.215847
80.285086   0.217486
80.532032   0.219137
80.779737   0.220798
81.028204   0.222471
81.277435   0.224156
81.527433   0.225852
81.778200   0.227560
82.029738   0.229279
82.282050   0.231010
82.535138   0.232754
82.789004   0.234509
83.043651   0.236276
83.299082   0.238056
83.555298   0.239847
83.812302   0.241651
84.070097   0.243468
84.328684   0.245296
84.588067   0.247138
84.848248   0.248992
85.109230   0.250859
85.371013   0.252739
85.633603   0.254631
85.896999   0.256537
86.161206   0.258456
86.426226   0.260388
86.692061   0.262333
86.958713   0.264292
87.226186   0.266264
87.494481   0.268250
87.763602   0.270249
88.033550   0.272262
88.304329   0.274289
88.575940   0.276330
88.848387   0.278385
89.121672   0.280455
89.395798   0.282538
89.670767   0.284636
89.946581   0.286748
90.223244   0.288875
90.500758   0.291016
90.779126   0.293172
91.058349   0.295343
91.338432   0.297529
91.619376   0.299730
91.901184   0.301946
92.183859   0.304178
92.467404   0.306425
92.751820   0.308687
93.037112   0.310965
93.323280   0.313258
93.610330   0.315567
93.898262   0.317892
94.187079   0.320233
94.476786   0.322591
94.767383   0.324964
95.058874   0.327354
95.351261   0.329760
95.644548   0.332183
95.938737   0.334622
96.233831   0.337079
96.529833   0.339552
96.826745   0.342042
97.124570   0.344549
97.423312   0.347074
97.722972   0.349615
98.023554   0.352175
98.325060   0.354752
98.627494   0.357346
98.930858   0.359959
99.235156   0.362589
99.540389   0.365238
99.846561   0.367904
100.153670   0.370589
100.461730   0.373293
100.770740   0.376015
101.080700   0.378755
101.391610   0.381515
101.703470   0.384293
102.016300   0.387091
102.330080   0.389907
102.644840   0.392743
102.960560   0.395599
103.277250   0.398474
103.594920   0.401369
103.913560   0.404283
104.233180   0.407218
104.553790   0.410172
104.875380   0.413147
105.197960   0.416142
105.521540   0.419158
105.846110   0.422195
106.171680   0.425252
106.498240   0.428330
106.825820   0.431429
107.154400   0.434550
107.483990   0.437692
107.814600   0.440855
108.146220   0.444040
108.478860   0.447246
108.812530   0.450475
109.147220   0.453726
109.482940   0.456999
109.819690   0.460294
110.157480   0.463611
110.496310   0.466952
110.836180   0.470315
111.177100   0.473701
111.519060   0.477110
111.862080   0.480543
112.206150   0.483998
112.551280   0.487478
112.897470   0.490981
113.244730   0.494508
113.593060   0.498059
113.942450   0.501634
114.292920   0.505233
114.644470   0.508857
114.997100   0.512506
115.350820   0.516179
115.705620   0.519878
116.061510   0.523601
116.418500   0.527350
116.776590   0.531124
117.135780   0.534924
117.496070   0.538750
117.857470   0.542601
118.219980   0.546479
118.583610   0.550383
118.948360   0.554314
119.314230   0.558271
119.681220   0.562255
120.049340   0.566266
120.418600   0.570304
120.788990   0.574369
121.160520   0.578462
121.533190   0.582582
121.907010   0.586731
122.281980   0.590907
122.658100   0.595112
123.035380   0.599345
123.413820   0.603606
123.793420   0.607897
124.174190   0.612216
124.556130   0.616564
124.939250   0.620942
125.323550   0.625349
125.709020   0.629786
126.095690   0.634253
126.483540   0.638750
126.872590   0.643277
127.262830   0.647834
127.654270   0.652422
128.046920   0.657041
128.440770   0.661691
128.835840   0.666372
129.232120   0.671085
129.629620   0.675829
130.028340   0.680605
130.428290   0.685412
130.829470   0.690253
131.231880   0.695125
131.635530   0.700030
132.040420   0.704968
132.446560   0.709939
132.853950   0.714943
133.262590   0.719981
133.672480   0.725052
134.083640   0.730157
134.496060   0.735296
134.909750   0.740469
135.324720   0.745677
135.740960   0.750919
136.158480   0.756196
136.577280   0.761509
136.997370   0.766857
137.418760   0.772240
137.841440   0.777659
138.265420   0.783114
138.690700   0.788605
139.117300   0.794133
139.545200   0.799697
139.974420   0.805298
140.404960   0.810937
140.836830   0.816612
141.270020   0.822325
141.704550   0.828076
142.140410   0.833865
142.577620   0.839692
143.016170   0.845558
143.456060   0.851462
143.897310   0.857405
144.339920   0.863388
144.783890   0.869409
145.229220   0.875471
145.675930   0.881572
146.124010   0.887713
146.573460   0.893895
147.024300   0.900117
147.476530   0.906381
147.930150   0.912685
148.385160   0.919031
148.841570   0.925418
149.299390   0.931847
149.758610   0.938318
150.219250   0.944831
150.681300   0.951387
151.144770   0.957986
151.609670   0.964628
152.076000   0.971313
152.543770   0.978042
153.012970   0.984814
153.483620   0.991631
153.955710   0.998492
154.429260   1.005397
154.904260   1.012348
155.380720   1.019343
155.858650   1.026385
156.338050   1.033471
156.818920   1.040604
157.301280   1.047783
157.785110   1.055008
158.270440   1.062280
158.757250   1.069599
159.245570   1.076965
159.735390   1.084379
160.226710   1.091841
160.719540   1.099350
161.213890   1.106908
161.709760   1.114515
162.207160   1.122171
162.706090   1.129876
163.206550   1.137630
163.708550   1.145434
164.212090   1.153288
164.717190   1.161193
165.223830   1.169148
165.732040   1.177154
166.241810   1.185211
166.753140   1.193320
167.266050   1.201480
167.780540   1.209692
168.296610   1.217957
168.814260   1.226275
169.333510   1.234645
169.854360   1.243069
170.376810   1.251546
170.900860   1.260077
171.426530   1.268662
171.953810   1.277301
172.482720   1.285995
173.013250   1.294744
173.545410   1.303549
174.079210   1.312409
174.614660   1.321325
175.151750   1.330297
175.690490   1.339326
176.230890   1.348412
176.772950   1.357555
177.316680   1.366755
177.862080   1.376013
178.409160   1.385329
178.957920   1.394704
179.508370   1.404137
180.060510   1.413629
180.614350   1.423181
181.169890   1.432792
181.727150   1.442464
182.286110   1.452195
182.846800   1.461987
183.409210   1.471841
183.973350   1.481755
184.539230   1.491731
185.106840   1.501769
185.676210   1.511869
186.247320   1.522032
186.820190   1.532258
187.394820   1.542547
187.971220   1.552899
188.549390   1.563315
189.129350   1.573796
189.711080   1.584341
190.294600   1.594951
190.879920   1.605626
191.467040   1.616367
192.055970   1.627174
192.646710   1.638047
193.239260   1.648986
193.833640   1.659993
194.429840   1.671066
195.027880   1.682208
195.627760   1.693417
196.229480   1.704694
196.833050   1.716040
197.438490   1.727455
198.045780   1.738940
198.654940   1.750494
199.265970   1.762118
199.878890   1.773812
200.493690   1.785577
201.110380   1.797413
201.728960   1.809321
202.349450   1.821300
202.971850   1.833351
203.596160   1.845475
204.222400   1.857672
204.850560   1.869941
205.480650   1.882285
206.112680   1.894702
206.746650   1.907193
207.382570   1.919759
208.020450   1.932400
208.660290   1.945116
209.302100   1.957908
209.945890   1.970776
210.591650   1.983720
211.239400   1.996742
211.889140   2.009840
212.540880   2.023015
213.194630   2.036269
213.850390   2.049601
214.508160   2.063011
215.167960   2.076500
215.829780   2.090068
216.493640   2.103717
217.159550   2.117445
217.827500   2.131253
218.497500   2.145143
219.169570   2.159113
219.843710   2.173165
220.519910   2.187299
221.198200   2.201515
221.878580   2.215814
222.561040   2.230195
223.245610   2.244661
223.932280   2.259209
224.621070   2.273842
225.311970   2.288560
226.005000   2.303362
226.700160   2.318250
227.397450   2.333222
228.096890   2.348281
228.798490   2.363427
229.502240   2.378659
230.208160   2.393978
230.916240   2.409385
231.626510   2.424879
232.338960   2.440462
233.053600   2.456133
233.770440   2.471894
234.489490   2.487743
235.210740   2.503683
235.934220   2.519712
236.659920   2.535832
237.387850   2.552043
238.118020   2.568345
238.850440   2.584739
239.585110   2.601225
240.322040   2.617803
241.061230   2.634473
241.802700   2.651237
242.546460   2.668095
243.292490   2.685046
244.040830   2.702092
244.791460   2.719232
245.544410   2.736468
246.299670   2.753798
247.057250   2.771225
247.817160   2.788747
248.579410   2.806366
249.344010   2.824083
250.110950   2.841896
250.880260   2.859807
251.651930   2.877816
252.425980   2.895923
253.202400   2.914130
253.981220   2.932435
254.762430   2.950840
255.546040   2.969345
256.332060   2.987950
257.120500   3.006656
257.911370   3.025463
258.704670   3.044372
259.500410   3.063382
260.298590   3.082494
261.099240   3.101709
261.902340   3.121027
262.707920   3.140448
263.515970   3.159973
264.326500   3.179601
265.139540   3.199335
265.955070   3.219173
266.773110   3.239116
267.593660   3.259165
268.416740   3.279319
269.242360   3.299580
270.070510   3.319948
270.901210   3.340422
271.734460   3.361004
272.570280   3.381694
273.408660   3.402491
274.249630   3.423398
275.093180   3.444413
275.939330   3.465537
276.788080   3.486771
277.639440   3.508114
278.493420   3.529568
279.350030   3.551133
280.209270   3.572808
281.071150   3.594595
281.935690   3.616494
282.802880   3.638505
283.672740   3.660628
284.545280   3.682864
285.420500   3.705213
286.298410   3.727675
287.179030   3.750252
288.062350   3.772943
288.948390   3.795748
289.837150   3.818668
290.728650   3.841703
291.622890   3.864854
292.519880   3.888121
293.419630   3.911504
294.322150   3.935004
295.227440   3.958620
296.135520   3.982354
297.046390   4.006206
297.960060   4.030176
298.876540   4.054264
299.795840   4.078470
300.717970   4.102796
301.642940   4.127241
302.570750   4.151806
303.501420   4.176491
304.434940   4.201296
305.371340   4.226221
306.310620   4.251268
307.252790   4.276436
308.197850   4.301726
309.145830   4.327138
310.096720   4.352671
311.050530   4.378328
312.007280   4.404107
312.966970   4.430010
313.929610   4.456036
314.895210   4.482186
315.863780   4.508461
316.835340   4.534860
317.809880   4.561383
318.787410   4.588032
319.767960   4.614806
320.751520   4.641706
321.738110   4.668732
322.727730   4.695884
323.720390   4.723163
324.716110   4.750569
325.714890   4.778102
326.716740   4.805762
327.721680   4.833550
328.729700   4.861467
329.740830   4.889511
330.755060   4.917685
331.772420   4.945987
332.792900   4.974419
333.816530   5.002980
334.843300   5.031670
335.873230   5.060491
336.906330   5.089443
337.942610   5.118524
338.982070   5.147737
340.024730   5.177081
341.070600   5.206556
342.119680   5.236162
343.171990   5.265900
344.227540   5.295771
345.286340   5.325774
346.348390   5.355910
347.413710   5.386178
348.482300   5.416579
349.554180   5.447114
350.629360   5.477782
351.707850   5.508585
352.789650   5.539520
353.874780   5.570590
354.963250   5.601795
356.055070   5.633134
357.150240   5.664607
358.248790   5.696216
359.350710   5.727960
360.456020   5.759838
361.564730   5.791852
362.676850   5.824002
363.792400   5.856288
364.911370   5.888709
366.033790   5.921265
367.159650   5.953958
368.288980   5.986786
369.421790   6.019751
370.558080   6.052852
371.697860   6.086088
372.841150   6.119460
373.987960   6.152968
375.138290   6.186611
376.292160   6.220390
377.449590   6.254304
378.610570   6.288353
379.775120   6.322535
380.943250   6.356852
382.114980   6.391302
383.290310   6.425883
384.469260   6.460597
385.651830   6.495440
386.838040   6.530411
388.027900   6.565509
389.221420   6.600732
390.418610   6.636076
391.619480   6.671538
392.824050   6.707115
394.032320   6.742800
395.244310   6.778588
396.460020   6.814469
397.679480   6.850433
398.902680   6.886464
400.129650   6.922545
401.360390   6.958650
402.594920   6.994744
403.833240   7.030778
405.075380   7.066683
406.321330   7.102356
407.571120   7.137641
408.824750   7.172292
410.082240   7.205901
411.343590   7.237752
412.608830   7.266494
413.877950   7.289319
415.150980   7.299588
416.427930   7.278344
417.708800   7.152708
418.993610   6.442735
420.282380   0.435663
421.575110   6.643720
422.871810   7.339332
424.172510   7.527410
425.477200   7.621574
426.785910   7.687003
428.098640   7.740934
429.415410   7.789453
430.736230   7.835139
432.061110   7.879238
433.390070   7.922406
434.723120   7.965019
436.060270   8.007302
437.401530   8.049397
438.746910   8.091398
440.096430   8.133367
441.450110   8.175351
442.807950   8.217380
444.169960   8.259476
445.536160   8.301658
446.906570   8.343938
448.281190   8.386327
449.660040   8.428831
451.043130   8.471458
452.430470   8.514211
453.822090   8.557096
455.217980   8.600115
456.618160   8.643270
458.022660   8.686566
459.431470   8.730002
460.844620   8.773581
462.262110   8.817304
463.683960   8.861172
465.110190   8.905186
466.540800   8.949347
467.975810   8.993656
469.415240   9.038114
470.859100   9.082721
472.307390   9.127477
473.760140   9.172383
475.217360   9.217440
476.679060   9.262649
478.145260   9.308009
479.615970   9.353520
481.091200   9.399184
482.570960   9.445000
484.055280   9.490969
485.544170   9.537091
487.037630   9.583366
488.535690   9.629795
490.038360   9.676377
491.545650   9.723114
493.057570   9.770005
494.574150   9.817050
496.095390   9.864250
497.621310   9.911605
499.151920   9.959114
500.687240   10.006780
502.227280   10.054600
503.772060   10.102576
505.321590   10.150708
506.875890   10.198996
508.434970   10.247441
509.998840   10.296041
511.567530   10.344798
513.141030   10.393712
514.719380   10.442783
516.302590   10.492011
517.890660   10.541395
519.483620   10.590938
521.081480   10.640638
522.684250   10.690496
524.291950   10.740511
525.904600   10.790685
527.522210   10.841018
529.144790   10.891508
530.772360   10.942157
532.404950   10.992965
534.042550   11.043932
535.685190   11.095058
537.332880   11.146343
538.985640   11.197788
540.643480   11.249392
542.306420   11.301155
543.974480   11.353080
545.647670   11.405164
547.326000   11.457408
549.009500   11.509814
550.698180   11.562379
552.392050   11.615106
554.091120   11.667993
555.795430   11.721042
557.504980   11.774253
559.219780   11.827624
560.939860   11.881157
562.665240   11.934853
564.395910   11.988711
566.131920   12.042731
567.873260   12.096913
569.619950   12.151258
571.372020   12.205766
573.129480   12.260438
574.892350   12.315272
576.660640   12.370270
578.434360   12.425431
580.213540   12.480757
581.998200   12.536246
583.788340   12.591900
585.583990   12.647718
587.385170   12.703701
589.191880   12.759849
591.004150   12.816162
592.821990   12.872640
594.645430   12.929284
596.474480   12.986094
598.309150   13.043069
600.149460   13.100211
601.995430   13.157519
603.847090   13.214994
605.704430   13.272634
607.567500   13.330444
609.436290   13.388419
611.310830   13.446563
613.191130   13.504874
615.077220   13.563353
616.969110   13.622000
618.866820   13.680816
620.770370   13.739801
622.679770   13.798954
624.595040   13.858277
626.516210   13.917769
628.443280   13.977431
630.376290   14.037263
632.315230   14.097264
634.260140   14.157437
636.211040   14.217780
638.167930   14.278294
640.130850   14.338980
642.099800   14.399837
644.074810   14.460866
646.055890   14.522066
648.043070   14.583440
650.036350   14.644985
652.035770   14.706704
654.041340   14.768596
656.053080   14.830661
658.071010   14.892900
660.095140   14.955313
662.125500   15.017900
664.162100   15.080662
666.204970   15.143599
668.254120   15.206711
670.309580   15.269999
672.371360   15.333463
674.439470   15.397102
676.513950   15.460918
678.594810   15.524911
680.682080   15.589081
682.775760   15.653428
684.875880   15.717953
686.982460   15.782656
689.095520   15.847537
691.215080   15.912597
693.341160   15.977836
695.473780   16.043255
697.612960   16.108853
699.758720   16.174631
701.911070   16.240590
704.070050   16.306729
706.235670   16.373049
708.407950   16.439551
710.586910   16.506234
712.772580   16.573101
714.964970   16.640149
717.164100   16.707380
719.369990   16.774794
721.582670   16.842392
723.802160   16.910174
726.028470   16.978141
728.261630   17.046292
730.501660   17.114628
732.748580   17.183150
735.002410   17.251857
737.263170   17.320751
739.530890   17.389832
741.805580   17.459099
744.087270   17.528554
746.375980   17.598197
748.671720   17.668028
750.974530   17.738048
753.284420   17.808257
755.601420   17.878656
757.925540   17.949244
760.256810   18.020022
762.595250   18.090991
764.940890   18.162152
767.293740   18.233504
769.653820   18.305047
772.021170   18.376783
774.395800   18.448712
776.777730   18.520834
779.166990   18.593149
781.563590   18.665658
783.967570   18.738362
786.378950   18.811261
788.797740   18.884354
791.223970   18.957642
793.657660   19.031126
796.098840   19.104806
798.547520   19.178681
801.003740   19.252752
803.467520   19.327019
805.938870   19.401481
808.417820   19.476137
810.904400   19.550987
813.398630   19.626028
815.900520   19.701255
818.410120   19.776665
820.927430   19.852245
823.452490   19.927976
825.985310   20.003819
828.525920   20.079691
831.074350   20.155378
833.630620   20.230201
836.194750   20.300914
838.766760   20.324967
841.346690   20.226832
843.934560   20.527985
846.530380   20.616002
849.134190   20.696478
851.746000   20.775618
854.365850   20.854463
856.993760   20.933307
859.629750   21.012257
862.273850   21.091360
864.926080   21.170641
867.586470   21.250112
870.255040   21.329782
872.931820   21.409655
875.616840   21.489735
878.310110   21.570023
881.011670   21.650523
883.721540   21.731236
886.439740   21.812162
889.166300   21.893303
891.901250   21.974659
894.644610   22.056232
897.396410   22.138023
900.156670   22.220031
902.925430   22.302260
905.702700   22.384706
908.488510   22.467374
911.282890   22.550262
914.085870   22.633372
916.897470   22.716705
919.717710   22.800260
922.546640   22.884040
925.384260   22.968043
928.230610   23.052271
931.085710   23.136725
933.949600   23.221405
936.822300   23.306313
939.703830   23.391447
942.594230   23.476811
945.493510   23.562403
948.401720   23.648225
951.318860   23.734276
954.244990   23.820560
957.180110   23.907075
960.124260   23.993822
963.077460   24.080802
966.039750   24.168016
969.011150   24.255464
971.991690   24.343148
974.981400   24.431067
977.980310   24.519223
980.988440   24.607617
984.005820   24.696248
987.032480   24.785117
990.068450   24.874226
993.113760   24.963575
996.168440   25.053165
999.232510   25.142997
1002.306000   25.233070
1005.389000   25.323389
1008.481400   25.413948
1011.583300   25.504751
1014.694800   25.595801
1017.815900   25.687100
1020.946500   25.778639
1024.086800   25.870430
1027.236800   25.962472
1030.396400   26.054757
1033.565800   26.147297
1036.744900   26.240084
1039.933700   26.333119
1043.132400   26.426410
1046.341000   26.519958
1049.559400   26.613755
1052.787600   26.707802
1056.025900   26.802112
1059.274100   26.896676
1062.532200   26.991491
1065.800400   27.086568
1069.078700   27.181906
1072.367000   27.277498
1075.665500   27.373355
1078.974100   27.469470
1082.292800   27.565843
1085.621800   27.662483
1088.961000   27.759384
1092.310500   27.856551
1095.670300   27.953982
1099.040400   28.051677
1102.420900   28.149640
1105.811800   28.247871
1109.213100   28.346369
1112.624900   28.445137
1116.047200   28.544176
1119.480000   28.643484
1122.923400   28.743065
1126.377300   28.842915
1129.841900   28.943041
1133.317100   29.043439
1136.803000   29.144112
1140.299700   29.245065
1143.807100   29.346292
1147.325300   29.447797
1150.854300   29.549580
1154.394200   29.651644
1157.944900   29.753984
1161.506600   29.856609
1165.079200   29.959514
1168.662800   30.062702
1172.257500   30.166178
1175.863200   30.269935
1179.480000   30.373979
1183.107900   30.478308
1186.746900   30.582921
1190.397200   30.687828
1194.058700   30.793023
1197.731400   30.898505
1201.415500   31.004284
1205.110900   31.110352
1208.817600   31.216710
1212.535800   31.323366
1216.265400   31.430316
1220.006400   31.537556
1223.759000   31.645097
1227.523100   31.752932
1231.298800   31.861064
1235.086100   31.969491
1238.885000   32.078210
1242.695700   32.187222
1246.518000   32.296499
1250.352100   32.405998
1254.198100   32.515473
1258.055800   32.621754
1261.925400   32.714354
1265.806900   32.846706
1269.700300   32.958753
1273.605800   33.070458
1277.523200   33.182339
1281.452700   33.294492
1285.394200   33.406936
1289.347900   33.519690
1293.313800   33.632755
1297.291800   33.746128
1301.282100   33.859819
1305.284700   33.973828
1309.299500   34.088149
1313.326800   34.202797
1317.366400   34.317761
1321.418400   34.433045
1325.482900   34.548654
1329.559900   34.664585
1333.649400   34.780840
1337.751500   34.897422
1341.866300   35.014335
1345.993700   35.131572
1350.133700   35.249134
1354.286600   35.367035
1358.452200   35.485263
1362.630600   35.603823
1366.821800   35.722713
1371.026000   35.841944
1375.243100   35.961508
1379.473100   36.081406
1383.716200   36.201645
1387.972300   36.322221
1392.241500   36.443138
1396.523800   36.564393
1400.819300   36.685992
1405.128100   36.807940
1409.450000   36.930223
1413.785300   37.052858
1418.133900   37.175837
1422.495900   37.299166
1426.871300   37.422842
1431.260100   37.546866
1435.662500   37.671245
1440.078400   37.795975
1444.507900   37.921059
1448.951000   38.046497
1453.407700   38.172287
1457.878200   38.298438
1462.362400   38.424945
1466.860400   38.551806
1471.372300   38.679026
1475.898000   38.806604
1480.437700   38.934549
1484.991300   39.062854
1489.558900   39.191525
1494.140600   39.320564
1498.736400   39.449971
1503.346300   39.579745
1507.970300   39.709885
1512.608600   39.840399
1517.261200   39.971288
1521.928100   40.102549
1526.609300   40.234182
1531.305000   40.366197
1536.015000   40.498581
1540.739600   40.631349
1545.478700   40.764495
1550.232400   40.898024
1555.000700   41.031923
1559.783600   41.166109
1564.581300   41.300684
1569.393700   41.435642
1574.221000   41.570992
1579.063000   41.706722
1583.920000   41.842848
1588.791900   41.979363
1593.678800   42.116271
1598.580700   42.253571
1603.497800   42.391272
1608.429900   42.529362
1613.377200   42.667851
1618.339700   42.806738
1623.317500   42.946027
1628.310600   43.085715
1633.319000   43.225804
1638.342900   43.366301
1643.382200   43.507199
1648.437000   43.648504
1653.507400   43.790217
1658.593300   43.932331
1663.694900   44.074852
1668.812200   44.217766
1673.945200   44.360993
1679.094100   44.502203
1684.258700   44.648292
1689.439300   44.793634
1694.635700   44.938734
1699.848200   45.084204
1705.076700   45.230080
1710.321300   45.376374
1715.582000   45.523088
1720.858800   45.670222
1726.152000   45.817791
1731.461400   45.965783
1736.787100   46.114203
1742.129200   46.263054
1747.487700   46.412335
1752.862800   46.562056
1758.254300   46.712204
1763.662500   46.862796
1769.087200   47.013817
1774.528700   47.165284
1779.986900   47.317189
1785.461900   47.469537
1790.953700   47.622325
1796.462400   47.775559
1801.988100   47.929242
1807.530800   48.083373
1813.090500   48.237951
1818.667300   48.392978
1824.261200   48.548455
1829.872400   48.704390
1835.500800   48.860776
1841.146600   49.017626
1846.809700   49.174925
1852.490200   49.332689
1858.188200   49.490908
1863.903700   49.649592
1869.636800   49.808742
1875.387600   49.968357
1881.156000   50.128438
1886.942200   50.288984
1892.746100   50.449997
1898.567900   50.611486
1904.407700   50.773452
1910.265300   50.935883
1916.141100   51.098798
1922.034800   51.262184
1927.946700   51.426052
1933.876800   51.590398
1939.825200   51.755232
1945.791800   51.920175
1951.776800   52.085445
1957.780200   52.251203
1963.802000   52.417444
1969.842400   52.584183
1975.901300   52.751411
1981.978900   52.919133
1988.075200   53.087353
1994.190300   53.256069
2000.324100   53.425283
2006.476800   53.594997
2012.648400   53.765211
2018.839100   53.935931
2025.048700   54.107155
2031.277500   54.278886
2037.525400   54.451126
2043.792600   54.623878
2050.079000   54.797136
2056.384700   54.970910
2062.709900   55.145197
2069.054500   55.320004
2075.418600   55.495324
2081.802300   55.671162
2088.205600   55.847511
2094.628600   56.024335
2101.071400   55.953415
2107.534000   56.379679
2114.016500   56.558215
2120.518900   56.737220
2127.041300   56.916749
2133.583800   57.096808
2140.146400   57.277406
2146.729200   57.458533
2153.332200   57.640200
2159.955600   57.822413
2166.599300   58.005160
2173.263400   58.188448
2179.948100   58.372291
2186.653300   58.556671
2193.379100   58.741601
2200.125600   58.927084
2206.892900   59.113117
2213.681000   59.299703
2220.490000   59.486846
2227.319900   59.674546
2234.170800   59.862804
2241.042800   60.051620
2247.935900   60.240999
2254.850300   60.430946
2261.785900   60.621457
2268.742800   60.812536
2275.721100   61.004180
2282.720900   61.196398
2289.742200   61.389185
2296.785200   61.582558
2303.849700   61.776495
2310.936100   61.971018
2318.044200   62.166121
2325.174100   62.361800
2332.326100   62.558071
2339.500000   62.754923
2346.695900   62.952361
2353.914000   63.150386
2361.154300   63.349008
2368.416900   63.548223
2375.701800   63.748030
2383.009100   63.948435
2390.338900   64.149438
2397.691300   64.351045
2405.066200   64.553250
2412.463900   64.756060
2419.884300   64.959479
2427.327500   65.163501
2434.793600   65.368139
2442.282700   65.573387
2449.794800   65.779245
2457.330000   65.985718
2464.888400   66.192813
2472.470100   66.400528
2480.075000   66.608860
2487.703400   66.817818
2495.355200   67.027404
2503.030600   67.237611
2510.729500   67.448441
2518.452200   67.659750
2526.198600   67.871965
2533.968800   68.084763
2541.763000   68.298151
2549.581100   68.512167
2557.423200   68.726822
2565.289500   68.942127
2573.179900   69.158072
2581.094700   69.374666
2589.033800   69.591911
2596.997300   69.809802
2604.985200   70.028342
2612.997800   70.247550
2621.035000   70.467408
2629.097000   70.687929
2637.183700   70.909106
2645.295300   71.130951
2653.431800   71.353458
2661.593400   71.576638
2669.780100   71.800481
2677.992000   72.025003
2686.229100   72.250193
2694.491500   72.476057
2702.779400   72.702606
2711.092800   72.929835
2719.431700   73.157738
2727.796300   73.386331
2736.186600   73.615611
2744.602700   73.845575
2753.044800   74.076242
2761.512700   74.307589
2770.006700   74.539634
2778.526900   74.772380
2787.073200   75.005819
2795.645900   75.239966
2804.244900   75.474815
2812.870400   75.710368
2821.522300   75.946624
2830.201000   76.183605
2838.906200   76.421284
2847.638300   76.659683
2856.397200   76.898797
2865.183100   77.138632
2873.996000   77.379192
2882.836000   77.620472
2891.703200   77.862474
2900.597700   78.105212
2909.519500   78.348672
2918.468800   78.592870
2927.445600   78.837799
2936.450000   79.083442
2945.482100   79.329822
2954.542000   79.577021
2963.629700   79.824914
2972.745400   80.073551
2981.889200   80.322942
2991.061000   80.573078
3000.261100   80.823969
3009.489500   81.075616
3018.746300   81.328023
3028.031500   81.581186
3037.345300   81.835111
3046.687700   82.089797
3056.058900   82.345256
3065.458900   82.601487
3074.887800   82.858481
3084.345700   83.116253
3093.832700   83.374803
3103.348900   83.634133
3112.894400   83.894246
3122.469200   84.155139
3132.073500   84.416817
3141.707300   84.679285
3151.370800   84.942549
3161.063900   85.206598
3170.786900   85.471444
3180.539800   85.737092
3190.322700   86.003541
3200.135700   86.270793
3209.978800   86.538842
3219.852300   86.807710
3229.756100   87.077386
3239.690300   87.347870
3249.655200   87.619174
3259.650600   87.891292
3269.676900   88.164241
3279.733900   88.437999
3289.821900   88.712588
3299.941000   88.988013
3310.091100   89.264259
3320.272500   89.541342
3330.485200   89.819257
3340.729300   90.098015
3351.004900   90.377605
3361.312100   90.656771
3371.651000   90.939330
3382.021700   91.221466
3392.424300   91.504451
3402.859000   91.788291
3413.325700   92.072986
3423.824600   92.358542
3434.355800   92.644953
3444.919400   92.932236
3455.515400   93.220374
3466.144100   93.509391
3476.805500   93.799284
3487.499600   94.090040
3498.226700   94.381685
3508.986700   94.674198
3519.779900   94.967605
3530.606200   95.261891
3541.465900   95.557067
3552.358900   95.853133
3563.285500   96.150095
3574.245600   96.447948
3585.239500   96.746702
3596.267200   97.046357
3607.328800   97.346920
3618.424400   97.648386
3629.554200   97.950764
3640.718200   98.254056
3651.916500   98.558261
3663.149300   98.863386
3674.416600   99.169430
3685.718600   99.476399
3697.055300   99.784288
3708.427000   100.093119
3719.833600   100.402876
3731.275200   100.713558
3742.752100   101.025189
3754.264300   101.337762
3765.811900   101.651272
3777.395000   101.965721
3789.013700   102.281134
3800.668200   102.597501
3812.358500   102.914818
3824.084800   103.233089
3835.847100   103.552321
3847.645600   103.872519
3859.480400   104.193678
3871.351600   104.515814
3883.259400   104.838922
3895.203700   105.162998
3907.184800   105.488057
3919.202800   105.814099
3931.257700   106.141120
3943.349700   106.469131
3955.478800   106.798126
3967.645300   107.128122
3979.849300   107.459113
3992.090700   107.791101
4004.369800   108.124090
4016.686700   108.458086
4029.041400   108.793085
4041.434200   109.129101
4053.865100   109.466131
4066.334200   109.804175
4078.841700   110.143238
4091.387600   110.483326
4103.972100   110.824439
4116.595400   111.166583
4129.257400   111.509758
4141.958400   111.853970
4154.698500   112.199218
4167.477800   112.545510
4180.296300   112.892844
4193.154300   113.241227
4206.051900   113.590653
4218.989100   113.941154
4231.966100   114.292695
4244.983000   114.645302
4258.040000   114.998974
4271.137100   115.353712
4284.274500   115.709517
4297.452400   116.066400
4310.670700   116.424356
4323.929700   116.783389
4337.229500   117.143506
4350.570200   117.504713
4363.951900   117.867004
4377.374800   118.230391
4390.839000   118.594873
4404.344600   118.960451
4417.891800   119.327136
4431.480600   119.694924
4445.111200   120.063823
4458.783700   120.433826
4472.498300   120.804953
4486.255100   121.177199
4500.054100   121.550559
4513.895700   121.925050
4527.779800   122.300667
4541.706600   122.677419
4555.676200   123.055303
4569.688800   123.434325
4583.744600   123.814494
4597.843500   124.195802
4611.985800   124.578263
4626.171600   124.961868
4640.401100   125.346644
4654.674300   125.732569
4668.991400   126.119661
4683.352600   126.507914
4697.757900   126.897338
4712.207500   127.287930
4726.701600   127.679706
4741.240300   128.072659
4755.823600   128.466786
4770.451900   128.862114
4785.125100   129.258621
4799.843500   129.656329
4814.607100   130.055228
4829.416200   130.455334
4844.270800   130.856637
4859.171100   131.259152
4874.117200   131.662871
4889.109300   132.067814
4904.147500   132.473967
4919.231900   132.881344
4934.362800   133.289947
4949.540200   133.699781
4964.764300   134.110846
4980.035200   134.523144
4995.353100   134.936685
5010.718100   135.351469
5026.130300   135.767496
5041.590000   136.184728
5057.097200   136.603311
5072.652100   137.023099
5088.254900   137.444158
5103.905600   137.866468
5119.604500   138.290056
5135.351700   138.714917
5151.147300   139.141051
5166.991500   139.568465
5182.884400   139.997158
5198.826200   140.427141
5214.817100   140.858420
5230.857100   141.290990
5246.946500   141.724858
5263.085400   142.160028
5279.273900   142.596506
5295.512200   143.034287
5311.800400   143.473383
5328.138700   143.913799
5344.527300   144.355530
5360.966300   144.798593
5377.455900   145.242983
5393.996200   145.688704
5410.587400   146.135759
5427.229600   146.584157
5443.923000   147.033900
5460.667700   147.484972
5477.463900   147.937419
5494.311800   148.391212
5511.211600   148.846368
5528.163300   149.302885
5545.167100   149.760765
5562.223300   150.220019
5579.331900   150.680647
5596.493100   151.142650
5613.707100   151.606038
5630.974100   152.070812
5648.294200   152.536978
5665.667500   153.004530
5683.094300   153.473486
5700.574700   153.943846
5718.108800   154.415609
5735.696900   154.888783
5753.339100   155.363367
5771.035600   155.839377
5788.786500   156.316804
5806.591900   156.795653
5824.452200   157.275936
5842.367400   157.757642
5860.337700   158.240787
5878.363200   158.725368
5896.444300   159.211405
5914.580900   159.698887
5932.773300   160.187822
5951.021700   160.678215
5969.326200   161.170071
5987.687000   161.663391
6006.104200   162.158176
6024.578100   162.654441
6043.108900   163.152188
6061.696600   163.651411
6080.341600   164.152127
6099.043800   164.654326
6117.803600   165.158019
6136.621100   165.663216
6155.496500   166.169914
6174.429900   166.678117
6193.421600   167.187833
6212.471700   167.699065
6231.580400   168.211811
6250.747800   168.726080
6269.974200   169.241879
6289.259800   169.759214
6308.604600   170.278078
6328.009000   170.798485
6347.473100   171.320439
6366.997000   171.843936
6386.581000   172.368987
6406.225200   172.895597
6425.929800   173.423762
6445.695100   173.953498
6465.521100   174.484796
6485.408100   175.017671
6505.356300   175.552125
6525.365900   176.088158
6545.437000   176.625780
6565.569800   177.164987
6585.764600   177.705790
6606.021500   178.248196
6626.340600   178.792193
6646.722300   179.337810
6667.166700   179.885030
6687.674000   180.433871
6708.244300   180.984327
6728.877900   181.536404
6749.575000   182.090113
6770.335700   182.645451
6791.160300   183.202432
6812.048900   183.761042
6833.001800   184.321308
6854.019200   184.883220
6875.101200   185.446784
6896.248000   186.012000
6917.459900   186.578885
6938.737000   187.147433
6960.079600   187.717652
6981.487800   188.289542
7002.961900   188.863113
7024.502000   189.438366
7046.108300   190.015303
7067.781200   190.593938
7089.520700   191.174264
7111.327000   191.756285
7133.200400   192.340012
7155.141200   192.925452
7177.149400   193.512604
7199.225200   194.101461
7221.369000   194.692047
7243.580900   195.284358
7265.861200   195.878397
7288.209900   196.474167
7310.627400   197.071675
7333.113900   197.670928
7355.669500   198.271919
7378.294500   198.874667
7400.989100   199.479161
7423.753500   200.085417
7446.587900   200.693436
7469.492500   201.303215
7492.467600   201.914768
7515.513400   202.528097
7538.630000   203.143197
7561.817800   203.760085
7585.076900   204.378762
7608.407500   204.999222
7631.809900   205.621478
7655.284200   206.245529
7678.830800   206.871388
7702.449800   207.499054
7726.141400   208.128524
7749.906000   208.759819
7773.743600   209.392919
7797.654500   210.027846
7821.639000   210.664600
7845.697200   211.303182
7869.829500   211.943598
7894.035900   212.585849
7918.316900   213.229947
7942.672500   213.875881
7967.103000   214.523668
7991.608700   215.173309
8016.189800   215.824805
8040.846400   216.478156
8065.578900   217.133374
8090.387500   217.790460
8115.272400   218.449414
8140.233800   219.110238
8165.272000   219.772947
8190.387200   220.437528
8215.579700   221.104002
8240.849600   221.772358
8266.197300   222.442609
8291.623000   223.114756
8317.126800   223.788794
8342.709100   224.464735
8368.370100   225.142579
8394.110000   225.822332
8419.929100   226.503996
8445.827600   227.187571
8471.805800   227.873064
8497.863900   228.560476
8524.002100   229.249812
8550.220700   229.941069
8576.520000   230.634257
8602.900100   231.329368
8629.361400   232.026418
8655.904100   232.725403
8682.528500   233.426329
8709.234700   234.129191
8736.023100   234.833998
8762.893800   235.540747
8789.847200   236.249443
8816.883600   236.960095
8844.003000   237.672689
8871.205900   238.387242
8898.492500   239.103750
8925.863000   239.822214
8953.317700   240.542639
8980.856800   241.265018
9008.480700   241.989367
9036.189500   242.715676
9063.983500   243.443946
9091.863000   244.174179
9119.828300   244.906387
9147.879600   245.640555
9176.017200   246.376694
9204.241300   247.114801
9232.552200   247.854872
9260.950300   248.596923
9289.435600   249.340936
9318.008600   250.086921
9346.669500   250.834875
9375.418500   251.584795
9404.256000   252.336686
9433.182100   253.090540
9462.197300   253.846368
9491.301600   254.604156
9520.495500   255.363912
9549.779200   256.125630
9579.153000   256.889314
9608.617100   257.654948
9638.171800   258.422544
9667.817500   259.192095
9697.554300   259.963595
9727.382600   260.737048
9757.302700   261.512448
9787.314700   262.289783
9817.419100   263.069064
9847.616100   263.850278
9877.906000   264.633422
9908.289000   265.418485
9938.765500   266.205472
9969.335700   266.994372
10000.000000   267.785188
