   0.0000000e+00   0.0000000e+00
   1.0000000e-01   3.6541317e-04
   2.0000000e-01   1.5484974e-03
   3.0000000e-01   3.4886353e-03
   4.0000000e-01   5.9860227e-03
   5.0000000e-01   8.7972382e-03
   6.0000000e-01   1.1691785e-02
   7.0000000e-01   1.4476852e-02
   8.0000000e-01   1.7006926e-02
   9.0000000e-01   1.9187223e-02
   1.0000000e+00   2.0959685e-02
   1.1000000e+00   2.2306531e-02
   1.2000000e+00   2.3230445e-02
   1.3000000e+00   2.3759739e-02
   1.4000000e+00   2.3932981e-02
   1.5000000e+00   2.3791805e-02
   1.6000000e+00   2.3391939e-02
   1.7000000e+00   2.2774811e-02
   1.8000000e+00   2.1991839e-02
   1.9000000e+00   2.1080989e-02
   2.0000000e+00   2.0085800e-02
   2.1000000e+00   1.9038593e-02
   2.2000000e+00   1.7962007e-02
   2.3000000e+00   1.6881134e-02
   2.4000000e+00   1.5814553e-02
   2.5000000e+00   1.4774540e-02
   2.6000000e+00   1.3770426e-02
   2.7000000e+00   1.2809351e-02
   2.8000000e+00   1.1896273e-02
   2.9000000e+00   1.1034464e-02
   3.0000000e+00   1.0224446e-02
   
