   0.0000000e+00   0.0000000e+00
   1.0000000e-01   3.6189698e-04
   2.0000000e-01   1.5082651e-03
   3.0000000e-01   3.3191217e-03
   4.0000000e-01   5.5278036e-03
   5.0000000e-01   7.8416673e-03
   6.0000000e-01   1.0014981e-02
   7.0000000e-01   1.1876578e-02
   8.0000000e-01   1.3333568e-02
   9.0000000e-01   1.4361619e-02
   1.0000000e+00   1.4978644e-02
   1.1000000e+00   1.5234460e-02
   1.2000000e+00   1.5189602e-02
   1.3000000e+00   1.4908531e-02
   1.4000000e+00   1.4451135e-02
   1.5000000e+00   1.3867807e-02
   1.6000000e+00   1.3204268e-02
   1.7000000e+00   1.2493346e-02
   1.8000000e+00   1.1761790e-02
   1.9000000e+00   1.1029848e-02
   2.0000000e+00   1.0312958e-02
   2.1000000e+00   9.6185108e-03
   2.2000000e+00   8.9565368e-03
   2.3000000e+00   8.3277618e-03
   2.4000000e+00   7.7354729e-03
   2.5000000e+00   7.1805609e-03
   2.6000000e+00   6.6626849e-03
   2.7000000e+00   6.1808784e-03
   2.8000000e+00   5.7336416e-03
   2.9000000e+00   5.3192417e-03
   3.0000000e+00   4.9352549e-03

