   0.0000000e+00   0.0000000e+00
   1.0000000e-01   3.5816758e-04
   2.0000000e-01   1.5056881e-03
   3.0000000e-01   3.3865561e-03
   4.0000000e-01   5.8270338e-03
   5.0000000e-01   8.6192729e-03
   6.0000000e-01   1.1568624e-02
   7.0000000e-01   1.4512858e-02
   8.0000000e-01   1.7327880e-02
   9.0000000e-01   1.9927683e-02
   1.0000000e+00   2.2253407e-02
   1.1000000e+00   2.4273614e-02
   1.2000000e+00   2.5969543e-02
   1.3000000e+00   2.7339660e-02
   1.4000000e+00   2.8388330e-02
   1.5000000e+00   2.9122476e-02
   1.6000000e+00   2.9560024e-02
   1.7000000e+00   2.9708754e-02
   1.8000000e+00   2.9591695e-02
   1.9000000e+00   2.9217908e-02
   2.0000000e+00   2.8614124e-02
   2.1000000e+00   2.7811110e-02
   2.2000000e+00   2.6807440e-02
   2.3000000e+00   2.5648752e-02
   2.4000000e+00   2.4362787e-02
   2.5000000e+00   2.2973034e-02
   2.6000000e+00   2.1505389e-02
   2.7000000e+00   1.9988424e-02
   2.8000000e+00   1.8452360e-02
   2.9000000e+00   1.6927800e-02
   3.0000000e+00   1.5440892e-02
   
