   0.0000000e+00   0.0000000e+00
   1.0000000e-01   3.0652625e-04
   2.0000000e-01   1.1807159e-03
   3.0000000e-01   2.5254145e-03
   4.0000000e-01   4.2276605e-03
   5.0000000e-01   6.1766142e-03
   6.0000000e-01   8.2702405e-03
   7.0000000e-01   1.0417927e-02
   8.0000000e-01   1.2540854e-02
   9.0000000e-01   1.4571858e-02
   1.0000000e+00   1.6457274e-02
   1.1000000e+00   1.8155744e-02
   1.2000000e+00   1.9639645e-02
   1.3000000e+00   2.0892875e-02
   1.4000000e+00   2.1911105e-02
   1.5000000e+00   2.2695412e-02
   1.6000000e+00   2.3260764e-02
   1.7000000e+00   2.3617156e-02
   1.8000000e+00   2.3786083e-02
   1.9000000e+00   2.3783377e-02
   2.0000000e+00   2.3634559e-02
   2.1000000e+00   2.3361848e-02
   2.2000000e+00   2.2976229e-02
   2.3000000e+00   2.2502520e-02
   2.4000000e+00   2.1958509e-02
   2.5000000e+00   2.1356977e-02
   2.6000000e+00   2.0709594e-02
   2.7000000e+00   2.0027356e-02
   2.8000000e+00   1.9320395e-02
   2.9000000e+00   1.8598680e-02
   3.0000000e+00   1.7870216e-02
   
